,artist_uri,related_uri,cluster
0,spotify:artist:4W1poTLCG6XjhBUVehcaMB,spotify:artist:6uHjKRsYGaElOrKWlSEji3,1
1,spotify:artist:4W1poTLCG6XjhBUVehcaMB,spotify:artist:1XW5L5zIBqMw7sqkkuIi5n,1
2,spotify:artist:4W1poTLCG6XjhBUVehcaMB,spotify:artist:0qt6QSruHshcWT9QOzyfZp,1
3,spotify:artist:4W1poTLCG6XjhBUVehcaMB,spotify:artist:7EFfGZiKL1Ud3cspnlMq4H,1
4,spotify:artist:4W1poTLCG6XjhBUVehcaMB,spotify:artist:339qxEdD8z8okRAiTp1HKf,1
5,spotify:artist:4W1poTLCG6XjhBUVehcaMB,spotify:artist:2Lhs0asnFQiLuntn3s8p78,1
6,spotify:artist:4W1poTLCG6XjhBUVehcaMB,spotify:artist:4yvuCAFk8vERXXBf138h8S,1
7,spotify:artist:4W1poTLCG6XjhBUVehcaMB,spotify:artist:2zTCLiQ8OUIWEyV6eZWzFy,1
8,spotify:artist:4W1poTLCG6XjhBUVehcaMB,spotify:artist:2GATzeg62cr6sH29wSOVWe,1
9,spotify:artist:4W1poTLCG6XjhBUVehcaMB,spotify:artist:1CgvL3gASrnuI8SKXr8K7F,1
10,spotify:artist:4W1poTLCG6XjhBUVehcaMB,spotify:artist:2oAKV8mT3NB1hZbGbGcdYB,1
11,spotify:artist:4W1poTLCG6XjhBUVehcaMB,spotify:artist:0O0g9JMOVNoIgLG6dgaYMY,1
12,spotify:artist:4W1poTLCG6XjhBUVehcaMB,spotify:artist:2dxi3wnJ9h9kNioaWyIpYd,1
13,spotify:artist:4W1poTLCG6XjhBUVehcaMB,spotify:artist:3dmSPhg0tdao8ePj4pySJ5,1
14,spotify:artist:4W1poTLCG6XjhBUVehcaMB,spotify:artist:5lQ9ygSr6WMqXYsG00nNNY,1
15,spotify:artist:4W1poTLCG6XjhBUVehcaMB,spotify:artist:7tfS18oUEffScrxryTgwyC,1
16,spotify:artist:4W1poTLCG6XjhBUVehcaMB,spotify:artist:0TeVWuc8Sw05X4Qkl3AA5r,1
17,spotify:artist:4W1poTLCG6XjhBUVehcaMB,spotify:artist:5GIfMirlXQh4saiInbfRwm,1
18,spotify:artist:4W1poTLCG6XjhBUVehcaMB,spotify:artist:2zAvisjImPICTNsRgagqlV,1
19,spotify:artist:4W1poTLCG6XjhBUVehcaMB,spotify:artist:0M02NJYkmh4eYhsKVAgVbJ,1
0,spotify:artist:6uHjKRsYGaElOrKWlSEji3,spotify:artist:4W1poTLCG6XjhBUVehcaMB,2
1,spotify:artist:6uHjKRsYGaElOrKWlSEji3,spotify:artist:2GATzeg62cr6sH29wSOVWe,2
2,spotify:artist:6uHjKRsYGaElOrKWlSEji3,spotify:artist:0qt6QSruHshcWT9QOzyfZp,2
3,spotify:artist:6uHjKRsYGaElOrKWlSEji3,spotify:artist:339qxEdD8z8okRAiTp1HKf,2
4,spotify:artist:6uHjKRsYGaElOrKWlSEji3,spotify:artist:7EFfGZiKL1Ud3cspnlMq4H,2
5,spotify:artist:6uHjKRsYGaElOrKWlSEji3,spotify:artist:1XW5L5zIBqMw7sqkkuIi5n,2
6,spotify:artist:6uHjKRsYGaElOrKWlSEji3,spotify:artist:5lQ9ygSr6WMqXYsG00nNNY,2
7,spotify:artist:6uHjKRsYGaElOrKWlSEji3,spotify:artist:2Lhs0asnFQiLuntn3s8p78,2
8,spotify:artist:6uHjKRsYGaElOrKWlSEji3,spotify:artist:31ir0nQWMLTowZmZO8CiBw,2
9,spotify:artist:6uHjKRsYGaElOrKWlSEji3,spotify:artist:2zTCLiQ8OUIWEyV6eZWzFy,2
10,spotify:artist:6uHjKRsYGaElOrKWlSEji3,spotify:artist:7IDrRpDz0cOuUVC32c8PKD,2
11,spotify:artist:6uHjKRsYGaElOrKWlSEji3,spotify:artist:1CgvL3gASrnuI8SKXr8K7F,2
12,spotify:artist:6uHjKRsYGaElOrKWlSEji3,spotify:artist:2dxi3wnJ9h9kNioaWyIpYd,2
13,spotify:artist:6uHjKRsYGaElOrKWlSEji3,spotify:artist:0O0g9JMOVNoIgLG6dgaYMY,2
14,spotify:artist:6uHjKRsYGaElOrKWlSEji3,spotify:artist:4yvuCAFk8vERXXBf138h8S,2
15,spotify:artist:6uHjKRsYGaElOrKWlSEji3,spotify:artist:60CBjmRpwr02JwAd3Ho25U,2
16,spotify:artist:6uHjKRsYGaElOrKWlSEji3,spotify:artist:0wz0jO9anccPzH04N7FLBH,2
17,spotify:artist:6uHjKRsYGaElOrKWlSEji3,spotify:artist:1555UFA4CyCnJEzCKikGHe,2
18,spotify:artist:6uHjKRsYGaElOrKWlSEji3,spotify:artist:6paRdA1dkAEb0dWcIS4TOp,2
19,spotify:artist:6uHjKRsYGaElOrKWlSEji3,spotify:artist:2l7DkzVuYJW700mR7r43un,2
20,spotify:artist:1XW5L5zIBqMw7sqkkuIi5n,spotify:artist:5lQ9ygSr6WMqXYsG00nNNY,2
21,spotify:artist:1XW5L5zIBqMw7sqkkuIi5n,spotify:artist:2GATzeg62cr6sH29wSOVWe,2
22,spotify:artist:1XW5L5zIBqMw7sqkkuIi5n,spotify:artist:0qt6QSruHshcWT9QOzyfZp,2
23,spotify:artist:1XW5L5zIBqMw7sqkkuIi5n,spotify:artist:6uHjKRsYGaElOrKWlSEji3,2
24,spotify:artist:1XW5L5zIBqMw7sqkkuIi5n,spotify:artist:0wz0jO9anccPzH04N7FLBH,2
25,spotify:artist:1XW5L5zIBqMw7sqkkuIi5n,spotify:artist:70gvc4NvTwgBpEB1goYy8z,2
26,spotify:artist:1XW5L5zIBqMw7sqkkuIi5n,spotify:artist:4W1poTLCG6XjhBUVehcaMB,2
27,spotify:artist:1XW5L5zIBqMw7sqkkuIi5n,spotify:artist:2Lhs0asnFQiLuntn3s8p78,2
28,spotify:artist:1XW5L5zIBqMw7sqkkuIi5n,spotify:artist:1555UFA4CyCnJEzCKikGHe,2
29,spotify:artist:1XW5L5zIBqMw7sqkkuIi5n,spotify:artist:4HEIKb9PGw8MG7Am50ev98,2
30,spotify:artist:1XW5L5zIBqMw7sqkkuIi5n,spotify:artist:339qxEdD8z8okRAiTp1HKf,2
31,spotify:artist:1XW5L5zIBqMw7sqkkuIi5n,spotify:artist:4tBNwdhdWAXGzzaPTp9dRE,2
32,spotify:artist:1XW5L5zIBqMw7sqkkuIi5n,spotify:artist:7EFfGZiKL1Ud3cspnlMq4H,2
33,spotify:artist:1XW5L5zIBqMw7sqkkuIi5n,spotify:artist:3dmSPhg0tdao8ePj4pySJ5,2
34,spotify:artist:1XW5L5zIBqMw7sqkkuIi5n,spotify:artist:2lnVaJjmDvrFi3Pyf1sGxI,2
35,spotify:artist:1XW5L5zIBqMw7sqkkuIi5n,spotify:artist:3uQ5cxFHxXddqPL58egs1z,2
36,spotify:artist:1XW5L5zIBqMw7sqkkuIi5n,spotify:artist:2oAKV8mT3NB1hZbGbGcdYB,2
37,spotify:artist:1XW5L5zIBqMw7sqkkuIi5n,spotify:artist:0BFRrMqOHuc1fxGWXMinHd,2
38,spotify:artist:1XW5L5zIBqMw7sqkkuIi5n,spotify:artist:4G0XDEk7RbA4BBCTs917U9,2
39,spotify:artist:1XW5L5zIBqMw7sqkkuIi5n,spotify:artist:6g8Jqb5JMfv92eB2r0awTN,2
40,spotify:artist:0qt6QSruHshcWT9QOzyfZp,spotify:artist:4G0XDEk7RbA4BBCTs917U9,2
41,spotify:artist:0qt6QSruHshcWT9QOzyfZp,spotify:artist:2GATzeg62cr6sH29wSOVWe,2
42,spotify:artist:0qt6QSruHshcWT9QOzyfZp,spotify:artist:4tBNwdhdWAXGzzaPTp9dRE,2
43,spotify:artist:0qt6QSruHshcWT9QOzyfZp,spotify:artist:3uQ5cxFHxXddqPL58egs1z,2
44,spotify:artist:0qt6QSruHshcWT9QOzyfZp,spotify:artist:79JJCxCCfJ8HufX6w8q2k4,2
45,spotify:artist:0qt6QSruHshcWT9QOzyfZp,spotify:artist:2k07pWgpJiFIbb9q1yJ36B,2
46,spotify:artist:0qt6QSruHshcWT9QOzyfZp,spotify:artist:2l7DkzVuYJW700mR7r43un,2
47,spotify:artist:0qt6QSruHshcWT9QOzyfZp,spotify:artist:2zAvisjImPICTNsRgagqlV,2
48,spotify:artist:0qt6QSruHshcWT9QOzyfZp,spotify:artist:2ajVJyxI4sHmTMtTA3ENko,2
49,spotify:artist:0qt6QSruHshcWT9QOzyfZp,spotify:artist:5pYsvK3zKJT4wzt2L399H4,2
50,spotify:artist:0qt6QSruHshcWT9QOzyfZp,spotify:artist:2Lhs0asnFQiLuntn3s8p78,2
51,spotify:artist:0qt6QSruHshcWT9QOzyfZp,spotify:artist:0wz0jO9anccPzH04N7FLBH,2
52,spotify:artist:0qt6QSruHshcWT9QOzyfZp,spotify:artist:5lQ9ygSr6WMqXYsG00nNNY,2
53,spotify:artist:0qt6QSruHshcWT9QOzyfZp,spotify:artist:6uHjKRsYGaElOrKWlSEji3,2
54,spotify:artist:0qt6QSruHshcWT9QOzyfZp,spotify:artist:7EFfGZiKL1Ud3cspnlMq4H,2
55,spotify:artist:0qt6QSruHshcWT9QOzyfZp,spotify:artist:6TTJ0xLPPNDyv4bXyukzU4,2
56,spotify:artist:0qt6QSruHshcWT9QOzyfZp,spotify:artist:2EEw2tt8AJcH9qXUeB96Oc,2
57,spotify:artist:0qt6QSruHshcWT9QOzyfZp,spotify:artist:7gqsi6aBSkRMJoL9psKqMr,2
58,spotify:artist:0qt6QSruHshcWT9QOzyfZp,spotify:artist:2oAKV8mT3NB1hZbGbGcdYB,2
59,spotify:artist:0qt6QSruHshcWT9QOzyfZp,spotify:artist:1555UFA4CyCnJEzCKikGHe,2
60,spotify:artist:7EFfGZiKL1Ud3cspnlMq4H,spotify:artist:4tBNwdhdWAXGzzaPTp9dRE,2
61,spotify:artist:7EFfGZiKL1Ud3cspnlMq4H,spotify:artist:339qxEdD8z8okRAiTp1HKf,2
62,spotify:artist:7EFfGZiKL1Ud3cspnlMq4H,spotify:artist:3uQ5cxFHxXddqPL58egs1z,2
63,spotify:artist:7EFfGZiKL1Ud3cspnlMq4H,spotify:artist:2oAKV8mT3NB1hZbGbGcdYB,2
64,spotify:artist:7EFfGZiKL1Ud3cspnlMq4H,spotify:artist:2k07pWgpJiFIbb9q1yJ36B,2
65,spotify:artist:7EFfGZiKL1Ud3cspnlMq4H,spotify:artist:2Lhs0asnFQiLuntn3s8p78,2
66,spotify:artist:7EFfGZiKL1Ud3cspnlMq4H,spotify:artist:2l7DkzVuYJW700mR7r43un,2
67,spotify:artist:7EFfGZiKL1Ud3cspnlMq4H,spotify:artist:2zAvisjImPICTNsRgagqlV,2
68,spotify:artist:7EFfGZiKL1Ud3cspnlMq4H,spotify:artist:6MnQV8O2R0Oci41F4HLB59,2
69,spotify:artist:7EFfGZiKL1Ud3cspnlMq4H,spotify:artist:2EEw2tt8AJcH9qXUeB96Oc,2
70,spotify:artist:7EFfGZiKL1Ud3cspnlMq4H,spotify:artist:2ajVJyxI4sHmTMtTA3ENko,2
71,spotify:artist:7EFfGZiKL1Ud3cspnlMq4H,spotify:artist:0qt6QSruHshcWT9QOzyfZp,2
72,spotify:artist:7EFfGZiKL1Ud3cspnlMq4H,spotify:artist:6uHjKRsYGaElOrKWlSEji3,2
73,spotify:artist:7EFfGZiKL1Ud3cspnlMq4H,spotify:artist:2zTCLiQ8OUIWEyV6eZWzFy,2
74,spotify:artist:7EFfGZiKL1Ud3cspnlMq4H,spotify:artist:6M5FR3JkFFVDkgwtO6Vtz6,2
75,spotify:artist:7EFfGZiKL1Ud3cspnlMq4H,spotify:artist:3Rdkj77BOQHj5dTLveCJvI,2
76,spotify:artist:7EFfGZiKL1Ud3cspnlMq4H,spotify:artist:64tVHZVSAZhDEiOJxnb6hE,2
77,spotify:artist:7EFfGZiKL1Ud3cspnlMq4H,spotify:artist:3mv2eHwrIONSkviASDMRMa,2
78,spotify:artist:7EFfGZiKL1Ud3cspnlMq4H,spotify:artist:7gqsi6aBSkRMJoL9psKqMr,2
79,spotify:artist:7EFfGZiKL1Ud3cspnlMq4H,spotify:artist:6Jg1WSoV27sDj7N2WRFPqo,2
80,spotify:artist:339qxEdD8z8okRAiTp1HKf,spotify:artist:2oAKV8mT3NB1hZbGbGcdYB,2
81,spotify:artist:339qxEdD8z8okRAiTp1HKf,spotify:artist:6MnQV8O2R0Oci41F4HLB59,2
82,spotify:artist:339qxEdD8z8okRAiTp1HKf,spotify:artist:3Rdkj77BOQHj5dTLveCJvI,2
83,spotify:artist:339qxEdD8z8okRAiTp1HKf,spotify:artist:2zTCLiQ8OUIWEyV6eZWzFy,2
84,spotify:artist:339qxEdD8z8okRAiTp1HKf,spotify:artist:2Lhs0asnFQiLuntn3s8p78,2
85,spotify:artist:339qxEdD8z8okRAiTp1HKf,spotify:artist:5tgz5nUmXzQkGo7i0RczvC,2
86,spotify:artist:339qxEdD8z8okRAiTp1HKf,spotify:artist:7EFfGZiKL1Ud3cspnlMq4H,2
87,spotify:artist:339qxEdD8z8okRAiTp1HKf,spotify:artist:2k07pWgpJiFIbb9q1yJ36B,2
88,spotify:artist:339qxEdD8z8okRAiTp1HKf,spotify:artist:08w6KQXL60XUftg3Ds3177,2
89,spotify:artist:339qxEdD8z8okRAiTp1HKf,spotify:artist:72PnPUc1qv9UjRPaGVZ1jq,2
90,spotify:artist:339qxEdD8z8okRAiTp1HKf,spotify:artist:1OmdWpAh1pucAuZPzJaxIJ,2
91,spotify:artist:339qxEdD8z8okRAiTp1HKf,spotify:artist:188gwh9RnRT58ZQPwqwHE3,2
92,spotify:artist:339qxEdD8z8okRAiTp1HKf,spotify:artist:70gvc4NvTwgBpEB1goYy8z,2
93,spotify:artist:339qxEdD8z8okRAiTp1HKf,spotify:artist:6uHjKRsYGaElOrKWlSEji3,2
94,spotify:artist:339qxEdD8z8okRAiTp1HKf,spotify:artist:3uQ5cxFHxXddqPL58egs1z,2
95,spotify:artist:339qxEdD8z8okRAiTp1HKf,spotify:artist:2zAvisjImPICTNsRgagqlV,2
96,spotify:artist:339qxEdD8z8okRAiTp1HKf,spotify:artist:4tBNwdhdWAXGzzaPTp9dRE,2
97,spotify:artist:339qxEdD8z8okRAiTp1HKf,spotify:artist:0TeVWuc8Sw05X4Qkl3AA5r,2
98,spotify:artist:339qxEdD8z8okRAiTp1HKf,spotify:artist:6M5FR3JkFFVDkgwtO6Vtz6,2
99,spotify:artist:339qxEdD8z8okRAiTp1HKf,spotify:artist:3x0LgZSPgNh91O6NBMtqTs,2
100,spotify:artist:2Lhs0asnFQiLuntn3s8p78,spotify:artist:339qxEdD8z8okRAiTp1HKf,2
101,spotify:artist:2Lhs0asnFQiLuntn3s8p78,spotify:artist:2oAKV8mT3NB1hZbGbGcdYB,2
102,spotify:artist:2Lhs0asnFQiLuntn3s8p78,spotify:artist:2zAvisjImPICTNsRgagqlV,2
103,spotify:artist:2Lhs0asnFQiLuntn3s8p78,spotify:artist:2l7DkzVuYJW700mR7r43un,2
104,spotify:artist:2Lhs0asnFQiLuntn3s8p78,spotify:artist:3uQ5cxFHxXddqPL58egs1z,2
105,spotify:artist:2Lhs0asnFQiLuntn3s8p78,spotify:artist:2k07pWgpJiFIbb9q1yJ36B,2
106,spotify:artist:2Lhs0asnFQiLuntn3s8p78,spotify:artist:7EFfGZiKL1Ud3cspnlMq4H,2
107,spotify:artist:2Lhs0asnFQiLuntn3s8p78,spotify:artist:3dmSPhg0tdao8ePj4pySJ5,2
108,spotify:artist:2Lhs0asnFQiLuntn3s8p78,spotify:artist:79JJCxCCfJ8HufX6w8q2k4,2
109,spotify:artist:2Lhs0asnFQiLuntn3s8p78,spotify:artist:0qt6QSruHshcWT9QOzyfZp,2
110,spotify:artist:2Lhs0asnFQiLuntn3s8p78,spotify:artist:7gqsi6aBSkRMJoL9psKqMr,2
111,spotify:artist:2Lhs0asnFQiLuntn3s8p78,spotify:artist:2ajVJyxI4sHmTMtTA3ENko,2
112,spotify:artist:2Lhs0asnFQiLuntn3s8p78,spotify:artist:2EEw2tt8AJcH9qXUeB96Oc,2
113,spotify:artist:2Lhs0asnFQiLuntn3s8p78,spotify:artist:4G0XDEk7RbA4BBCTs917U9,2
114,spotify:artist:2Lhs0asnFQiLuntn3s8p78,spotify:artist:70gvc4NvTwgBpEB1goYy8z,2
115,spotify:artist:2Lhs0asnFQiLuntn3s8p78,spotify:artist:2rDxtYUzTAYJJE3Bl3Z5IN,2
116,spotify:artist:2Lhs0asnFQiLuntn3s8p78,spotify:artist:1OmdWpAh1pucAuZPzJaxIJ,2
117,spotify:artist:2Lhs0asnFQiLuntn3s8p78,spotify:artist:2zTCLiQ8OUIWEyV6eZWzFy,2
118,spotify:artist:2Lhs0asnFQiLuntn3s8p78,spotify:artist:4ePunOqQbOYoQwd1298g3Z,2
119,spotify:artist:2Lhs0asnFQiLuntn3s8p78,spotify:artist:4yvuCAFk8vERXXBf138h8S,2
120,spotify:artist:4yvuCAFk8vERXXBf138h8S,spotify:artist:7tfS18oUEffScrxryTgwyC,2
121,spotify:artist:4yvuCAFk8vERXXBf138h8S,spotify:artist:4HCubdy7diarb4KZo8etrq,2
122,spotify:artist:4yvuCAFk8vERXXBf138h8S,spotify:artist:2kTn692duPSkqN6czSilyk,2
123,spotify:artist:4yvuCAFk8vERXXBf138h8S,spotify:artist:5CXWXFfhDhFN5uzbfUwAKt,2
124,spotify:artist:4yvuCAFk8vERXXBf138h8S,spotify:artist:1cMcFL2NdeUDYg0OtD1GeA,2
125,spotify:artist:4yvuCAFk8vERXXBf138h8S,spotify:artist:71erjwGhr3OtCqtmKuy7qr,2
126,spotify:artist:4yvuCAFk8vERXXBf138h8S,spotify:artist:0O0g9JMOVNoIgLG6dgaYMY,2
127,spotify:artist:4yvuCAFk8vERXXBf138h8S,spotify:artist:6ktzu3KxlqOqd3eKnqTCyb,2
128,spotify:artist:4yvuCAFk8vERXXBf138h8S,spotify:artist:5Qlt3zQ63Z99mNhuun0JAT,2
129,spotify:artist:4yvuCAFk8vERXXBf138h8S,spotify:artist:2Lhs0asnFQiLuntn3s8p78,2
130,spotify:artist:4yvuCAFk8vERXXBf138h8S,spotify:artist:339qxEdD8z8okRAiTp1HKf,2
131,spotify:artist:4yvuCAFk8vERXXBf138h8S,spotify:artist:2YvNi4oPdBgD45gc1UycxW,2
132,spotify:artist:4yvuCAFk8vERXXBf138h8S,spotify:artist:6soJo0dtX31T30OxtS4A39,2
133,spotify:artist:4yvuCAFk8vERXXBf138h8S,spotify:artist:1ZsnHGOLYFg8CAHQQBc1ut,2
134,spotify:artist:4yvuCAFk8vERXXBf138h8S,spotify:artist:1l0eT7EY5r7U1gMVm2SyoS,2
135,spotify:artist:4yvuCAFk8vERXXBf138h8S,spotify:artist:6uHjKRsYGaElOrKWlSEji3,2
136,spotify:artist:4yvuCAFk8vERXXBf138h8S,spotify:artist:4W1poTLCG6XjhBUVehcaMB,2
137,spotify:artist:4yvuCAFk8vERXXBf138h8S,spotify:artist:3dmSPhg0tdao8ePj4pySJ5,2
138,spotify:artist:4yvuCAFk8vERXXBf138h8S,spotify:artist:5S76x1RQk1FgHwX3y4giOO,2
139,spotify:artist:4yvuCAFk8vERXXBf138h8S,spotify:artist:1CgvL3gASrnuI8SKXr8K7F,2
140,spotify:artist:2zTCLiQ8OUIWEyV6eZWzFy,spotify:artist:6MnQV8O2R0Oci41F4HLB59,2
141,spotify:artist:2zTCLiQ8OUIWEyV6eZWzFy,spotify:artist:3Rdkj77BOQHj5dTLveCJvI,2
142,spotify:artist:2zTCLiQ8OUIWEyV6eZWzFy,spotify:artist:6vrwcJbfs2QyRtApdx1hXX,2
143,spotify:artist:2zTCLiQ8OUIWEyV6eZWzFy,spotify:artist:339qxEdD8z8okRAiTp1HKf,2
144,spotify:artist:2zTCLiQ8OUIWEyV6eZWzFy,spotify:artist:3eKN3A1F9LHWa2fHo3m1rd,2
145,spotify:artist:2zTCLiQ8OUIWEyV6eZWzFy,spotify:artist:0BLh5cn4nqfqoVUREx3hLj,2
146,spotify:artist:2zTCLiQ8OUIWEyV6eZWzFy,spotify:artist:6qQpSCDIS4V5Md1sfgaCkh,2
147,spotify:artist:2zTCLiQ8OUIWEyV6eZWzFy,spotify:artist:2k07pWgpJiFIbb9q1yJ36B,2
148,spotify:artist:2zTCLiQ8OUIWEyV6eZWzFy,spotify:artist:2oAKV8mT3NB1hZbGbGcdYB,2
149,spotify:artist:2zTCLiQ8OUIWEyV6eZWzFy,spotify:artist:2Plkkomsc4DKawkCioLKjc,2
150,spotify:artist:2zTCLiQ8OUIWEyV6eZWzFy,spotify:artist:1Cc79YAHP7xvQAVQSjveP6,2
151,spotify:artist:2zTCLiQ8OUIWEyV6eZWzFy,spotify:artist:0GkLlslI4LMVTTuUkyQp57,2
152,spotify:artist:2zTCLiQ8OUIWEyV6eZWzFy,spotify:artist:2UDplVRprMbazU74Hq8OLl,2
153,spotify:artist:2zTCLiQ8OUIWEyV6eZWzFy,spotify:artist:3vidJsiALgVC5ZuweJgeDT,2
154,spotify:artist:2zTCLiQ8OUIWEyV6eZWzFy,spotify:artist:0rZpNCCYOe06am554MyKRu,2
155,spotify:artist:2zTCLiQ8OUIWEyV6eZWzFy,spotify:artist:0M02NJYkmh4eYhsKVAgVbJ,2
156,spotify:artist:2zTCLiQ8OUIWEyV6eZWzFy,spotify:artist:4Ajgo7nAsTzjSFymIfBjZ1,2
157,spotify:artist:2zTCLiQ8OUIWEyV6eZWzFy,spotify:artist:0tyLMmQvEuyQR4qjGBdbem,2
158,spotify:artist:2zTCLiQ8OUIWEyV6eZWzFy,spotify:artist:7AhDVqsNA5q46WKsRPXvoe,2
159,spotify:artist:2zTCLiQ8OUIWEyV6eZWzFy,spotify:artist:5U1pEBuiFLycsQ4mYP3nmK,2
160,spotify:artist:2GATzeg62cr6sH29wSOVWe,spotify:artist:4G0XDEk7RbA4BBCTs917U9,2
161,spotify:artist:2GATzeg62cr6sH29wSOVWe,spotify:artist:1555UFA4CyCnJEzCKikGHe,2
162,spotify:artist:2GATzeg62cr6sH29wSOVWe,spotify:artist:0qt6QSruHshcWT9QOzyfZp,2
163,spotify:artist:2GATzeg62cr6sH29wSOVWe,spotify:artist:0wz0jO9anccPzH04N7FLBH,2
164,spotify:artist:2GATzeg62cr6sH29wSOVWe,spotify:artist:5VnYwYnG7QmpzQtxyubIwh,2
165,spotify:artist:2GATzeg62cr6sH29wSOVWe,spotify:artist:60CBjmRpwr02JwAd3Ho25U,2
166,spotify:artist:2GATzeg62cr6sH29wSOVWe,spotify:artist:5lQ9ygSr6WMqXYsG00nNNY,2
167,spotify:artist:2GATzeg62cr6sH29wSOVWe,spotify:artist:3uQ5cxFHxXddqPL58egs1z,2
168,spotify:artist:2GATzeg62cr6sH29wSOVWe,spotify:artist:4jSYHcSo85heWskYvAULio,2
169,spotify:artist:2GATzeg62cr6sH29wSOVWe,spotify:artist:2ajVJyxI4sHmTMtTA3ENko,2
170,spotify:artist:2GATzeg62cr6sH29wSOVWe,spotify:artist:6uHjKRsYGaElOrKWlSEji3,2
171,spotify:artist:2GATzeg62cr6sH29wSOVWe,spotify:artist:7DnDHNnkHER4ompBXz1ibL,2
172,spotify:artist:2GATzeg62cr6sH29wSOVWe,spotify:artist:64tVHZVSAZhDEiOJxnb6hE,2
173,spotify:artist:2GATzeg62cr6sH29wSOVWe,spotify:artist:6guTJsgPymDUVfqDJyz5UG,2
174,spotify:artist:2GATzeg62cr6sH29wSOVWe,spotify:artist:0QwH5InvCwfL4UbYkjP9pi,2
175,spotify:artist:2GATzeg62cr6sH29wSOVWe,spotify:artist:7Ht57YadlBXcFJDK3plmhO,2
176,spotify:artist:2GATzeg62cr6sH29wSOVWe,spotify:artist:5AyEXCtu3xnnsTGCo4RVZh,2
177,spotify:artist:2GATzeg62cr6sH29wSOVWe,spotify:artist:2l7DkzVuYJW700mR7r43un,2
178,spotify:artist:2GATzeg62cr6sH29wSOVWe,spotify:artist:0AOyxXRa4odDG1PisHJtKx,2
179,spotify:artist:2GATzeg62cr6sH29wSOVWe,spotify:artist:4tBNwdhdWAXGzzaPTp9dRE,2
180,spotify:artist:1CgvL3gASrnuI8SKXr8K7F,spotify:artist:1W6z6i8gjySesldcmxtsAW,2
181,spotify:artist:1CgvL3gASrnuI8SKXr8K7F,spotify:artist:1M7LzCFWQ3rTLiUsD6qSST,2
182,spotify:artist:1CgvL3gASrnuI8SKXr8K7F,spotify:artist:5ZOh5D4MKLhU3GekPzNFam,2
183,spotify:artist:1CgvL3gASrnuI8SKXr8K7F,spotify:artist:7k8oHbK8ratXIVlYX7fVRU,2
184,spotify:artist:1CgvL3gASrnuI8SKXr8K7F,spotify:artist:0M02NJYkmh4eYhsKVAgVbJ,2
185,spotify:artist:1CgvL3gASrnuI8SKXr8K7F,spotify:artist:2idymNTKUdnTxforkb12Mw,2
186,spotify:artist:1CgvL3gASrnuI8SKXr8K7F,spotify:artist:3d1zFz2gPJbDaQDTsyNmbZ,2
187,spotify:artist:1CgvL3gASrnuI8SKXr8K7F,spotify:artist:2Sp19cOHSqAUlE64hekARW,2
188,spotify:artist:1CgvL3gASrnuI8SKXr8K7F,spotify:artist:3N6WAAPHoIjo6na008793X,2
189,spotify:artist:1CgvL3gASrnuI8SKXr8K7F,spotify:artist:6uHjKRsYGaElOrKWlSEji3,2
190,spotify:artist:1CgvL3gASrnuI8SKXr8K7F,spotify:artist:38euc5ce2q2MMzaoJcPstz,2
191,spotify:artist:1CgvL3gASrnuI8SKXr8K7F,spotify:artist:5DSSaD2HBvTDwGTsxLGjHb,2
192,spotify:artist:1CgvL3gASrnuI8SKXr8K7F,spotify:artist:2gOOxhK4K9RdxAgNDgYmlJ,2
193,spotify:artist:1CgvL3gASrnuI8SKXr8K7F,spotify:artist:0BLh5cn4nqfqoVUREx3hLj,2
194,spotify:artist:1CgvL3gASrnuI8SKXr8K7F,spotify:artist:2Ij97fuR3unjlboQfIYs31,2
195,spotify:artist:1CgvL3gASrnuI8SKXr8K7F,spotify:artist:4yvuCAFk8vERXXBf138h8S,2
196,spotify:artist:1CgvL3gASrnuI8SKXr8K7F,spotify:artist:3aCS3JvkoSr84i7ge9pA9o,2
197,spotify:artist:1CgvL3gASrnuI8SKXr8K7F,spotify:artist:0O0g9JMOVNoIgLG6dgaYMY,2
198,spotify:artist:1CgvL3gASrnuI8SKXr8K7F,spotify:artist:1CYmYyxlWBVY80Kvq5lTDg,2
199,spotify:artist:1CgvL3gASrnuI8SKXr8K7F,spotify:artist:4nnvwFUhvSQ1WLcMbKJB9V,2
200,spotify:artist:2oAKV8mT3NB1hZbGbGcdYB,spotify:artist:339qxEdD8z8okRAiTp1HKf,2
201,spotify:artist:2oAKV8mT3NB1hZbGbGcdYB,spotify:artist:6MnQV8O2R0Oci41F4HLB59,2
202,spotify:artist:2oAKV8mT3NB1hZbGbGcdYB,spotify:artist:3Rdkj77BOQHj5dTLveCJvI,2
203,spotify:artist:2oAKV8mT3NB1hZbGbGcdYB,spotify:artist:2Lhs0asnFQiLuntn3s8p78,2
204,spotify:artist:2oAKV8mT3NB1hZbGbGcdYB,spotify:artist:5tgz5nUmXzQkGo7i0RczvC,2
205,spotify:artist:2oAKV8mT3NB1hZbGbGcdYB,spotify:artist:2zTCLiQ8OUIWEyV6eZWzFy,2
206,spotify:artist:2oAKV8mT3NB1hZbGbGcdYB,spotify:artist:7EFfGZiKL1Ud3cspnlMq4H,2
207,spotify:artist:2oAKV8mT3NB1hZbGbGcdYB,spotify:artist:2k07pWgpJiFIbb9q1yJ36B,2
208,spotify:artist:2oAKV8mT3NB1hZbGbGcdYB,spotify:artist:4tBNwdhdWAXGzzaPTp9dRE,2
209,spotify:artist:2oAKV8mT3NB1hZbGbGcdYB,spotify:artist:70gvc4NvTwgBpEB1goYy8z,2
210,spotify:artist:2oAKV8mT3NB1hZbGbGcdYB,spotify:artist:1OmdWpAh1pucAuZPzJaxIJ,2
211,spotify:artist:2oAKV8mT3NB1hZbGbGcdYB,spotify:artist:2zAvisjImPICTNsRgagqlV,2
212,spotify:artist:2oAKV8mT3NB1hZbGbGcdYB,spotify:artist:0TeVWuc8Sw05X4Qkl3AA5r,2
213,spotify:artist:2oAKV8mT3NB1hZbGbGcdYB,spotify:artist:3uQ5cxFHxXddqPL58egs1z,2
214,spotify:artist:2oAKV8mT3NB1hZbGbGcdYB,spotify:artist:2l7DkzVuYJW700mR7r43un,2
215,spotify:artist:2oAKV8mT3NB1hZbGbGcdYB,spotify:artist:6M5FR3JkFFVDkgwtO6Vtz6,2
216,spotify:artist:2oAKV8mT3NB1hZbGbGcdYB,spotify:artist:08w6KQXL60XUftg3Ds3177,2
217,spotify:artist:2oAKV8mT3NB1hZbGbGcdYB,spotify:artist:72PnPUc1qv9UjRPaGVZ1jq,2
218,spotify:artist:2oAKV8mT3NB1hZbGbGcdYB,spotify:artist:0qt6QSruHshcWT9QOzyfZp,2
219,spotify:artist:2oAKV8mT3NB1hZbGbGcdYB,spotify:artist:2EEw2tt8AJcH9qXUeB96Oc,2
220,spotify:artist:0O0g9JMOVNoIgLG6dgaYMY,spotify:artist:3B1VQErUlM3ZZ6d1EwYd2K,2
221,spotify:artist:0O0g9JMOVNoIgLG6dgaYMY,spotify:artist:046wtejcUX9rhlzw2nlveT,2
222,spotify:artist:0O0g9JMOVNoIgLG6dgaYMY,spotify:artist:7CW5MYWUsyUYiHbiTmVZHe,2
223,spotify:artist:0O0g9JMOVNoIgLG6dgaYMY,spotify:artist:1CYmYyxlWBVY80Kvq5lTDg,2
224,spotify:artist:0O0g9JMOVNoIgLG6dgaYMY,spotify:artist:1JXB7XQ9hjLB5pnr1eowKR,2
225,spotify:artist:0O0g9JMOVNoIgLG6dgaYMY,spotify:artist:4yvuCAFk8vERXXBf138h8S,2
226,spotify:artist:0O0g9JMOVNoIgLG6dgaYMY,spotify:artist:1l0eT7EY5r7U1gMVm2SyoS,2
227,spotify:artist:0O0g9JMOVNoIgLG6dgaYMY,spotify:artist:1ilhXoWIlGxz3fM4B24mNo,2
228,spotify:artist:0O0g9JMOVNoIgLG6dgaYMY,spotify:artist:5sMku8iI6FH3ypZTErz4kv,2
229,spotify:artist:0O0g9JMOVNoIgLG6dgaYMY,spotify:artist:1Ag6UM6dow2OH9V06mxzV5,2
230,spotify:artist:0O0g9JMOVNoIgLG6dgaYMY,spotify:artist:4UETUdF77BfyJ7fEFVztr3,2
231,spotify:artist:0O0g9JMOVNoIgLG6dgaYMY,spotify:artist:1e9cOgMYTLJ0KFOjmTx13F,2
232,spotify:artist:0O0g9JMOVNoIgLG6dgaYMY,spotify:artist:3UvcmAOZt64oKpP95f6MMM,2
233,spotify:artist:0O0g9JMOVNoIgLG6dgaYMY,spotify:artist:4rxXqaQUe5udkRsGRDDDIY,2
234,spotify:artist:0O0g9JMOVNoIgLG6dgaYMY,spotify:artist:4HCubdy7diarb4KZo8etrq,2
235,spotify:artist:0O0g9JMOVNoIgLG6dgaYMY,spotify:artist:3aCS3JvkoSr84i7ge9pA9o,2
236,spotify:artist:0O0g9JMOVNoIgLG6dgaYMY,spotify:artist:5MWBg16f5UYiaSlyVhzlIW,2
237,spotify:artist:0O0g9JMOVNoIgLG6dgaYMY,spotify:artist:7k8oHbK8ratXIVlYX7fVRU,2
238,spotify:artist:0O0g9JMOVNoIgLG6dgaYMY,spotify:artist:4MlLVFHiA4e7BU7vQ4r5Lh,2
239,spotify:artist:0O0g9JMOVNoIgLG6dgaYMY,spotify:artist:3BqaUtuQmqIHg7B5Bc7fP7,2
240,spotify:artist:2dxi3wnJ9h9kNioaWyIpYd,spotify:artist:7IDrRpDz0cOuUVC32c8PKD,2
241,spotify:artist:2dxi3wnJ9h9kNioaWyIpYd,spotify:artist:0lmPazVDvsQ8FXDcBfKc6r,2
242,spotify:artist:2dxi3wnJ9h9kNioaWyIpYd,spotify:artist:0hFSUykrqfVXac7E3ZpiaH,2
243,spotify:artist:2dxi3wnJ9h9kNioaWyIpYd,spotify:artist:1fpXM23IoNckJ7NDAm8YJQ,2
244,spotify:artist:2dxi3wnJ9h9kNioaWyIpYd,spotify:artist:6paRdA1dkAEb0dWcIS4TOp,2
245,spotify:artist:2dxi3wnJ9h9kNioaWyIpYd,spotify:artist:0fWvSXbvztkeHEnEuYvU2A,2
246,spotify:artist:2dxi3wnJ9h9kNioaWyIpYd,spotify:artist:762Lq0yk2VhjIfkTVDzlhv,2
247,spotify:artist:2dxi3wnJ9h9kNioaWyIpYd,spotify:artist:55dlp5I9jyc4UjzlrcKMnq,2
248,spotify:artist:2dxi3wnJ9h9kNioaWyIpYd,spotify:artist:6wBUn8gMP85n8dPu6LoUcF,2
249,spotify:artist:2dxi3wnJ9h9kNioaWyIpYd,spotify:artist:0WISkx0PwT6lYWdPqKUJY8,2
250,spotify:artist:2dxi3wnJ9h9kNioaWyIpYd,spotify:artist:4DD6xBZ1INIT3yGJRQLzej,2
251,spotify:artist:2dxi3wnJ9h9kNioaWyIpYd,spotify:artist:3dmSPhg0tdao8ePj4pySJ5,2
252,spotify:artist:2dxi3wnJ9h9kNioaWyIpYd,spotify:artist:4tXPSo0qk91VMP3wFxL0Fo,2
253,spotify:artist:2dxi3wnJ9h9kNioaWyIpYd,spotify:artist:74o9NlWEiftu6kvoDpIpAA,2
254,spotify:artist:2dxi3wnJ9h9kNioaWyIpYd,spotify:artist:3N6WAAPHoIjo6na008793X,2
255,spotify:artist:2dxi3wnJ9h9kNioaWyIpYd,spotify:artist:5aD0uh1BpYTN7AzhiSDgaO,2
256,spotify:artist:2dxi3wnJ9h9kNioaWyIpYd,spotify:artist:1PokjXeIq2zVosXbTEaNlx,2
257,spotify:artist:2dxi3wnJ9h9kNioaWyIpYd,spotify:artist:4L1danWWAgSc0b7nBgY9CB,2
258,spotify:artist:2dxi3wnJ9h9kNioaWyIpYd,spotify:artist:30XB6UJMhn7v7ZDX2GlIsM,2
259,spotify:artist:2dxi3wnJ9h9kNioaWyIpYd,spotify:artist:4oV5EVJ0XFWsJKoOvdRPvl,2
260,spotify:artist:3dmSPhg0tdao8ePj4pySJ5,spotify:artist:70gvc4NvTwgBpEB1goYy8z,2
261,spotify:artist:3dmSPhg0tdao8ePj4pySJ5,spotify:artist:2Lhs0asnFQiLuntn3s8p78,2
262,spotify:artist:3dmSPhg0tdao8ePj4pySJ5,spotify:artist:77oD8X9qLXZhpbCjv53l5n,2
263,spotify:artist:3dmSPhg0tdao8ePj4pySJ5,spotify:artist:2zAvisjImPICTNsRgagqlV,2
264,spotify:artist:3dmSPhg0tdao8ePj4pySJ5,spotify:artist:2ajVJyxI4sHmTMtTA3ENko,2
265,spotify:artist:3dmSPhg0tdao8ePj4pySJ5,spotify:artist:339qxEdD8z8okRAiTp1HKf,2
266,spotify:artist:3dmSPhg0tdao8ePj4pySJ5,spotify:artist:1ZsnHGOLYFg8CAHQQBc1ut,2
267,spotify:artist:3dmSPhg0tdao8ePj4pySJ5,spotify:artist:1XW5L5zIBqMw7sqkkuIi5n,2
268,spotify:artist:3dmSPhg0tdao8ePj4pySJ5,spotify:artist:1fpXM23IoNckJ7NDAm8YJQ,2
269,spotify:artist:3dmSPhg0tdao8ePj4pySJ5,spotify:artist:0wz0jO9anccPzH04N7FLBH,2
270,spotify:artist:3dmSPhg0tdao8ePj4pySJ5,spotify:artist:55dlp5I9jyc4UjzlrcKMnq,2
271,spotify:artist:3dmSPhg0tdao8ePj4pySJ5,spotify:artist:2oAKV8mT3NB1hZbGbGcdYB,2
272,spotify:artist:3dmSPhg0tdao8ePj4pySJ5,spotify:artist:2dxi3wnJ9h9kNioaWyIpYd,2
273,spotify:artist:3dmSPhg0tdao8ePj4pySJ5,spotify:artist:3uQ5cxFHxXddqPL58egs1z,2
274,spotify:artist:3dmSPhg0tdao8ePj4pySJ5,spotify:artist:0IpDaO9A1OW1h0YChKzVaX,2
275,spotify:artist:3dmSPhg0tdao8ePj4pySJ5,spotify:artist:04tBaW21jyUfeP5iqiKBVq,2
276,spotify:artist:3dmSPhg0tdao8ePj4pySJ5,spotify:artist:08w6KQXL60XUftg3Ds3177,2
277,spotify:artist:3dmSPhg0tdao8ePj4pySJ5,spotify:artist:7gqsi6aBSkRMJoL9psKqMr,2
278,spotify:artist:3dmSPhg0tdao8ePj4pySJ5,spotify:artist:6g8Jqb5JMfv92eB2r0awTN,2
279,spotify:artist:3dmSPhg0tdao8ePj4pySJ5,spotify:artist:1OmdWpAh1pucAuZPzJaxIJ,2
280,spotify:artist:5lQ9ygSr6WMqXYsG00nNNY,spotify:artist:1555UFA4CyCnJEzCKikGHe,2
281,spotify:artist:5lQ9ygSr6WMqXYsG00nNNY,spotify:artist:58bGdoz5bUtPMOTzueTBOy,2
282,spotify:artist:5lQ9ygSr6WMqXYsG00nNNY,spotify:artist:3cr4dt9xFGBcEPMulGzSAY,2
283,spotify:artist:5lQ9ygSr6WMqXYsG00nNNY,spotify:artist:7uRuXWkNhoHhzpqDnaEJLJ,2
284,spotify:artist:5lQ9ygSr6WMqXYsG00nNNY,spotify:artist:60CBjmRpwr02JwAd3Ho25U,2
285,spotify:artist:5lQ9ygSr6WMqXYsG00nNNY,spotify:artist:7DnDHNnkHER4ompBXz1ibL,2
286,spotify:artist:5lQ9ygSr6WMqXYsG00nNNY,spotify:artist:5koTBxO31TIzxRzBvsxzwH,2
287,spotify:artist:5lQ9ygSr6WMqXYsG00nNNY,spotify:artist:2GATzeg62cr6sH29wSOVWe,2
288,spotify:artist:5lQ9ygSr6WMqXYsG00nNNY,spotify:artist:0AOyxXRa4odDG1PisHJtKx,2
289,spotify:artist:5lQ9ygSr6WMqXYsG00nNNY,spotify:artist:3E0mWdVTnj9CjQ95ROn9tr,2
290,spotify:artist:5lQ9ygSr6WMqXYsG00nNNY,spotify:artist:5wHiveROLh1eOGVqbqkBnj,2
291,spotify:artist:5lQ9ygSr6WMqXYsG00nNNY,spotify:artist:5VnYwYnG7QmpzQtxyubIwh,2
292,spotify:artist:5lQ9ygSr6WMqXYsG00nNNY,spotify:artist:0qt6QSruHshcWT9QOzyfZp,2
293,spotify:artist:5lQ9ygSr6WMqXYsG00nNNY,spotify:artist:0wz0jO9anccPzH04N7FLBH,2
294,spotify:artist:5lQ9ygSr6WMqXYsG00nNNY,spotify:artist:1XW5L5zIBqMw7sqkkuIi5n,2
295,spotify:artist:5lQ9ygSr6WMqXYsG00nNNY,spotify:artist:0BFRrMqOHuc1fxGWXMinHd,2
296,spotify:artist:5lQ9ygSr6WMqXYsG00nNNY,spotify:artist:6fLY0fk62ACnHx1QAWXvEZ,2
297,spotify:artist:5lQ9ygSr6WMqXYsG00nNNY,spotify:artist:7LMO4vkA2xYpGYbzsggPbk,2
298,spotify:artist:5lQ9ygSr6WMqXYsG00nNNY,spotify:artist:6uHjKRsYGaElOrKWlSEji3,2
299,spotify:artist:5lQ9ygSr6WMqXYsG00nNNY,spotify:artist:4G0XDEk7RbA4BBCTs917U9,2
300,spotify:artist:7tfS18oUEffScrxryTgwyC,spotify:artist:4yvuCAFk8vERXXBf138h8S,2
301,spotify:artist:7tfS18oUEffScrxryTgwyC,spotify:artist:4HCubdy7diarb4KZo8etrq,2
302,spotify:artist:7tfS18oUEffScrxryTgwyC,spotify:artist:2kTn692duPSkqN6czSilyk,2
303,spotify:artist:7tfS18oUEffScrxryTgwyC,spotify:artist:71erjwGhr3OtCqtmKuy7qr,2
304,spotify:artist:7tfS18oUEffScrxryTgwyC,spotify:artist:5CXWXFfhDhFN5uzbfUwAKt,2
305,spotify:artist:7tfS18oUEffScrxryTgwyC,spotify:artist:0O0g9JMOVNoIgLG6dgaYMY,2
306,spotify:artist:7tfS18oUEffScrxryTgwyC,spotify:artist:1cMcFL2NdeUDYg0OtD1GeA,2
307,spotify:artist:7tfS18oUEffScrxryTgwyC,spotify:artist:73RfKk8YdbdXckjcMBCAd4,2
308,spotify:artist:7tfS18oUEffScrxryTgwyC,spotify:artist:4MTSrVgHNfGtYV9pek8vY5,2
309,spotify:artist:7tfS18oUEffScrxryTgwyC,spotify:artist:6AlyT7VEJYn0cuDMbjPaOn,2
310,spotify:artist:7tfS18oUEffScrxryTgwyC,spotify:artist:6Elz2qLFnoivKS0AqEqdWu,2
311,spotify:artist:7tfS18oUEffScrxryTgwyC,spotify:artist:4GMP7hq7VXDmFiQ3KgiNtY,2
312,spotify:artist:7tfS18oUEffScrxryTgwyC,spotify:artist:0Y7wP2hcWMz4jQeG8dAc9Y,2
313,spotify:artist:7tfS18oUEffScrxryTgwyC,spotify:artist:1cbOix9QbWe1UMGtXOa5cI,2
314,spotify:artist:7tfS18oUEffScrxryTgwyC,spotify:artist:2ZfogSsOWP4mVfEqfpLXCt,2
315,spotify:artist:7tfS18oUEffScrxryTgwyC,spotify:artist:2YvNi4oPdBgD45gc1UycxW,2
316,spotify:artist:7tfS18oUEffScrxryTgwyC,spotify:artist:0i2IEcWvtHUBYPkYWwCgjC,2
317,spotify:artist:7tfS18oUEffScrxryTgwyC,spotify:artist:7zi9v3F5KzAuS3MkJtm5dc,2
318,spotify:artist:7tfS18oUEffScrxryTgwyC,spotify:artist:6soJo0dtX31T30OxtS4A39,2
319,spotify:artist:7tfS18oUEffScrxryTgwyC,spotify:artist:4tfyTbsNNN5xfxKDwG4VfP,2
320,spotify:artist:0TeVWuc8Sw05X4Qkl3AA5r,spotify:artist:3vidJsiALgVC5ZuweJgeDT,2
321,spotify:artist:0TeVWuc8Sw05X4Qkl3AA5r,spotify:artist:3Rdkj77BOQHj5dTLveCJvI,2
322,spotify:artist:0TeVWuc8Sw05X4Qkl3AA5r,spotify:artist:2zTCLiQ8OUIWEyV6eZWzFy,2
323,spotify:artist:0TeVWuc8Sw05X4Qkl3AA5r,spotify:artist:1Cc79YAHP7xvQAVQSjveP6,2
324,spotify:artist:0TeVWuc8Sw05X4Qkl3AA5r,spotify:artist:2wXBWJhbm1gfEVjyEEuhDH,2
325,spotify:artist:0TeVWuc8Sw05X4Qkl3AA5r,spotify:artist:2oAKV8mT3NB1hZbGbGcdYB,2
326,spotify:artist:0TeVWuc8Sw05X4Qkl3AA5r,spotify:artist:7caMdiwqwg1WefL7Jjm23M,2
327,spotify:artist:0TeVWuc8Sw05X4Qkl3AA5r,spotify:artist:6zKkaqMGGmaKLUSLTcsrls,2
328,spotify:artist:0TeVWuc8Sw05X4Qkl3AA5r,spotify:artist:61YXt5O4gENijzfR9cjjSV,2
329,spotify:artist:0TeVWuc8Sw05X4Qkl3AA5r,spotify:artist:1Fp2fNrv2udkdpOqFWn8IY,2
330,spotify:artist:0TeVWuc8Sw05X4Qkl3AA5r,spotify:artist:2UDplVRprMbazU74Hq8OLl,2
331,spotify:artist:0TeVWuc8Sw05X4Qkl3AA5r,spotify:artist:339qxEdD8z8okRAiTp1HKf,2
332,spotify:artist:0TeVWuc8Sw05X4Qkl3AA5r,spotify:artist:4zMX9gWf1DKhvsYHUCbBF7,2
333,spotify:artist:0TeVWuc8Sw05X4Qkl3AA5r,spotify:artist:4QonkOS6ybWrJVYFWEHMZY,2
334,spotify:artist:0TeVWuc8Sw05X4Qkl3AA5r,spotify:artist:0nnDCl6emTFoWtygqSs4Jy,2
335,spotify:artist:0TeVWuc8Sw05X4Qkl3AA5r,spotify:artist:4SK1IgkcWWc5HC1TOBq1VS,2
336,spotify:artist:0TeVWuc8Sw05X4Qkl3AA5r,spotify:artist:60ht0hWRy1yjUDfNsLuHuP,2
337,spotify:artist:0TeVWuc8Sw05X4Qkl3AA5r,spotify:artist:4PM86aECDhcdwuJNZNrR22,2
338,spotify:artist:0TeVWuc8Sw05X4Qkl3AA5r,spotify:artist:3PCC1w6AJvKLFpZbDJrsGe,2
339,spotify:artist:0TeVWuc8Sw05X4Qkl3AA5r,spotify:artist:0bDtDHLE3cBlqZxyLUDf90,2
340,spotify:artist:5GIfMirlXQh4saiInbfRwm,spotify:artist:4yvuCAFk8vERXXBf138h8S,2
341,spotify:artist:5GIfMirlXQh4saiInbfRwm,spotify:artist:4W1poTLCG6XjhBUVehcaMB,2
342,spotify:artist:5GIfMirlXQh4saiInbfRwm,spotify:artist:0muxV3OP61FVcWkgcBm7iv,2
343,spotify:artist:5GIfMirlXQh4saiInbfRwm,spotify:artist:0TeVWuc8Sw05X4Qkl3AA5r,2
344,spotify:artist:5GIfMirlXQh4saiInbfRwm,spotify:artist:0O0g9JMOVNoIgLG6dgaYMY,2
345,spotify:artist:5GIfMirlXQh4saiInbfRwm,spotify:artist:7EFfGZiKL1Ud3cspnlMq4H,2
346,spotify:artist:5GIfMirlXQh4saiInbfRwm,spotify:artist:6qQpSCDIS4V5Md1sfgaCkh,2
347,spotify:artist:5GIfMirlXQh4saiInbfRwm,spotify:artist:0GkLlslI4LMVTTuUkyQp57,2
348,spotify:artist:5GIfMirlXQh4saiInbfRwm,spotify:artist:6BV1QOFqWihVnBllS5naPh,2
349,spotify:artist:5GIfMirlXQh4saiInbfRwm,spotify:artist:1AcMngBo2RJdnnciklA9Cx,2
350,spotify:artist:5GIfMirlXQh4saiInbfRwm,spotify:artist:0WISkx0PwT6lYWdPqKUJY8,2
351,spotify:artist:5GIfMirlXQh4saiInbfRwm,spotify:artist:2rDxtYUzTAYJJE3Bl3Z5IN,2
352,spotify:artist:5GIfMirlXQh4saiInbfRwm,spotify:artist:3Wok7FweiLrlia97LMCJh1,2
353,spotify:artist:5GIfMirlXQh4saiInbfRwm,spotify:artist:26mSNyxjAsV5HSb7vAHu1W,2
354,spotify:artist:5GIfMirlXQh4saiInbfRwm,spotify:artist:2dxi3wnJ9h9kNioaWyIpYd,2
355,spotify:artist:5GIfMirlXQh4saiInbfRwm,spotify:artist:4p5IivUAFtFlrvtVFnbK0l,2
356,spotify:artist:5GIfMirlXQh4saiInbfRwm,spotify:artist:339qxEdD8z8okRAiTp1HKf,2
357,spotify:artist:5GIfMirlXQh4saiInbfRwm,spotify:artist:2Lhs0asnFQiLuntn3s8p78,2
358,spotify:artist:5GIfMirlXQh4saiInbfRwm,spotify:artist:0SRMBXTBnSm9Jmy24gqggg,2
359,spotify:artist:5GIfMirlXQh4saiInbfRwm,spotify:artist:1ZOKm4ZfrMPjTynDt99aCp,2
360,spotify:artist:2zAvisjImPICTNsRgagqlV,spotify:artist:3uQ5cxFHxXddqPL58egs1z,2
361,spotify:artist:2zAvisjImPICTNsRgagqlV,spotify:artist:2EEw2tt8AJcH9qXUeB96Oc,2
362,spotify:artist:2zAvisjImPICTNsRgagqlV,spotify:artist:2l7DkzVuYJW700mR7r43un,2
363,spotify:artist:2zAvisjImPICTNsRgagqlV,spotify:artist:2k07pWgpJiFIbb9q1yJ36B,2
364,spotify:artist:2zAvisjImPICTNsRgagqlV,spotify:artist:2Lhs0asnFQiLuntn3s8p78,2
365,spotify:artist:2zAvisjImPICTNsRgagqlV,spotify:artist:4tBNwdhdWAXGzzaPTp9dRE,2
366,spotify:artist:2zAvisjImPICTNsRgagqlV,spotify:artist:2ajVJyxI4sHmTMtTA3ENko,2
367,spotify:artist:2zAvisjImPICTNsRgagqlV,spotify:artist:79JJCxCCfJ8HufX6w8q2k4,2
368,spotify:artist:2zAvisjImPICTNsRgagqlV,spotify:artist:0qt6QSruHshcWT9QOzyfZp,2
369,spotify:artist:2zAvisjImPICTNsRgagqlV,spotify:artist:4G0XDEk7RbA4BBCTs917U9,2
370,spotify:artist:2zAvisjImPICTNsRgagqlV,spotify:artist:7EFfGZiKL1Ud3cspnlMq4H,2
371,spotify:artist:2zAvisjImPICTNsRgagqlV,spotify:artist:7gqsi6aBSkRMJoL9psKqMr,2
372,spotify:artist:2zAvisjImPICTNsRgagqlV,spotify:artist:3mv2eHwrIONSkviASDMRMa,2
373,spotify:artist:2zAvisjImPICTNsRgagqlV,spotify:artist:0Z6hyoqGpchajBS8Gt3c0l,2
374,spotify:artist:2zAvisjImPICTNsRgagqlV,spotify:artist:57kIMCLPgkzQlXjblX7XXP,2
375,spotify:artist:2zAvisjImPICTNsRgagqlV,spotify:artist:4ePunOqQbOYoQwd1298g3Z,2
376,spotify:artist:2zAvisjImPICTNsRgagqlV,spotify:artist:2rDxtYUzTAYJJE3Bl3Z5IN,2
377,spotify:artist:2zAvisjImPICTNsRgagqlV,spotify:artist:3dmSPhg0tdao8ePj4pySJ5,2
378,spotify:artist:2zAvisjImPICTNsRgagqlV,spotify:artist:339qxEdD8z8okRAiTp1HKf,2
379,spotify:artist:2zAvisjImPICTNsRgagqlV,spotify:artist:6Jg1WSoV27sDj7N2WRFPqo,2
380,spotify:artist:0M02NJYkmh4eYhsKVAgVbJ,spotify:artist:0BLh5cn4nqfqoVUREx3hLj,2
381,spotify:artist:0M02NJYkmh4eYhsKVAgVbJ,spotify:artist:6vrwcJbfs2QyRtApdx1hXX,2
382,spotify:artist:0M02NJYkmh4eYhsKVAgVbJ,spotify:artist:2zTCLiQ8OUIWEyV6eZWzFy,2
383,spotify:artist:0M02NJYkmh4eYhsKVAgVbJ,spotify:artist:4tPRMBm25eaPJaceUBPqTK,2
384,spotify:artist:0M02NJYkmh4eYhsKVAgVbJ,spotify:artist:2Plkkomsc4DKawkCioLKjc,2
385,spotify:artist:0M02NJYkmh4eYhsKVAgVbJ,spotify:artist:2UDplVRprMbazU74Hq8OLl,2
386,spotify:artist:0M02NJYkmh4eYhsKVAgVbJ,spotify:artist:1M7LzCFWQ3rTLiUsD6qSST,2
387,spotify:artist:0M02NJYkmh4eYhsKVAgVbJ,spotify:artist:3eKN3A1F9LHWa2fHo3m1rd,2
388,spotify:artist:0M02NJYkmh4eYhsKVAgVbJ,spotify:artist:5U1pEBuiFLycsQ4mYP3nmK,2
389,spotify:artist:0M02NJYkmh4eYhsKVAgVbJ,spotify:artist:7AhDVqsNA5q46WKsRPXvoe,2
390,spotify:artist:0M02NJYkmh4eYhsKVAgVbJ,spotify:artist:6qQpSCDIS4V5Md1sfgaCkh,2
391,spotify:artist:0M02NJYkmh4eYhsKVAgVbJ,spotify:artist:4S0WYuq4dnunQV6cL3I49i,2
392,spotify:artist:0M02NJYkmh4eYhsKVAgVbJ,spotify:artist:1W6z6i8gjySesldcmxtsAW,2
393,spotify:artist:0M02NJYkmh4eYhsKVAgVbJ,spotify:artist:3x0LgZSPgNh91O6NBMtqTs,2
394,spotify:artist:0M02NJYkmh4eYhsKVAgVbJ,spotify:artist:0tyLMmQvEuyQR4qjGBdbem,2
395,spotify:artist:0M02NJYkmh4eYhsKVAgVbJ,spotify:artist:6JjE9yVvCNV5EbUpvS7JcQ,2
396,spotify:artist:0M02NJYkmh4eYhsKVAgVbJ,spotify:artist:1CgvL3gASrnuI8SKXr8K7F,2
397,spotify:artist:0M02NJYkmh4eYhsKVAgVbJ,spotify:artist:1Cc79YAHP7xvQAVQSjveP6,2
398,spotify:artist:0M02NJYkmh4eYhsKVAgVbJ,spotify:artist:0GkLlslI4LMVTTuUkyQp57,2
399,spotify:artist:0M02NJYkmh4eYhsKVAgVbJ,spotify:artist:2rDxtYUzTAYJJE3Bl3Z5IN,2
0,spotify:artist:4W1poTLCG6XjhBUVehcaMB,spotify:artist:6uHjKRsYGaElOrKWlSEji3,3
1,spotify:artist:4W1poTLCG6XjhBUVehcaMB,spotify:artist:1XW5L5zIBqMw7sqkkuIi5n,3
2,spotify:artist:4W1poTLCG6XjhBUVehcaMB,spotify:artist:0qt6QSruHshcWT9QOzyfZp,3
3,spotify:artist:4W1poTLCG6XjhBUVehcaMB,spotify:artist:7EFfGZiKL1Ud3cspnlMq4H,3
4,spotify:artist:4W1poTLCG6XjhBUVehcaMB,spotify:artist:339qxEdD8z8okRAiTp1HKf,3
5,spotify:artist:4W1poTLCG6XjhBUVehcaMB,spotify:artist:2Lhs0asnFQiLuntn3s8p78,3
6,spotify:artist:4W1poTLCG6XjhBUVehcaMB,spotify:artist:4yvuCAFk8vERXXBf138h8S,3
7,spotify:artist:4W1poTLCG6XjhBUVehcaMB,spotify:artist:2zTCLiQ8OUIWEyV6eZWzFy,3
8,spotify:artist:4W1poTLCG6XjhBUVehcaMB,spotify:artist:2GATzeg62cr6sH29wSOVWe,3
9,spotify:artist:4W1poTLCG6XjhBUVehcaMB,spotify:artist:1CgvL3gASrnuI8SKXr8K7F,3
10,spotify:artist:4W1poTLCG6XjhBUVehcaMB,spotify:artist:2oAKV8mT3NB1hZbGbGcdYB,3
11,spotify:artist:4W1poTLCG6XjhBUVehcaMB,spotify:artist:0O0g9JMOVNoIgLG6dgaYMY,3
12,spotify:artist:4W1poTLCG6XjhBUVehcaMB,spotify:artist:2dxi3wnJ9h9kNioaWyIpYd,3
13,spotify:artist:4W1poTLCG6XjhBUVehcaMB,spotify:artist:3dmSPhg0tdao8ePj4pySJ5,3
14,spotify:artist:4W1poTLCG6XjhBUVehcaMB,spotify:artist:5lQ9ygSr6WMqXYsG00nNNY,3
15,spotify:artist:4W1poTLCG6XjhBUVehcaMB,spotify:artist:7tfS18oUEffScrxryTgwyC,3
16,spotify:artist:4W1poTLCG6XjhBUVehcaMB,spotify:artist:0TeVWuc8Sw05X4Qkl3AA5r,3
17,spotify:artist:4W1poTLCG6XjhBUVehcaMB,spotify:artist:5GIfMirlXQh4saiInbfRwm,3
18,spotify:artist:4W1poTLCG6XjhBUVehcaMB,spotify:artist:2zAvisjImPICTNsRgagqlV,3
19,spotify:artist:4W1poTLCG6XjhBUVehcaMB,spotify:artist:0M02NJYkmh4eYhsKVAgVbJ,3
20,spotify:artist:2GATzeg62cr6sH29wSOVWe,spotify:artist:4G0XDEk7RbA4BBCTs917U9,3
21,spotify:artist:2GATzeg62cr6sH29wSOVWe,spotify:artist:1555UFA4CyCnJEzCKikGHe,3
22,spotify:artist:2GATzeg62cr6sH29wSOVWe,spotify:artist:0qt6QSruHshcWT9QOzyfZp,3
23,spotify:artist:2GATzeg62cr6sH29wSOVWe,spotify:artist:0wz0jO9anccPzH04N7FLBH,3
24,spotify:artist:2GATzeg62cr6sH29wSOVWe,spotify:artist:5VnYwYnG7QmpzQtxyubIwh,3
25,spotify:artist:2GATzeg62cr6sH29wSOVWe,spotify:artist:60CBjmRpwr02JwAd3Ho25U,3
26,spotify:artist:2GATzeg62cr6sH29wSOVWe,spotify:artist:5lQ9ygSr6WMqXYsG00nNNY,3
27,spotify:artist:2GATzeg62cr6sH29wSOVWe,spotify:artist:3uQ5cxFHxXddqPL58egs1z,3
28,spotify:artist:2GATzeg62cr6sH29wSOVWe,spotify:artist:4jSYHcSo85heWskYvAULio,3
29,spotify:artist:2GATzeg62cr6sH29wSOVWe,spotify:artist:2ajVJyxI4sHmTMtTA3ENko,3
30,spotify:artist:2GATzeg62cr6sH29wSOVWe,spotify:artist:6uHjKRsYGaElOrKWlSEji3,3
31,spotify:artist:2GATzeg62cr6sH29wSOVWe,spotify:artist:7DnDHNnkHER4ompBXz1ibL,3
32,spotify:artist:2GATzeg62cr6sH29wSOVWe,spotify:artist:64tVHZVSAZhDEiOJxnb6hE,3
33,spotify:artist:2GATzeg62cr6sH29wSOVWe,spotify:artist:6guTJsgPymDUVfqDJyz5UG,3
34,spotify:artist:2GATzeg62cr6sH29wSOVWe,spotify:artist:0QwH5InvCwfL4UbYkjP9pi,3
35,spotify:artist:2GATzeg62cr6sH29wSOVWe,spotify:artist:7Ht57YadlBXcFJDK3plmhO,3
36,spotify:artist:2GATzeg62cr6sH29wSOVWe,spotify:artist:5AyEXCtu3xnnsTGCo4RVZh,3
37,spotify:artist:2GATzeg62cr6sH29wSOVWe,spotify:artist:2l7DkzVuYJW700mR7r43un,3
38,spotify:artist:2GATzeg62cr6sH29wSOVWe,spotify:artist:0AOyxXRa4odDG1PisHJtKx,3
39,spotify:artist:2GATzeg62cr6sH29wSOVWe,spotify:artist:4tBNwdhdWAXGzzaPTp9dRE,3
40,spotify:artist:0qt6QSruHshcWT9QOzyfZp,spotify:artist:4G0XDEk7RbA4BBCTs917U9,3
41,spotify:artist:0qt6QSruHshcWT9QOzyfZp,spotify:artist:2GATzeg62cr6sH29wSOVWe,3
42,spotify:artist:0qt6QSruHshcWT9QOzyfZp,spotify:artist:4tBNwdhdWAXGzzaPTp9dRE,3
43,spotify:artist:0qt6QSruHshcWT9QOzyfZp,spotify:artist:3uQ5cxFHxXddqPL58egs1z,3
44,spotify:artist:0qt6QSruHshcWT9QOzyfZp,spotify:artist:79JJCxCCfJ8HufX6w8q2k4,3
45,spotify:artist:0qt6QSruHshcWT9QOzyfZp,spotify:artist:2k07pWgpJiFIbb9q1yJ36B,3
46,spotify:artist:0qt6QSruHshcWT9QOzyfZp,spotify:artist:2l7DkzVuYJW700mR7r43un,3
47,spotify:artist:0qt6QSruHshcWT9QOzyfZp,spotify:artist:2zAvisjImPICTNsRgagqlV,3
48,spotify:artist:0qt6QSruHshcWT9QOzyfZp,spotify:artist:2ajVJyxI4sHmTMtTA3ENko,3
49,spotify:artist:0qt6QSruHshcWT9QOzyfZp,spotify:artist:5pYsvK3zKJT4wzt2L399H4,3
50,spotify:artist:0qt6QSruHshcWT9QOzyfZp,spotify:artist:2Lhs0asnFQiLuntn3s8p78,3
51,spotify:artist:0qt6QSruHshcWT9QOzyfZp,spotify:artist:0wz0jO9anccPzH04N7FLBH,3
52,spotify:artist:0qt6QSruHshcWT9QOzyfZp,spotify:artist:5lQ9ygSr6WMqXYsG00nNNY,3
53,spotify:artist:0qt6QSruHshcWT9QOzyfZp,spotify:artist:6uHjKRsYGaElOrKWlSEji3,3
54,spotify:artist:0qt6QSruHshcWT9QOzyfZp,spotify:artist:7EFfGZiKL1Ud3cspnlMq4H,3
55,spotify:artist:0qt6QSruHshcWT9QOzyfZp,spotify:artist:6TTJ0xLPPNDyv4bXyukzU4,3
56,spotify:artist:0qt6QSruHshcWT9QOzyfZp,spotify:artist:2EEw2tt8AJcH9qXUeB96Oc,3
57,spotify:artist:0qt6QSruHshcWT9QOzyfZp,spotify:artist:7gqsi6aBSkRMJoL9psKqMr,3
58,spotify:artist:0qt6QSruHshcWT9QOzyfZp,spotify:artist:2oAKV8mT3NB1hZbGbGcdYB,3
59,spotify:artist:0qt6QSruHshcWT9QOzyfZp,spotify:artist:1555UFA4CyCnJEzCKikGHe,3
60,spotify:artist:339qxEdD8z8okRAiTp1HKf,spotify:artist:2oAKV8mT3NB1hZbGbGcdYB,3
61,spotify:artist:339qxEdD8z8okRAiTp1HKf,spotify:artist:6MnQV8O2R0Oci41F4HLB59,3
62,spotify:artist:339qxEdD8z8okRAiTp1HKf,spotify:artist:3Rdkj77BOQHj5dTLveCJvI,3
63,spotify:artist:339qxEdD8z8okRAiTp1HKf,spotify:artist:2zTCLiQ8OUIWEyV6eZWzFy,3
64,spotify:artist:339qxEdD8z8okRAiTp1HKf,spotify:artist:2Lhs0asnFQiLuntn3s8p78,3
65,spotify:artist:339qxEdD8z8okRAiTp1HKf,spotify:artist:5tgz5nUmXzQkGo7i0RczvC,3
66,spotify:artist:339qxEdD8z8okRAiTp1HKf,spotify:artist:7EFfGZiKL1Ud3cspnlMq4H,3
67,spotify:artist:339qxEdD8z8okRAiTp1HKf,spotify:artist:2k07pWgpJiFIbb9q1yJ36B,3
68,spotify:artist:339qxEdD8z8okRAiTp1HKf,spotify:artist:08w6KQXL60XUftg3Ds3177,3
69,spotify:artist:339qxEdD8z8okRAiTp1HKf,spotify:artist:72PnPUc1qv9UjRPaGVZ1jq,3
70,spotify:artist:339qxEdD8z8okRAiTp1HKf,spotify:artist:1OmdWpAh1pucAuZPzJaxIJ,3
71,spotify:artist:339qxEdD8z8okRAiTp1HKf,spotify:artist:188gwh9RnRT58ZQPwqwHE3,3
72,spotify:artist:339qxEdD8z8okRAiTp1HKf,spotify:artist:70gvc4NvTwgBpEB1goYy8z,3
73,spotify:artist:339qxEdD8z8okRAiTp1HKf,spotify:artist:6uHjKRsYGaElOrKWlSEji3,3
74,spotify:artist:339qxEdD8z8okRAiTp1HKf,spotify:artist:3uQ5cxFHxXddqPL58egs1z,3
75,spotify:artist:339qxEdD8z8okRAiTp1HKf,spotify:artist:2zAvisjImPICTNsRgagqlV,3
76,spotify:artist:339qxEdD8z8okRAiTp1HKf,spotify:artist:4tBNwdhdWAXGzzaPTp9dRE,3
77,spotify:artist:339qxEdD8z8okRAiTp1HKf,spotify:artist:0TeVWuc8Sw05X4Qkl3AA5r,3
78,spotify:artist:339qxEdD8z8okRAiTp1HKf,spotify:artist:6M5FR3JkFFVDkgwtO6Vtz6,3
79,spotify:artist:339qxEdD8z8okRAiTp1HKf,spotify:artist:3x0LgZSPgNh91O6NBMtqTs,3
80,spotify:artist:7EFfGZiKL1Ud3cspnlMq4H,spotify:artist:4tBNwdhdWAXGzzaPTp9dRE,3
81,spotify:artist:7EFfGZiKL1Ud3cspnlMq4H,spotify:artist:339qxEdD8z8okRAiTp1HKf,3
82,spotify:artist:7EFfGZiKL1Ud3cspnlMq4H,spotify:artist:3uQ5cxFHxXddqPL58egs1z,3
83,spotify:artist:7EFfGZiKL1Ud3cspnlMq4H,spotify:artist:2oAKV8mT3NB1hZbGbGcdYB,3
84,spotify:artist:7EFfGZiKL1Ud3cspnlMq4H,spotify:artist:2k07pWgpJiFIbb9q1yJ36B,3
85,spotify:artist:7EFfGZiKL1Ud3cspnlMq4H,spotify:artist:2Lhs0asnFQiLuntn3s8p78,3
86,spotify:artist:7EFfGZiKL1Ud3cspnlMq4H,spotify:artist:2l7DkzVuYJW700mR7r43un,3
87,spotify:artist:7EFfGZiKL1Ud3cspnlMq4H,spotify:artist:2zAvisjImPICTNsRgagqlV,3
88,spotify:artist:7EFfGZiKL1Ud3cspnlMq4H,spotify:artist:6MnQV8O2R0Oci41F4HLB59,3
89,spotify:artist:7EFfGZiKL1Ud3cspnlMq4H,spotify:artist:2EEw2tt8AJcH9qXUeB96Oc,3
90,spotify:artist:7EFfGZiKL1Ud3cspnlMq4H,spotify:artist:2ajVJyxI4sHmTMtTA3ENko,3
91,spotify:artist:7EFfGZiKL1Ud3cspnlMq4H,spotify:artist:0qt6QSruHshcWT9QOzyfZp,3
92,spotify:artist:7EFfGZiKL1Ud3cspnlMq4H,spotify:artist:6uHjKRsYGaElOrKWlSEji3,3
93,spotify:artist:7EFfGZiKL1Ud3cspnlMq4H,spotify:artist:2zTCLiQ8OUIWEyV6eZWzFy,3
94,spotify:artist:7EFfGZiKL1Ud3cspnlMq4H,spotify:artist:6M5FR3JkFFVDkgwtO6Vtz6,3
95,spotify:artist:7EFfGZiKL1Ud3cspnlMq4H,spotify:artist:3Rdkj77BOQHj5dTLveCJvI,3
96,spotify:artist:7EFfGZiKL1Ud3cspnlMq4H,spotify:artist:64tVHZVSAZhDEiOJxnb6hE,3
97,spotify:artist:7EFfGZiKL1Ud3cspnlMq4H,spotify:artist:3mv2eHwrIONSkviASDMRMa,3
98,spotify:artist:7EFfGZiKL1Ud3cspnlMq4H,spotify:artist:7gqsi6aBSkRMJoL9psKqMr,3
99,spotify:artist:7EFfGZiKL1Ud3cspnlMq4H,spotify:artist:6Jg1WSoV27sDj7N2WRFPqo,3
100,spotify:artist:1XW5L5zIBqMw7sqkkuIi5n,spotify:artist:5lQ9ygSr6WMqXYsG00nNNY,3
101,spotify:artist:1XW5L5zIBqMw7sqkkuIi5n,spotify:artist:2GATzeg62cr6sH29wSOVWe,3
102,spotify:artist:1XW5L5zIBqMw7sqkkuIi5n,spotify:artist:0qt6QSruHshcWT9QOzyfZp,3
103,spotify:artist:1XW5L5zIBqMw7sqkkuIi5n,spotify:artist:6uHjKRsYGaElOrKWlSEji3,3
104,spotify:artist:1XW5L5zIBqMw7sqkkuIi5n,spotify:artist:0wz0jO9anccPzH04N7FLBH,3
105,spotify:artist:1XW5L5zIBqMw7sqkkuIi5n,spotify:artist:70gvc4NvTwgBpEB1goYy8z,3
106,spotify:artist:1XW5L5zIBqMw7sqkkuIi5n,spotify:artist:4W1poTLCG6XjhBUVehcaMB,3
107,spotify:artist:1XW5L5zIBqMw7sqkkuIi5n,spotify:artist:2Lhs0asnFQiLuntn3s8p78,3
108,spotify:artist:1XW5L5zIBqMw7sqkkuIi5n,spotify:artist:1555UFA4CyCnJEzCKikGHe,3
109,spotify:artist:1XW5L5zIBqMw7sqkkuIi5n,spotify:artist:4HEIKb9PGw8MG7Am50ev98,3
110,spotify:artist:1XW5L5zIBqMw7sqkkuIi5n,spotify:artist:339qxEdD8z8okRAiTp1HKf,3
111,spotify:artist:1XW5L5zIBqMw7sqkkuIi5n,spotify:artist:4tBNwdhdWAXGzzaPTp9dRE,3
112,spotify:artist:1XW5L5zIBqMw7sqkkuIi5n,spotify:artist:7EFfGZiKL1Ud3cspnlMq4H,3
113,spotify:artist:1XW5L5zIBqMw7sqkkuIi5n,spotify:artist:3dmSPhg0tdao8ePj4pySJ5,3
114,spotify:artist:1XW5L5zIBqMw7sqkkuIi5n,spotify:artist:2lnVaJjmDvrFi3Pyf1sGxI,3
115,spotify:artist:1XW5L5zIBqMw7sqkkuIi5n,spotify:artist:3uQ5cxFHxXddqPL58egs1z,3
116,spotify:artist:1XW5L5zIBqMw7sqkkuIi5n,spotify:artist:2oAKV8mT3NB1hZbGbGcdYB,3
117,spotify:artist:1XW5L5zIBqMw7sqkkuIi5n,spotify:artist:0BFRrMqOHuc1fxGWXMinHd,3
118,spotify:artist:1XW5L5zIBqMw7sqkkuIi5n,spotify:artist:4G0XDEk7RbA4BBCTs917U9,3
119,spotify:artist:1XW5L5zIBqMw7sqkkuIi5n,spotify:artist:6g8Jqb5JMfv92eB2r0awTN,3
120,spotify:artist:5lQ9ygSr6WMqXYsG00nNNY,spotify:artist:1555UFA4CyCnJEzCKikGHe,3
121,spotify:artist:5lQ9ygSr6WMqXYsG00nNNY,spotify:artist:58bGdoz5bUtPMOTzueTBOy,3
122,spotify:artist:5lQ9ygSr6WMqXYsG00nNNY,spotify:artist:3cr4dt9xFGBcEPMulGzSAY,3
123,spotify:artist:5lQ9ygSr6WMqXYsG00nNNY,spotify:artist:7uRuXWkNhoHhzpqDnaEJLJ,3
124,spotify:artist:5lQ9ygSr6WMqXYsG00nNNY,spotify:artist:60CBjmRpwr02JwAd3Ho25U,3
125,spotify:artist:5lQ9ygSr6WMqXYsG00nNNY,spotify:artist:7DnDHNnkHER4ompBXz1ibL,3
126,spotify:artist:5lQ9ygSr6WMqXYsG00nNNY,spotify:artist:5koTBxO31TIzxRzBvsxzwH,3
127,spotify:artist:5lQ9ygSr6WMqXYsG00nNNY,spotify:artist:2GATzeg62cr6sH29wSOVWe,3
128,spotify:artist:5lQ9ygSr6WMqXYsG00nNNY,spotify:artist:0AOyxXRa4odDG1PisHJtKx,3
129,spotify:artist:5lQ9ygSr6WMqXYsG00nNNY,spotify:artist:3E0mWdVTnj9CjQ95ROn9tr,3
130,spotify:artist:5lQ9ygSr6WMqXYsG00nNNY,spotify:artist:5wHiveROLh1eOGVqbqkBnj,3
131,spotify:artist:5lQ9ygSr6WMqXYsG00nNNY,spotify:artist:5VnYwYnG7QmpzQtxyubIwh,3
132,spotify:artist:5lQ9ygSr6WMqXYsG00nNNY,spotify:artist:0qt6QSruHshcWT9QOzyfZp,3
133,spotify:artist:5lQ9ygSr6WMqXYsG00nNNY,spotify:artist:0wz0jO9anccPzH04N7FLBH,3
134,spotify:artist:5lQ9ygSr6WMqXYsG00nNNY,spotify:artist:1XW5L5zIBqMw7sqkkuIi5n,3
135,spotify:artist:5lQ9ygSr6WMqXYsG00nNNY,spotify:artist:0BFRrMqOHuc1fxGWXMinHd,3
136,spotify:artist:5lQ9ygSr6WMqXYsG00nNNY,spotify:artist:6fLY0fk62ACnHx1QAWXvEZ,3
137,spotify:artist:5lQ9ygSr6WMqXYsG00nNNY,spotify:artist:7LMO4vkA2xYpGYbzsggPbk,3
138,spotify:artist:5lQ9ygSr6WMqXYsG00nNNY,spotify:artist:6uHjKRsYGaElOrKWlSEji3,3
139,spotify:artist:5lQ9ygSr6WMqXYsG00nNNY,spotify:artist:4G0XDEk7RbA4BBCTs917U9,3
140,spotify:artist:2Lhs0asnFQiLuntn3s8p78,spotify:artist:339qxEdD8z8okRAiTp1HKf,3
141,spotify:artist:2Lhs0asnFQiLuntn3s8p78,spotify:artist:2oAKV8mT3NB1hZbGbGcdYB,3
142,spotify:artist:2Lhs0asnFQiLuntn3s8p78,spotify:artist:2zAvisjImPICTNsRgagqlV,3
143,spotify:artist:2Lhs0asnFQiLuntn3s8p78,spotify:artist:2l7DkzVuYJW700mR7r43un,3
144,spotify:artist:2Lhs0asnFQiLuntn3s8p78,spotify:artist:3uQ5cxFHxXddqPL58egs1z,3
145,spotify:artist:2Lhs0asnFQiLuntn3s8p78,spotify:artist:2k07pWgpJiFIbb9q1yJ36B,3
146,spotify:artist:2Lhs0asnFQiLuntn3s8p78,spotify:artist:7EFfGZiKL1Ud3cspnlMq4H,3
147,spotify:artist:2Lhs0asnFQiLuntn3s8p78,spotify:artist:3dmSPhg0tdao8ePj4pySJ5,3
148,spotify:artist:2Lhs0asnFQiLuntn3s8p78,spotify:artist:79JJCxCCfJ8HufX6w8q2k4,3
149,spotify:artist:2Lhs0asnFQiLuntn3s8p78,spotify:artist:0qt6QSruHshcWT9QOzyfZp,3
150,spotify:artist:2Lhs0asnFQiLuntn3s8p78,spotify:artist:7gqsi6aBSkRMJoL9psKqMr,3
151,spotify:artist:2Lhs0asnFQiLuntn3s8p78,spotify:artist:2ajVJyxI4sHmTMtTA3ENko,3
152,spotify:artist:2Lhs0asnFQiLuntn3s8p78,spotify:artist:2EEw2tt8AJcH9qXUeB96Oc,3
153,spotify:artist:2Lhs0asnFQiLuntn3s8p78,spotify:artist:4G0XDEk7RbA4BBCTs917U9,3
154,spotify:artist:2Lhs0asnFQiLuntn3s8p78,spotify:artist:70gvc4NvTwgBpEB1goYy8z,3
155,spotify:artist:2Lhs0asnFQiLuntn3s8p78,spotify:artist:2rDxtYUzTAYJJE3Bl3Z5IN,3
156,spotify:artist:2Lhs0asnFQiLuntn3s8p78,spotify:artist:1OmdWpAh1pucAuZPzJaxIJ,3
157,spotify:artist:2Lhs0asnFQiLuntn3s8p78,spotify:artist:2zTCLiQ8OUIWEyV6eZWzFy,3
158,spotify:artist:2Lhs0asnFQiLuntn3s8p78,spotify:artist:4ePunOqQbOYoQwd1298g3Z,3
159,spotify:artist:2Lhs0asnFQiLuntn3s8p78,spotify:artist:4yvuCAFk8vERXXBf138h8S,3
160,spotify:artist:31ir0nQWMLTowZmZO8CiBw,spotify:artist:6paRdA1dkAEb0dWcIS4TOp,3
161,spotify:artist:31ir0nQWMLTowZmZO8CiBw,spotify:artist:2dxi3wnJ9h9kNioaWyIpYd,3
162,spotify:artist:31ir0nQWMLTowZmZO8CiBw,spotify:artist:7IDrRpDz0cOuUVC32c8PKD,3
163,spotify:artist:31ir0nQWMLTowZmZO8CiBw,spotify:artist:4DD6xBZ1INIT3yGJRQLzej,3
164,spotify:artist:31ir0nQWMLTowZmZO8CiBw,spotify:artist:6uHjKRsYGaElOrKWlSEji3,3
165,spotify:artist:31ir0nQWMLTowZmZO8CiBw,spotify:artist:6w7fc6IZlo5zwBaKT5jU1X,3
166,spotify:artist:31ir0nQWMLTowZmZO8CiBw,spotify:artist:0lmPazVDvsQ8FXDcBfKc6r,3
167,spotify:artist:31ir0nQWMLTowZmZO8CiBw,spotify:artist:0fWvSXbvztkeHEnEuYvU2A,3
168,spotify:artist:31ir0nQWMLTowZmZO8CiBw,spotify:artist:65xy6loxYxKy3M9uiRHzLv,3
169,spotify:artist:31ir0nQWMLTowZmZO8CiBw,spotify:artist:3N6WAAPHoIjo6na008793X,3
170,spotify:artist:31ir0nQWMLTowZmZO8CiBw,spotify:artist:339qxEdD8z8okRAiTp1HKf,3
171,spotify:artist:31ir0nQWMLTowZmZO8CiBw,spotify:artist:08w6KQXL60XUftg3Ds3177,3
172,spotify:artist:31ir0nQWMLTowZmZO8CiBw,spotify:artist:1fpXM23IoNckJ7NDAm8YJQ,3
173,spotify:artist:31ir0nQWMLTowZmZO8CiBw,spotify:artist:5Q8gM5SMBT2LAoZ5LzqAvH,3
174,spotify:artist:31ir0nQWMLTowZmZO8CiBw,spotify:artist:2UDplVRprMbazU74Hq8OLl,3
175,spotify:artist:31ir0nQWMLTowZmZO8CiBw,spotify:artist:3dmSPhg0tdao8ePj4pySJ5,3
176,spotify:artist:31ir0nQWMLTowZmZO8CiBw,spotify:artist:77oD8X9qLXZhpbCjv53l5n,3
177,spotify:artist:31ir0nQWMLTowZmZO8CiBw,spotify:artist:0ODQJS4mk7rVBJXjdqByX6,3
178,spotify:artist:31ir0nQWMLTowZmZO8CiBw,spotify:artist:0THUMJMWUd5L8os9K6O4FE,3
179,spotify:artist:31ir0nQWMLTowZmZO8CiBw,spotify:artist:5ZOh5D4MKLhU3GekPzNFam,3
180,spotify:artist:2zTCLiQ8OUIWEyV6eZWzFy,spotify:artist:6MnQV8O2R0Oci41F4HLB59,3
181,spotify:artist:2zTCLiQ8OUIWEyV6eZWzFy,spotify:artist:3Rdkj77BOQHj5dTLveCJvI,3
182,spotify:artist:2zTCLiQ8OUIWEyV6eZWzFy,spotify:artist:6vrwcJbfs2QyRtApdx1hXX,3
183,spotify:artist:2zTCLiQ8OUIWEyV6eZWzFy,spotify:artist:339qxEdD8z8okRAiTp1HKf,3
184,spotify:artist:2zTCLiQ8OUIWEyV6eZWzFy,spotify:artist:3eKN3A1F9LHWa2fHo3m1rd,3
185,spotify:artist:2zTCLiQ8OUIWEyV6eZWzFy,spotify:artist:0BLh5cn4nqfqoVUREx3hLj,3
186,spotify:artist:2zTCLiQ8OUIWEyV6eZWzFy,spotify:artist:6qQpSCDIS4V5Md1sfgaCkh,3
187,spotify:artist:2zTCLiQ8OUIWEyV6eZWzFy,spotify:artist:2k07pWgpJiFIbb9q1yJ36B,3
188,spotify:artist:2zTCLiQ8OUIWEyV6eZWzFy,spotify:artist:2oAKV8mT3NB1hZbGbGcdYB,3
189,spotify:artist:2zTCLiQ8OUIWEyV6eZWzFy,spotify:artist:2Plkkomsc4DKawkCioLKjc,3
190,spotify:artist:2zTCLiQ8OUIWEyV6eZWzFy,spotify:artist:1Cc79YAHP7xvQAVQSjveP6,3
191,spotify:artist:2zTCLiQ8OUIWEyV6eZWzFy,spotify:artist:0GkLlslI4LMVTTuUkyQp57,3
192,spotify:artist:2zTCLiQ8OUIWEyV6eZWzFy,spotify:artist:2UDplVRprMbazU74Hq8OLl,3
193,spotify:artist:2zTCLiQ8OUIWEyV6eZWzFy,spotify:artist:3vidJsiALgVC5ZuweJgeDT,3
194,spotify:artist:2zTCLiQ8OUIWEyV6eZWzFy,spotify:artist:0rZpNCCYOe06am554MyKRu,3
195,spotify:artist:2zTCLiQ8OUIWEyV6eZWzFy,spotify:artist:0M02NJYkmh4eYhsKVAgVbJ,3
196,spotify:artist:2zTCLiQ8OUIWEyV6eZWzFy,spotify:artist:4Ajgo7nAsTzjSFymIfBjZ1,3
197,spotify:artist:2zTCLiQ8OUIWEyV6eZWzFy,spotify:artist:0tyLMmQvEuyQR4qjGBdbem,3
198,spotify:artist:2zTCLiQ8OUIWEyV6eZWzFy,spotify:artist:7AhDVqsNA5q46WKsRPXvoe,3
199,spotify:artist:2zTCLiQ8OUIWEyV6eZWzFy,spotify:artist:5U1pEBuiFLycsQ4mYP3nmK,3
200,spotify:artist:7IDrRpDz0cOuUVC32c8PKD,spotify:artist:2dxi3wnJ9h9kNioaWyIpYd,3
201,spotify:artist:7IDrRpDz0cOuUVC32c8PKD,spotify:artist:0lmPazVDvsQ8FXDcBfKc6r,3
202,spotify:artist:7IDrRpDz0cOuUVC32c8PKD,spotify:artist:4DD6xBZ1INIT3yGJRQLzej,3
203,spotify:artist:7IDrRpDz0cOuUVC32c8PKD,spotify:artist:6paRdA1dkAEb0dWcIS4TOp,3
204,spotify:artist:7IDrRpDz0cOuUVC32c8PKD,spotify:artist:0hFSUykrqfVXac7E3ZpiaH,3
205,spotify:artist:7IDrRpDz0cOuUVC32c8PKD,spotify:artist:0fWvSXbvztkeHEnEuYvU2A,3
206,spotify:artist:7IDrRpDz0cOuUVC32c8PKD,spotify:artist:6w7fc6IZlo5zwBaKT5jU1X,3
207,spotify:artist:7IDrRpDz0cOuUVC32c8PKD,spotify:artist:1fpXM23IoNckJ7NDAm8YJQ,3
208,spotify:artist:7IDrRpDz0cOuUVC32c8PKD,spotify:artist:267VY6GX5LyU5c9M85ECZQ,3
209,spotify:artist:7IDrRpDz0cOuUVC32c8PKD,spotify:artist:5LEUigTSXpwrtERRcSW1N4,3
210,spotify:artist:7IDrRpDz0cOuUVC32c8PKD,spotify:artist:3Ukr3Ufjg8ygRJv7Ww887f,3
211,spotify:artist:7IDrRpDz0cOuUVC32c8PKD,spotify:artist:1PokjXeIq2zVosXbTEaNlx,3
212,spotify:artist:7IDrRpDz0cOuUVC32c8PKD,spotify:artist:0pNaVvqSvldpJl7pHpNoM9,3
213,spotify:artist:7IDrRpDz0cOuUVC32c8PKD,spotify:artist:5Q8gM5SMBT2LAoZ5LzqAvH,3
214,spotify:artist:7IDrRpDz0cOuUVC32c8PKD,spotify:artist:7lmde7T1WJPFwv1eR6melP,3
215,spotify:artist:7IDrRpDz0cOuUVC32c8PKD,spotify:artist:2wrhBKGC3DTNNNDRJPaxW6,3
216,spotify:artist:7IDrRpDz0cOuUVC32c8PKD,spotify:artist:31ir0nQWMLTowZmZO8CiBw,3
217,spotify:artist:7IDrRpDz0cOuUVC32c8PKD,spotify:artist:33HLOae9rhJfw6Mh0e8g5r,3
218,spotify:artist:7IDrRpDz0cOuUVC32c8PKD,spotify:artist:762Lq0yk2VhjIfkTVDzlhv,3
219,spotify:artist:7IDrRpDz0cOuUVC32c8PKD,spotify:artist:3N6WAAPHoIjo6na008793X,3
220,spotify:artist:1CgvL3gASrnuI8SKXr8K7F,spotify:artist:1W6z6i8gjySesldcmxtsAW,3
221,spotify:artist:1CgvL3gASrnuI8SKXr8K7F,spotify:artist:1M7LzCFWQ3rTLiUsD6qSST,3
222,spotify:artist:1CgvL3gASrnuI8SKXr8K7F,spotify:artist:5ZOh5D4MKLhU3GekPzNFam,3
223,spotify:artist:1CgvL3gASrnuI8SKXr8K7F,spotify:artist:7k8oHbK8ratXIVlYX7fVRU,3
224,spotify:artist:1CgvL3gASrnuI8SKXr8K7F,spotify:artist:0M02NJYkmh4eYhsKVAgVbJ,3
225,spotify:artist:1CgvL3gASrnuI8SKXr8K7F,spotify:artist:2idymNTKUdnTxforkb12Mw,3
226,spotify:artist:1CgvL3gASrnuI8SKXr8K7F,spotify:artist:3d1zFz2gPJbDaQDTsyNmbZ,3
227,spotify:artist:1CgvL3gASrnuI8SKXr8K7F,spotify:artist:2Sp19cOHSqAUlE64hekARW,3
228,spotify:artist:1CgvL3gASrnuI8SKXr8K7F,spotify:artist:3N6WAAPHoIjo6na008793X,3
229,spotify:artist:1CgvL3gASrnuI8SKXr8K7F,spotify:artist:6uHjKRsYGaElOrKWlSEji3,3
230,spotify:artist:1CgvL3gASrnuI8SKXr8K7F,spotify:artist:38euc5ce2q2MMzaoJcPstz,3
231,spotify:artist:1CgvL3gASrnuI8SKXr8K7F,spotify:artist:5DSSaD2HBvTDwGTsxLGjHb,3
232,spotify:artist:1CgvL3gASrnuI8SKXr8K7F,spotify:artist:2gOOxhK4K9RdxAgNDgYmlJ,3
233,spotify:artist:1CgvL3gASrnuI8SKXr8K7F,spotify:artist:0BLh5cn4nqfqoVUREx3hLj,3
234,spotify:artist:1CgvL3gASrnuI8SKXr8K7F,spotify:artist:2Ij97fuR3unjlboQfIYs31,3
235,spotify:artist:1CgvL3gASrnuI8SKXr8K7F,spotify:artist:4yvuCAFk8vERXXBf138h8S,3
236,spotify:artist:1CgvL3gASrnuI8SKXr8K7F,spotify:artist:3aCS3JvkoSr84i7ge9pA9o,3
237,spotify:artist:1CgvL3gASrnuI8SKXr8K7F,spotify:artist:0O0g9JMOVNoIgLG6dgaYMY,3
238,spotify:artist:1CgvL3gASrnuI8SKXr8K7F,spotify:artist:1CYmYyxlWBVY80Kvq5lTDg,3
239,spotify:artist:1CgvL3gASrnuI8SKXr8K7F,spotify:artist:4nnvwFUhvSQ1WLcMbKJB9V,3
240,spotify:artist:2dxi3wnJ9h9kNioaWyIpYd,spotify:artist:7IDrRpDz0cOuUVC32c8PKD,3
241,spotify:artist:2dxi3wnJ9h9kNioaWyIpYd,spotify:artist:0lmPazVDvsQ8FXDcBfKc6r,3
242,spotify:artist:2dxi3wnJ9h9kNioaWyIpYd,spotify:artist:0hFSUykrqfVXac7E3ZpiaH,3
243,spotify:artist:2dxi3wnJ9h9kNioaWyIpYd,spotify:artist:1fpXM23IoNckJ7NDAm8YJQ,3
244,spotify:artist:2dxi3wnJ9h9kNioaWyIpYd,spotify:artist:6paRdA1dkAEb0dWcIS4TOp,3
245,spotify:artist:2dxi3wnJ9h9kNioaWyIpYd,spotify:artist:0fWvSXbvztkeHEnEuYvU2A,3
246,spotify:artist:2dxi3wnJ9h9kNioaWyIpYd,spotify:artist:762Lq0yk2VhjIfkTVDzlhv,3
247,spotify:artist:2dxi3wnJ9h9kNioaWyIpYd,spotify:artist:55dlp5I9jyc4UjzlrcKMnq,3
248,spotify:artist:2dxi3wnJ9h9kNioaWyIpYd,spotify:artist:6wBUn8gMP85n8dPu6LoUcF,3
249,spotify:artist:2dxi3wnJ9h9kNioaWyIpYd,spotify:artist:0WISkx0PwT6lYWdPqKUJY8,3
250,spotify:artist:2dxi3wnJ9h9kNioaWyIpYd,spotify:artist:4DD6xBZ1INIT3yGJRQLzej,3
251,spotify:artist:2dxi3wnJ9h9kNioaWyIpYd,spotify:artist:3dmSPhg0tdao8ePj4pySJ5,3
252,spotify:artist:2dxi3wnJ9h9kNioaWyIpYd,spotify:artist:4tXPSo0qk91VMP3wFxL0Fo,3
253,spotify:artist:2dxi3wnJ9h9kNioaWyIpYd,spotify:artist:74o9NlWEiftu6kvoDpIpAA,3
254,spotify:artist:2dxi3wnJ9h9kNioaWyIpYd,spotify:artist:3N6WAAPHoIjo6na008793X,3
255,spotify:artist:2dxi3wnJ9h9kNioaWyIpYd,spotify:artist:5aD0uh1BpYTN7AzhiSDgaO,3
256,spotify:artist:2dxi3wnJ9h9kNioaWyIpYd,spotify:artist:1PokjXeIq2zVosXbTEaNlx,3
257,spotify:artist:2dxi3wnJ9h9kNioaWyIpYd,spotify:artist:4L1danWWAgSc0b7nBgY9CB,3
258,spotify:artist:2dxi3wnJ9h9kNioaWyIpYd,spotify:artist:30XB6UJMhn7v7ZDX2GlIsM,3
259,spotify:artist:2dxi3wnJ9h9kNioaWyIpYd,spotify:artist:4oV5EVJ0XFWsJKoOvdRPvl,3
260,spotify:artist:0O0g9JMOVNoIgLG6dgaYMY,spotify:artist:3B1VQErUlM3ZZ6d1EwYd2K,3
261,spotify:artist:0O0g9JMOVNoIgLG6dgaYMY,spotify:artist:046wtejcUX9rhlzw2nlveT,3
262,spotify:artist:0O0g9JMOVNoIgLG6dgaYMY,spotify:artist:7CW5MYWUsyUYiHbiTmVZHe,3
263,spotify:artist:0O0g9JMOVNoIgLG6dgaYMY,spotify:artist:1CYmYyxlWBVY80Kvq5lTDg,3
264,spotify:artist:0O0g9JMOVNoIgLG6dgaYMY,spotify:artist:1JXB7XQ9hjLB5pnr1eowKR,3
265,spotify:artist:0O0g9JMOVNoIgLG6dgaYMY,spotify:artist:4yvuCAFk8vERXXBf138h8S,3
266,spotify:artist:0O0g9JMOVNoIgLG6dgaYMY,spotify:artist:1l0eT7EY5r7U1gMVm2SyoS,3
267,spotify:artist:0O0g9JMOVNoIgLG6dgaYMY,spotify:artist:1ilhXoWIlGxz3fM4B24mNo,3
268,spotify:artist:0O0g9JMOVNoIgLG6dgaYMY,spotify:artist:5sMku8iI6FH3ypZTErz4kv,3
269,spotify:artist:0O0g9JMOVNoIgLG6dgaYMY,spotify:artist:1Ag6UM6dow2OH9V06mxzV5,3
270,spotify:artist:0O0g9JMOVNoIgLG6dgaYMY,spotify:artist:4UETUdF77BfyJ7fEFVztr3,3
271,spotify:artist:0O0g9JMOVNoIgLG6dgaYMY,spotify:artist:1e9cOgMYTLJ0KFOjmTx13F,3
272,spotify:artist:0O0g9JMOVNoIgLG6dgaYMY,spotify:artist:3UvcmAOZt64oKpP95f6MMM,3
273,spotify:artist:0O0g9JMOVNoIgLG6dgaYMY,spotify:artist:4rxXqaQUe5udkRsGRDDDIY,3
274,spotify:artist:0O0g9JMOVNoIgLG6dgaYMY,spotify:artist:4HCubdy7diarb4KZo8etrq,3
275,spotify:artist:0O0g9JMOVNoIgLG6dgaYMY,spotify:artist:3aCS3JvkoSr84i7ge9pA9o,3
276,spotify:artist:0O0g9JMOVNoIgLG6dgaYMY,spotify:artist:5MWBg16f5UYiaSlyVhzlIW,3
277,spotify:artist:0O0g9JMOVNoIgLG6dgaYMY,spotify:artist:7k8oHbK8ratXIVlYX7fVRU,3
278,spotify:artist:0O0g9JMOVNoIgLG6dgaYMY,spotify:artist:4MlLVFHiA4e7BU7vQ4r5Lh,3
279,spotify:artist:0O0g9JMOVNoIgLG6dgaYMY,spotify:artist:3BqaUtuQmqIHg7B5Bc7fP7,3
280,spotify:artist:4yvuCAFk8vERXXBf138h8S,spotify:artist:7tfS18oUEffScrxryTgwyC,3
281,spotify:artist:4yvuCAFk8vERXXBf138h8S,spotify:artist:4HCubdy7diarb4KZo8etrq,3
282,spotify:artist:4yvuCAFk8vERXXBf138h8S,spotify:artist:2kTn692duPSkqN6czSilyk,3
283,spotify:artist:4yvuCAFk8vERXXBf138h8S,spotify:artist:5CXWXFfhDhFN5uzbfUwAKt,3
284,spotify:artist:4yvuCAFk8vERXXBf138h8S,spotify:artist:1cMcFL2NdeUDYg0OtD1GeA,3
285,spotify:artist:4yvuCAFk8vERXXBf138h8S,spotify:artist:71erjwGhr3OtCqtmKuy7qr,3
286,spotify:artist:4yvuCAFk8vERXXBf138h8S,spotify:artist:0O0g9JMOVNoIgLG6dgaYMY,3
287,spotify:artist:4yvuCAFk8vERXXBf138h8S,spotify:artist:6ktzu3KxlqOqd3eKnqTCyb,3
288,spotify:artist:4yvuCAFk8vERXXBf138h8S,spotify:artist:5Qlt3zQ63Z99mNhuun0JAT,3
289,spotify:artist:4yvuCAFk8vERXXBf138h8S,spotify:artist:2Lhs0asnFQiLuntn3s8p78,3
290,spotify:artist:4yvuCAFk8vERXXBf138h8S,spotify:artist:339qxEdD8z8okRAiTp1HKf,3
291,spotify:artist:4yvuCAFk8vERXXBf138h8S,spotify:artist:2YvNi4oPdBgD45gc1UycxW,3
292,spotify:artist:4yvuCAFk8vERXXBf138h8S,spotify:artist:6soJo0dtX31T30OxtS4A39,3
293,spotify:artist:4yvuCAFk8vERXXBf138h8S,spotify:artist:1ZsnHGOLYFg8CAHQQBc1ut,3
294,spotify:artist:4yvuCAFk8vERXXBf138h8S,spotify:artist:1l0eT7EY5r7U1gMVm2SyoS,3
295,spotify:artist:4yvuCAFk8vERXXBf138h8S,spotify:artist:6uHjKRsYGaElOrKWlSEji3,3
296,spotify:artist:4yvuCAFk8vERXXBf138h8S,spotify:artist:4W1poTLCG6XjhBUVehcaMB,3
297,spotify:artist:4yvuCAFk8vERXXBf138h8S,spotify:artist:3dmSPhg0tdao8ePj4pySJ5,3
298,spotify:artist:4yvuCAFk8vERXXBf138h8S,spotify:artist:5S76x1RQk1FgHwX3y4giOO,3
299,spotify:artist:4yvuCAFk8vERXXBf138h8S,spotify:artist:1CgvL3gASrnuI8SKXr8K7F,3
300,spotify:artist:60CBjmRpwr02JwAd3Ho25U,spotify:artist:1555UFA4CyCnJEzCKikGHe,3
301,spotify:artist:60CBjmRpwr02JwAd3Ho25U,spotify:artist:5lQ9ygSr6WMqXYsG00nNNY,3
302,spotify:artist:60CBjmRpwr02JwAd3Ho25U,spotify:artist:58bGdoz5bUtPMOTzueTBOy,3
303,spotify:artist:60CBjmRpwr02JwAd3Ho25U,spotify:artist:2GATzeg62cr6sH29wSOVWe,3
304,spotify:artist:60CBjmRpwr02JwAd3Ho25U,spotify:artist:0AOyxXRa4odDG1PisHJtKx,3
305,spotify:artist:60CBjmRpwr02JwAd3Ho25U,spotify:artist:5VnYwYnG7QmpzQtxyubIwh,3
306,spotify:artist:60CBjmRpwr02JwAd3Ho25U,spotify:artist:7DnDHNnkHER4ompBXz1ibL,3
307,spotify:artist:60CBjmRpwr02JwAd3Ho25U,spotify:artist:7LMO4vkA2xYpGYbzsggPbk,3
308,spotify:artist:60CBjmRpwr02JwAd3Ho25U,spotify:artist:0wz0jO9anccPzH04N7FLBH,3
309,spotify:artist:60CBjmRpwr02JwAd3Ho25U,spotify:artist:7uRuXWkNhoHhzpqDnaEJLJ,3
310,spotify:artist:60CBjmRpwr02JwAd3Ho25U,spotify:artist:6fLY0fk62ACnHx1QAWXvEZ,3
311,spotify:artist:60CBjmRpwr02JwAd3Ho25U,spotify:artist:5AyEXCtu3xnnsTGCo4RVZh,3
312,spotify:artist:60CBjmRpwr02JwAd3Ho25U,spotify:artist:4IwOItqRhsIoRuD5HP4vyC,3
313,spotify:artist:60CBjmRpwr02JwAd3Ho25U,spotify:artist:0QwH5InvCwfL4UbYkjP9pi,3
314,spotify:artist:60CBjmRpwr02JwAd3Ho25U,spotify:artist:4YjpqCSDD7zwMQgPYJMqb0,3
315,spotify:artist:60CBjmRpwr02JwAd3Ho25U,spotify:artist:4KM9dvP8pZwLy9z7J41kq3,3
316,spotify:artist:60CBjmRpwr02JwAd3Ho25U,spotify:artist:7mbHdIVGBTlLC80ngEFJAI,3
317,spotify:artist:60CBjmRpwr02JwAd3Ho25U,spotify:artist:5pSqmI85JYRSjUtpFsdoon,3
318,spotify:artist:60CBjmRpwr02JwAd3Ho25U,spotify:artist:0pbIqPTefLfuOcbM2ojXdl,3
319,spotify:artist:60CBjmRpwr02JwAd3Ho25U,spotify:artist:6U1lmwvy3I9dIYu9RalJi6,3
320,spotify:artist:0wz0jO9anccPzH04N7FLBH,spotify:artist:2GATzeg62cr6sH29wSOVWe,3
321,spotify:artist:0wz0jO9anccPzH04N7FLBH,spotify:artist:1555UFA4CyCnJEzCKikGHe,3
322,spotify:artist:0wz0jO9anccPzH04N7FLBH,spotify:artist:60CBjmRpwr02JwAd3Ho25U,3
323,spotify:artist:0wz0jO9anccPzH04N7FLBH,spotify:artist:4G0XDEk7RbA4BBCTs917U9,3
324,spotify:artist:0wz0jO9anccPzH04N7FLBH,spotify:artist:0qt6QSruHshcWT9QOzyfZp,3
325,spotify:artist:0wz0jO9anccPzH04N7FLBH,spotify:artist:3uQ5cxFHxXddqPL58egs1z,3
326,spotify:artist:0wz0jO9anccPzH04N7FLBH,spotify:artist:2ajVJyxI4sHmTMtTA3ENko,3
327,spotify:artist:0wz0jO9anccPzH04N7FLBH,spotify:artist:5VnYwYnG7QmpzQtxyubIwh,3
328,spotify:artist:0wz0jO9anccPzH04N7FLBH,spotify:artist:5AyEXCtu3xnnsTGCo4RVZh,3
329,spotify:artist:0wz0jO9anccPzH04N7FLBH,spotify:artist:6guTJsgPymDUVfqDJyz5UG,3
330,spotify:artist:0wz0jO9anccPzH04N7FLBH,spotify:artist:64tVHZVSAZhDEiOJxnb6hE,3
331,spotify:artist:0wz0jO9anccPzH04N7FLBH,spotify:artist:4jSYHcSo85heWskYvAULio,3
332,spotify:artist:0wz0jO9anccPzH04N7FLBH,spotify:artist:1QUsHFoDqNsC0W9AlNyHWF,3
333,spotify:artist:0wz0jO9anccPzH04N7FLBH,spotify:artist:6g8Jqb5JMfv92eB2r0awTN,3
334,spotify:artist:0wz0jO9anccPzH04N7FLBH,spotify:artist:0QwH5InvCwfL4UbYkjP9pi,3
335,spotify:artist:0wz0jO9anccPzH04N7FLBH,spotify:artist:77oD8X9qLXZhpbCjv53l5n,3
336,spotify:artist:0wz0jO9anccPzH04N7FLBH,spotify:artist:2zAvisjImPICTNsRgagqlV,3
337,spotify:artist:0wz0jO9anccPzH04N7FLBH,spotify:artist:4IwOItqRhsIoRuD5HP4vyC,3
338,spotify:artist:0wz0jO9anccPzH04N7FLBH,spotify:artist:31uyAcnY0kjjKKIQZMKX4i,3
339,spotify:artist:0wz0jO9anccPzH04N7FLBH,spotify:artist:4Sw0SFu1fFdYXdAEVdrqnO,3
340,spotify:artist:1555UFA4CyCnJEzCKikGHe,spotify:artist:58bGdoz5bUtPMOTzueTBOy,3
341,spotify:artist:1555UFA4CyCnJEzCKikGHe,spotify:artist:60CBjmRpwr02JwAd3Ho25U,3
342,spotify:artist:1555UFA4CyCnJEzCKikGHe,spotify:artist:5lQ9ygSr6WMqXYsG00nNNY,3
343,spotify:artist:1555UFA4CyCnJEzCKikGHe,spotify:artist:2GATzeg62cr6sH29wSOVWe,3
344,spotify:artist:1555UFA4CyCnJEzCKikGHe,spotify:artist:0AOyxXRa4odDG1PisHJtKx,3
345,spotify:artist:1555UFA4CyCnJEzCKikGHe,spotify:artist:7DnDHNnkHER4ompBXz1ibL,3
346,spotify:artist:1555UFA4CyCnJEzCKikGHe,spotify:artist:5VnYwYnG7QmpzQtxyubIwh,3
347,spotify:artist:1555UFA4CyCnJEzCKikGHe,spotify:artist:7LMO4vkA2xYpGYbzsggPbk,3
348,spotify:artist:1555UFA4CyCnJEzCKikGHe,spotify:artist:0wz0jO9anccPzH04N7FLBH,3
349,spotify:artist:1555UFA4CyCnJEzCKikGHe,spotify:artist:7uRuXWkNhoHhzpqDnaEJLJ,3
350,spotify:artist:1555UFA4CyCnJEzCKikGHe,spotify:artist:6fLY0fk62ACnHx1QAWXvEZ,3
351,spotify:artist:1555UFA4CyCnJEzCKikGHe,spotify:artist:5AyEXCtu3xnnsTGCo4RVZh,3
352,spotify:artist:1555UFA4CyCnJEzCKikGHe,spotify:artist:4KM9dvP8pZwLy9z7J41kq3,3
353,spotify:artist:1555UFA4CyCnJEzCKikGHe,spotify:artist:3SpA64SUzDeu1Q4MztoGw3,3
354,spotify:artist:1555UFA4CyCnJEzCKikGHe,spotify:artist:6U1lmwvy3I9dIYu9RalJi6,3
355,spotify:artist:1555UFA4CyCnJEzCKikGHe,spotify:artist:0QwH5InvCwfL4UbYkjP9pi,3
356,spotify:artist:1555UFA4CyCnJEzCKikGHe,spotify:artist:376EkILFaF7BFBHr9Rzn7A,3
357,spotify:artist:1555UFA4CyCnJEzCKikGHe,spotify:artist:4YjpqCSDD7zwMQgPYJMqb0,3
358,spotify:artist:1555UFA4CyCnJEzCKikGHe,spotify:artist:4IwOItqRhsIoRuD5HP4vyC,3
359,spotify:artist:1555UFA4CyCnJEzCKikGHe,spotify:artist:0pbIqPTefLfuOcbM2ojXdl,3
360,spotify:artist:6paRdA1dkAEb0dWcIS4TOp,spotify:artist:6w7fc6IZlo5zwBaKT5jU1X,3
361,spotify:artist:6paRdA1dkAEb0dWcIS4TOp,spotify:artist:4DD6xBZ1INIT3yGJRQLzej,3
362,spotify:artist:6paRdA1dkAEb0dWcIS4TOp,spotify:artist:0fWvSXbvztkeHEnEuYvU2A,3
363,spotify:artist:6paRdA1dkAEb0dWcIS4TOp,spotify:artist:7IDrRpDz0cOuUVC32c8PKD,3
364,spotify:artist:6paRdA1dkAEb0dWcIS4TOp,spotify:artist:3N6WAAPHoIjo6na008793X,3
365,spotify:artist:6paRdA1dkAEb0dWcIS4TOp,spotify:artist:2dxi3wnJ9h9kNioaWyIpYd,3
366,spotify:artist:6paRdA1dkAEb0dWcIS4TOp,spotify:artist:1S5IUHJTlPOp5GJVL0sWha,3
367,spotify:artist:6paRdA1dkAEb0dWcIS4TOp,spotify:artist:5ZOh5D4MKLhU3GekPzNFam,3
368,spotify:artist:6paRdA1dkAEb0dWcIS4TOp,spotify:artist:4Aq4ePZT5OKPz94Fd1stey,3
369,spotify:artist:6paRdA1dkAEb0dWcIS4TOp,spotify:artist:5DEkBipkFl3aQHfkB9PZmg,3
370,spotify:artist:6paRdA1dkAEb0dWcIS4TOp,spotify:artist:5LEUigTSXpwrtERRcSW1N4,3
371,spotify:artist:6paRdA1dkAEb0dWcIS4TOp,spotify:artist:31ir0nQWMLTowZmZO8CiBw,3
372,spotify:artist:6paRdA1dkAEb0dWcIS4TOp,spotify:artist:1PokjXeIq2zVosXbTEaNlx,3
373,spotify:artist:6paRdA1dkAEb0dWcIS4TOp,spotify:artist:4L1danWWAgSc0b7nBgY9CB,3
374,spotify:artist:6paRdA1dkAEb0dWcIS4TOp,spotify:artist:5xU5wRTlZHVRoo2OxPvqA4,3
375,spotify:artist:6paRdA1dkAEb0dWcIS4TOp,spotify:artist:2Sp19cOHSqAUlE64hekARW,3
376,spotify:artist:6paRdA1dkAEb0dWcIS4TOp,spotify:artist:267VY6GX5LyU5c9M85ECZQ,3
377,spotify:artist:6paRdA1dkAEb0dWcIS4TOp,spotify:artist:2xoDN5GlMYE7ebaMKrx0Lv,3
378,spotify:artist:6paRdA1dkAEb0dWcIS4TOp,spotify:artist:0ZY9xX3ninRS8dDz82nRQS,3
379,spotify:artist:6paRdA1dkAEb0dWcIS4TOp,spotify:artist:7lmde7T1WJPFwv1eR6melP,3
380,spotify:artist:2l7DkzVuYJW700mR7r43un,spotify:artist:6Jg1WSoV27sDj7N2WRFPqo,3
381,spotify:artist:2l7DkzVuYJW700mR7r43un,spotify:artist:7gqsi6aBSkRMJoL9psKqMr,3
382,spotify:artist:2l7DkzVuYJW700mR7r43un,spotify:artist:4ePunOqQbOYoQwd1298g3Z,3
383,spotify:artist:2l7DkzVuYJW700mR7r43un,spotify:artist:2zAvisjImPICTNsRgagqlV,3
384,spotify:artist:2l7DkzVuYJW700mR7r43un,spotify:artist:3uQ5cxFHxXddqPL58egs1z,3
385,spotify:artist:2l7DkzVuYJW700mR7r43un,spotify:artist:2k07pWgpJiFIbb9q1yJ36B,3
386,spotify:artist:2l7DkzVuYJW700mR7r43un,spotify:artist:4tBNwdhdWAXGzzaPTp9dRE,3
387,spotify:artist:2l7DkzVuYJW700mR7r43un,spotify:artist:4OogVxC2vWAsXsTYXctXi1,3
388,spotify:artist:2l7DkzVuYJW700mR7r43un,spotify:artist:2EEw2tt8AJcH9qXUeB96Oc,3
389,spotify:artist:2l7DkzVuYJW700mR7r43un,spotify:artist:2ajVJyxI4sHmTMtTA3ENko,3
390,spotify:artist:2l7DkzVuYJW700mR7r43un,spotify:artist:2Lhs0asnFQiLuntn3s8p78,3
391,spotify:artist:2l7DkzVuYJW700mR7r43un,spotify:artist:7EFfGZiKL1Ud3cspnlMq4H,3
392,spotify:artist:2l7DkzVuYJW700mR7r43un,spotify:artist:0Z6hyoqGpchajBS8Gt3c0l,3
393,spotify:artist:2l7DkzVuYJW700mR7r43un,spotify:artist:0qt6QSruHshcWT9QOzyfZp,3
394,spotify:artist:2l7DkzVuYJW700mR7r43un,spotify:artist:6ZWMXMg25PGVCaoYZXQSyn,3
395,spotify:artist:2l7DkzVuYJW700mR7r43un,spotify:artist:3mv2eHwrIONSkviASDMRMa,3
396,spotify:artist:2l7DkzVuYJW700mR7r43un,spotify:artist:2GATzeg62cr6sH29wSOVWe,3
397,spotify:artist:2l7DkzVuYJW700mR7r43un,spotify:artist:53PYmJ7bACIX8gkVoTkCIr,3
398,spotify:artist:2l7DkzVuYJW700mR7r43un,spotify:artist:4G0XDEk7RbA4BBCTs917U9,3
399,spotify:artist:2l7DkzVuYJW700mR7r43un,spotify:artist:3gSfOAPCvsDDVDBeSLl9v6,3
400,spotify:artist:5lQ9ygSr6WMqXYsG00nNNY,spotify:artist:1555UFA4CyCnJEzCKikGHe,3
401,spotify:artist:5lQ9ygSr6WMqXYsG00nNNY,spotify:artist:58bGdoz5bUtPMOTzueTBOy,3
402,spotify:artist:5lQ9ygSr6WMqXYsG00nNNY,spotify:artist:3cr4dt9xFGBcEPMulGzSAY,3
403,spotify:artist:5lQ9ygSr6WMqXYsG00nNNY,spotify:artist:7uRuXWkNhoHhzpqDnaEJLJ,3
404,spotify:artist:5lQ9ygSr6WMqXYsG00nNNY,spotify:artist:60CBjmRpwr02JwAd3Ho25U,3
405,spotify:artist:5lQ9ygSr6WMqXYsG00nNNY,spotify:artist:7DnDHNnkHER4ompBXz1ibL,3
406,spotify:artist:5lQ9ygSr6WMqXYsG00nNNY,spotify:artist:5koTBxO31TIzxRzBvsxzwH,3
407,spotify:artist:5lQ9ygSr6WMqXYsG00nNNY,spotify:artist:2GATzeg62cr6sH29wSOVWe,3
408,spotify:artist:5lQ9ygSr6WMqXYsG00nNNY,spotify:artist:0AOyxXRa4odDG1PisHJtKx,3
409,spotify:artist:5lQ9ygSr6WMqXYsG00nNNY,spotify:artist:3E0mWdVTnj9CjQ95ROn9tr,3
410,spotify:artist:5lQ9ygSr6WMqXYsG00nNNY,spotify:artist:5wHiveROLh1eOGVqbqkBnj,3
411,spotify:artist:5lQ9ygSr6WMqXYsG00nNNY,spotify:artist:5VnYwYnG7QmpzQtxyubIwh,3
412,spotify:artist:5lQ9ygSr6WMqXYsG00nNNY,spotify:artist:0qt6QSruHshcWT9QOzyfZp,3
413,spotify:artist:5lQ9ygSr6WMqXYsG00nNNY,spotify:artist:0wz0jO9anccPzH04N7FLBH,3
414,spotify:artist:5lQ9ygSr6WMqXYsG00nNNY,spotify:artist:1XW5L5zIBqMw7sqkkuIi5n,3
415,spotify:artist:5lQ9ygSr6WMqXYsG00nNNY,spotify:artist:0BFRrMqOHuc1fxGWXMinHd,3
416,spotify:artist:5lQ9ygSr6WMqXYsG00nNNY,spotify:artist:6fLY0fk62ACnHx1QAWXvEZ,3
417,spotify:artist:5lQ9ygSr6WMqXYsG00nNNY,spotify:artist:7LMO4vkA2xYpGYbzsggPbk,3
418,spotify:artist:5lQ9ygSr6WMqXYsG00nNNY,spotify:artist:6uHjKRsYGaElOrKWlSEji3,3
419,spotify:artist:5lQ9ygSr6WMqXYsG00nNNY,spotify:artist:4G0XDEk7RbA4BBCTs917U9,3
420,spotify:artist:2GATzeg62cr6sH29wSOVWe,spotify:artist:4G0XDEk7RbA4BBCTs917U9,3
421,spotify:artist:2GATzeg62cr6sH29wSOVWe,spotify:artist:1555UFA4CyCnJEzCKikGHe,3
422,spotify:artist:2GATzeg62cr6sH29wSOVWe,spotify:artist:0qt6QSruHshcWT9QOzyfZp,3
423,spotify:artist:2GATzeg62cr6sH29wSOVWe,spotify:artist:0wz0jO9anccPzH04N7FLBH,3
424,spotify:artist:2GATzeg62cr6sH29wSOVWe,spotify:artist:5VnYwYnG7QmpzQtxyubIwh,3
425,spotify:artist:2GATzeg62cr6sH29wSOVWe,spotify:artist:60CBjmRpwr02JwAd3Ho25U,3
426,spotify:artist:2GATzeg62cr6sH29wSOVWe,spotify:artist:5lQ9ygSr6WMqXYsG00nNNY,3
427,spotify:artist:2GATzeg62cr6sH29wSOVWe,spotify:artist:3uQ5cxFHxXddqPL58egs1z,3
428,spotify:artist:2GATzeg62cr6sH29wSOVWe,spotify:artist:4jSYHcSo85heWskYvAULio,3
429,spotify:artist:2GATzeg62cr6sH29wSOVWe,spotify:artist:2ajVJyxI4sHmTMtTA3ENko,3
430,spotify:artist:2GATzeg62cr6sH29wSOVWe,spotify:artist:6uHjKRsYGaElOrKWlSEji3,3
431,spotify:artist:2GATzeg62cr6sH29wSOVWe,spotify:artist:7DnDHNnkHER4ompBXz1ibL,3
432,spotify:artist:2GATzeg62cr6sH29wSOVWe,spotify:artist:64tVHZVSAZhDEiOJxnb6hE,3
433,spotify:artist:2GATzeg62cr6sH29wSOVWe,spotify:artist:6guTJsgPymDUVfqDJyz5UG,3
434,spotify:artist:2GATzeg62cr6sH29wSOVWe,spotify:artist:0QwH5InvCwfL4UbYkjP9pi,3
435,spotify:artist:2GATzeg62cr6sH29wSOVWe,spotify:artist:7Ht57YadlBXcFJDK3plmhO,3
436,spotify:artist:2GATzeg62cr6sH29wSOVWe,spotify:artist:5AyEXCtu3xnnsTGCo4RVZh,3
437,spotify:artist:2GATzeg62cr6sH29wSOVWe,spotify:artist:2l7DkzVuYJW700mR7r43un,3
438,spotify:artist:2GATzeg62cr6sH29wSOVWe,spotify:artist:0AOyxXRa4odDG1PisHJtKx,3
439,spotify:artist:2GATzeg62cr6sH29wSOVWe,spotify:artist:4tBNwdhdWAXGzzaPTp9dRE,3
440,spotify:artist:0qt6QSruHshcWT9QOzyfZp,spotify:artist:4G0XDEk7RbA4BBCTs917U9,3
441,spotify:artist:0qt6QSruHshcWT9QOzyfZp,spotify:artist:2GATzeg62cr6sH29wSOVWe,3
442,spotify:artist:0qt6QSruHshcWT9QOzyfZp,spotify:artist:4tBNwdhdWAXGzzaPTp9dRE,3
443,spotify:artist:0qt6QSruHshcWT9QOzyfZp,spotify:artist:3uQ5cxFHxXddqPL58egs1z,3
444,spotify:artist:0qt6QSruHshcWT9QOzyfZp,spotify:artist:79JJCxCCfJ8HufX6w8q2k4,3
445,spotify:artist:0qt6QSruHshcWT9QOzyfZp,spotify:artist:2k07pWgpJiFIbb9q1yJ36B,3
446,spotify:artist:0qt6QSruHshcWT9QOzyfZp,spotify:artist:2l7DkzVuYJW700mR7r43un,3
447,spotify:artist:0qt6QSruHshcWT9QOzyfZp,spotify:artist:2zAvisjImPICTNsRgagqlV,3
448,spotify:artist:0qt6QSruHshcWT9QOzyfZp,spotify:artist:2ajVJyxI4sHmTMtTA3ENko,3
449,spotify:artist:0qt6QSruHshcWT9QOzyfZp,spotify:artist:5pYsvK3zKJT4wzt2L399H4,3
450,spotify:artist:0qt6QSruHshcWT9QOzyfZp,spotify:artist:2Lhs0asnFQiLuntn3s8p78,3
451,spotify:artist:0qt6QSruHshcWT9QOzyfZp,spotify:artist:0wz0jO9anccPzH04N7FLBH,3
452,spotify:artist:0qt6QSruHshcWT9QOzyfZp,spotify:artist:5lQ9ygSr6WMqXYsG00nNNY,3
453,spotify:artist:0qt6QSruHshcWT9QOzyfZp,spotify:artist:6uHjKRsYGaElOrKWlSEji3,3
454,spotify:artist:0qt6QSruHshcWT9QOzyfZp,spotify:artist:7EFfGZiKL1Ud3cspnlMq4H,3
455,spotify:artist:0qt6QSruHshcWT9QOzyfZp,spotify:artist:6TTJ0xLPPNDyv4bXyukzU4,3
456,spotify:artist:0qt6QSruHshcWT9QOzyfZp,spotify:artist:2EEw2tt8AJcH9qXUeB96Oc,3
457,spotify:artist:0qt6QSruHshcWT9QOzyfZp,spotify:artist:7gqsi6aBSkRMJoL9psKqMr,3
458,spotify:artist:0qt6QSruHshcWT9QOzyfZp,spotify:artist:2oAKV8mT3NB1hZbGbGcdYB,3
459,spotify:artist:0qt6QSruHshcWT9QOzyfZp,spotify:artist:1555UFA4CyCnJEzCKikGHe,3
460,spotify:artist:6uHjKRsYGaElOrKWlSEji3,spotify:artist:4W1poTLCG6XjhBUVehcaMB,3
461,spotify:artist:6uHjKRsYGaElOrKWlSEji3,spotify:artist:2GATzeg62cr6sH29wSOVWe,3
462,spotify:artist:6uHjKRsYGaElOrKWlSEji3,spotify:artist:0qt6QSruHshcWT9QOzyfZp,3
463,spotify:artist:6uHjKRsYGaElOrKWlSEji3,spotify:artist:339qxEdD8z8okRAiTp1HKf,3
464,spotify:artist:6uHjKRsYGaElOrKWlSEji3,spotify:artist:7EFfGZiKL1Ud3cspnlMq4H,3
465,spotify:artist:6uHjKRsYGaElOrKWlSEji3,spotify:artist:1XW5L5zIBqMw7sqkkuIi5n,3
466,spotify:artist:6uHjKRsYGaElOrKWlSEji3,spotify:artist:5lQ9ygSr6WMqXYsG00nNNY,3
467,spotify:artist:6uHjKRsYGaElOrKWlSEji3,spotify:artist:2Lhs0asnFQiLuntn3s8p78,3
468,spotify:artist:6uHjKRsYGaElOrKWlSEji3,spotify:artist:31ir0nQWMLTowZmZO8CiBw,3
469,spotify:artist:6uHjKRsYGaElOrKWlSEji3,spotify:artist:2zTCLiQ8OUIWEyV6eZWzFy,3
470,spotify:artist:6uHjKRsYGaElOrKWlSEji3,spotify:artist:7IDrRpDz0cOuUVC32c8PKD,3
471,spotify:artist:6uHjKRsYGaElOrKWlSEji3,spotify:artist:1CgvL3gASrnuI8SKXr8K7F,3
472,spotify:artist:6uHjKRsYGaElOrKWlSEji3,spotify:artist:2dxi3wnJ9h9kNioaWyIpYd,3
473,spotify:artist:6uHjKRsYGaElOrKWlSEji3,spotify:artist:0O0g9JMOVNoIgLG6dgaYMY,3
474,spotify:artist:6uHjKRsYGaElOrKWlSEji3,spotify:artist:4yvuCAFk8vERXXBf138h8S,3
475,spotify:artist:6uHjKRsYGaElOrKWlSEji3,spotify:artist:60CBjmRpwr02JwAd3Ho25U,3
476,spotify:artist:6uHjKRsYGaElOrKWlSEji3,spotify:artist:0wz0jO9anccPzH04N7FLBH,3
477,spotify:artist:6uHjKRsYGaElOrKWlSEji3,spotify:artist:1555UFA4CyCnJEzCKikGHe,3
478,spotify:artist:6uHjKRsYGaElOrKWlSEji3,spotify:artist:6paRdA1dkAEb0dWcIS4TOp,3
479,spotify:artist:6uHjKRsYGaElOrKWlSEji3,spotify:artist:2l7DkzVuYJW700mR7r43un,3
480,spotify:artist:0wz0jO9anccPzH04N7FLBH,spotify:artist:2GATzeg62cr6sH29wSOVWe,3
481,spotify:artist:0wz0jO9anccPzH04N7FLBH,spotify:artist:1555UFA4CyCnJEzCKikGHe,3
482,spotify:artist:0wz0jO9anccPzH04N7FLBH,spotify:artist:60CBjmRpwr02JwAd3Ho25U,3
483,spotify:artist:0wz0jO9anccPzH04N7FLBH,spotify:artist:4G0XDEk7RbA4BBCTs917U9,3
484,spotify:artist:0wz0jO9anccPzH04N7FLBH,spotify:artist:0qt6QSruHshcWT9QOzyfZp,3
485,spotify:artist:0wz0jO9anccPzH04N7FLBH,spotify:artist:3uQ5cxFHxXddqPL58egs1z,3
486,spotify:artist:0wz0jO9anccPzH04N7FLBH,spotify:artist:2ajVJyxI4sHmTMtTA3ENko,3
487,spotify:artist:0wz0jO9anccPzH04N7FLBH,spotify:artist:5VnYwYnG7QmpzQtxyubIwh,3
488,spotify:artist:0wz0jO9anccPzH04N7FLBH,spotify:artist:5AyEXCtu3xnnsTGCo4RVZh,3
489,spotify:artist:0wz0jO9anccPzH04N7FLBH,spotify:artist:6guTJsgPymDUVfqDJyz5UG,3
490,spotify:artist:0wz0jO9anccPzH04N7FLBH,spotify:artist:64tVHZVSAZhDEiOJxnb6hE,3
491,spotify:artist:0wz0jO9anccPzH04N7FLBH,spotify:artist:4jSYHcSo85heWskYvAULio,3
492,spotify:artist:0wz0jO9anccPzH04N7FLBH,spotify:artist:1QUsHFoDqNsC0W9AlNyHWF,3
493,spotify:artist:0wz0jO9anccPzH04N7FLBH,spotify:artist:6g8Jqb5JMfv92eB2r0awTN,3
494,spotify:artist:0wz0jO9anccPzH04N7FLBH,spotify:artist:0QwH5InvCwfL4UbYkjP9pi,3
495,spotify:artist:0wz0jO9anccPzH04N7FLBH,spotify:artist:77oD8X9qLXZhpbCjv53l5n,3
496,spotify:artist:0wz0jO9anccPzH04N7FLBH,spotify:artist:2zAvisjImPICTNsRgagqlV,3
497,spotify:artist:0wz0jO9anccPzH04N7FLBH,spotify:artist:4IwOItqRhsIoRuD5HP4vyC,3
498,spotify:artist:0wz0jO9anccPzH04N7FLBH,spotify:artist:31uyAcnY0kjjKKIQZMKX4i,3
499,spotify:artist:0wz0jO9anccPzH04N7FLBH,spotify:artist:4Sw0SFu1fFdYXdAEVdrqnO,3
500,spotify:artist:70gvc4NvTwgBpEB1goYy8z,spotify:artist:3dmSPhg0tdao8ePj4pySJ5,3
501,spotify:artist:70gvc4NvTwgBpEB1goYy8z,spotify:artist:339qxEdD8z8okRAiTp1HKf,3
502,spotify:artist:70gvc4NvTwgBpEB1goYy8z,spotify:artist:2Lhs0asnFQiLuntn3s8p78,3
503,spotify:artist:70gvc4NvTwgBpEB1goYy8z,spotify:artist:2oAKV8mT3NB1hZbGbGcdYB,3
504,spotify:artist:70gvc4NvTwgBpEB1goYy8z,spotify:artist:6MnQV8O2R0Oci41F4HLB59,3
505,spotify:artist:70gvc4NvTwgBpEB1goYy8z,spotify:artist:1XW5L5zIBqMw7sqkkuIi5n,3
506,spotify:artist:70gvc4NvTwgBpEB1goYy8z,spotify:artist:5RyAbJ3y4yw8EbDcRblB8S,3
507,spotify:artist:70gvc4NvTwgBpEB1goYy8z,spotify:artist:0qt6QSruHshcWT9QOzyfZp,3
508,spotify:artist:70gvc4NvTwgBpEB1goYy8z,spotify:artist:2zAvisjImPICTNsRgagqlV,3
509,spotify:artist:70gvc4NvTwgBpEB1goYy8z,spotify:artist:6M5FR3JkFFVDkgwtO6Vtz6,3
510,spotify:artist:70gvc4NvTwgBpEB1goYy8z,spotify:artist:7EFfGZiKL1Ud3cspnlMq4H,3
511,spotify:artist:70gvc4NvTwgBpEB1goYy8z,spotify:artist:08w6KQXL60XUftg3Ds3177,3
512,spotify:artist:70gvc4NvTwgBpEB1goYy8z,spotify:artist:4tBNwdhdWAXGzzaPTp9dRE,3
513,spotify:artist:70gvc4NvTwgBpEB1goYy8z,spotify:artist:4HEIKb9PGw8MG7Am50ev98,3
514,spotify:artist:70gvc4NvTwgBpEB1goYy8z,spotify:artist:5tgz5nUmXzQkGo7i0RczvC,3
515,spotify:artist:70gvc4NvTwgBpEB1goYy8z,spotify:artist:3uQ5cxFHxXddqPL58egs1z,3
516,spotify:artist:70gvc4NvTwgBpEB1goYy8z,spotify:artist:2l7DkzVuYJW700mR7r43un,3
517,spotify:artist:70gvc4NvTwgBpEB1goYy8z,spotify:artist:2ajVJyxI4sHmTMtTA3ENko,3
518,spotify:artist:70gvc4NvTwgBpEB1goYy8z,spotify:artist:7gqsi6aBSkRMJoL9psKqMr,3
519,spotify:artist:70gvc4NvTwgBpEB1goYy8z,spotify:artist:1RM5gp0RFfjpJhCYFPB30p,3
520,spotify:artist:4W1poTLCG6XjhBUVehcaMB,spotify:artist:6uHjKRsYGaElOrKWlSEji3,3
521,spotify:artist:4W1poTLCG6XjhBUVehcaMB,spotify:artist:1XW5L5zIBqMw7sqkkuIi5n,3
522,spotify:artist:4W1poTLCG6XjhBUVehcaMB,spotify:artist:0qt6QSruHshcWT9QOzyfZp,3
523,spotify:artist:4W1poTLCG6XjhBUVehcaMB,spotify:artist:7EFfGZiKL1Ud3cspnlMq4H,3
524,spotify:artist:4W1poTLCG6XjhBUVehcaMB,spotify:artist:339qxEdD8z8okRAiTp1HKf,3
525,spotify:artist:4W1poTLCG6XjhBUVehcaMB,spotify:artist:2Lhs0asnFQiLuntn3s8p78,3
526,spotify:artist:4W1poTLCG6XjhBUVehcaMB,spotify:artist:4yvuCAFk8vERXXBf138h8S,3
527,spotify:artist:4W1poTLCG6XjhBUVehcaMB,spotify:artist:2zTCLiQ8OUIWEyV6eZWzFy,3
528,spotify:artist:4W1poTLCG6XjhBUVehcaMB,spotify:artist:2GATzeg62cr6sH29wSOVWe,3
529,spotify:artist:4W1poTLCG6XjhBUVehcaMB,spotify:artist:1CgvL3gASrnuI8SKXr8K7F,3
530,spotify:artist:4W1poTLCG6XjhBUVehcaMB,spotify:artist:2oAKV8mT3NB1hZbGbGcdYB,3
531,spotify:artist:4W1poTLCG6XjhBUVehcaMB,spotify:artist:0O0g9JMOVNoIgLG6dgaYMY,3
532,spotify:artist:4W1poTLCG6XjhBUVehcaMB,spotify:artist:2dxi3wnJ9h9kNioaWyIpYd,3
533,spotify:artist:4W1poTLCG6XjhBUVehcaMB,spotify:artist:3dmSPhg0tdao8ePj4pySJ5,3
534,spotify:artist:4W1poTLCG6XjhBUVehcaMB,spotify:artist:5lQ9ygSr6WMqXYsG00nNNY,3
535,spotify:artist:4W1poTLCG6XjhBUVehcaMB,spotify:artist:7tfS18oUEffScrxryTgwyC,3
536,spotify:artist:4W1poTLCG6XjhBUVehcaMB,spotify:artist:0TeVWuc8Sw05X4Qkl3AA5r,3
537,spotify:artist:4W1poTLCG6XjhBUVehcaMB,spotify:artist:5GIfMirlXQh4saiInbfRwm,3
538,spotify:artist:4W1poTLCG6XjhBUVehcaMB,spotify:artist:2zAvisjImPICTNsRgagqlV,3
539,spotify:artist:4W1poTLCG6XjhBUVehcaMB,spotify:artist:0M02NJYkmh4eYhsKVAgVbJ,3
540,spotify:artist:2Lhs0asnFQiLuntn3s8p78,spotify:artist:339qxEdD8z8okRAiTp1HKf,3
541,spotify:artist:2Lhs0asnFQiLuntn3s8p78,spotify:artist:2oAKV8mT3NB1hZbGbGcdYB,3
542,spotify:artist:2Lhs0asnFQiLuntn3s8p78,spotify:artist:2zAvisjImPICTNsRgagqlV,3
543,spotify:artist:2Lhs0asnFQiLuntn3s8p78,spotify:artist:2l7DkzVuYJW700mR7r43un,3
544,spotify:artist:2Lhs0asnFQiLuntn3s8p78,spotify:artist:3uQ5cxFHxXddqPL58egs1z,3
545,spotify:artist:2Lhs0asnFQiLuntn3s8p78,spotify:artist:2k07pWgpJiFIbb9q1yJ36B,3
546,spotify:artist:2Lhs0asnFQiLuntn3s8p78,spotify:artist:7EFfGZiKL1Ud3cspnlMq4H,3
547,spotify:artist:2Lhs0asnFQiLuntn3s8p78,spotify:artist:3dmSPhg0tdao8ePj4pySJ5,3
548,spotify:artist:2Lhs0asnFQiLuntn3s8p78,spotify:artist:79JJCxCCfJ8HufX6w8q2k4,3
549,spotify:artist:2Lhs0asnFQiLuntn3s8p78,spotify:artist:0qt6QSruHshcWT9QOzyfZp,3
550,spotify:artist:2Lhs0asnFQiLuntn3s8p78,spotify:artist:7gqsi6aBSkRMJoL9psKqMr,3
551,spotify:artist:2Lhs0asnFQiLuntn3s8p78,spotify:artist:2ajVJyxI4sHmTMtTA3ENko,3
552,spotify:artist:2Lhs0asnFQiLuntn3s8p78,spotify:artist:2EEw2tt8AJcH9qXUeB96Oc,3
553,spotify:artist:2Lhs0asnFQiLuntn3s8p78,spotify:artist:4G0XDEk7RbA4BBCTs917U9,3
554,spotify:artist:2Lhs0asnFQiLuntn3s8p78,spotify:artist:70gvc4NvTwgBpEB1goYy8z,3
555,spotify:artist:2Lhs0asnFQiLuntn3s8p78,spotify:artist:2rDxtYUzTAYJJE3Bl3Z5IN,3
556,spotify:artist:2Lhs0asnFQiLuntn3s8p78,spotify:artist:1OmdWpAh1pucAuZPzJaxIJ,3
557,spotify:artist:2Lhs0asnFQiLuntn3s8p78,spotify:artist:2zTCLiQ8OUIWEyV6eZWzFy,3
558,spotify:artist:2Lhs0asnFQiLuntn3s8p78,spotify:artist:4ePunOqQbOYoQwd1298g3Z,3
559,spotify:artist:2Lhs0asnFQiLuntn3s8p78,spotify:artist:4yvuCAFk8vERXXBf138h8S,3
560,spotify:artist:1555UFA4CyCnJEzCKikGHe,spotify:artist:58bGdoz5bUtPMOTzueTBOy,3
561,spotify:artist:1555UFA4CyCnJEzCKikGHe,spotify:artist:60CBjmRpwr02JwAd3Ho25U,3
562,spotify:artist:1555UFA4CyCnJEzCKikGHe,spotify:artist:5lQ9ygSr6WMqXYsG00nNNY,3
563,spotify:artist:1555UFA4CyCnJEzCKikGHe,spotify:artist:2GATzeg62cr6sH29wSOVWe,3
564,spotify:artist:1555UFA4CyCnJEzCKikGHe,spotify:artist:0AOyxXRa4odDG1PisHJtKx,3
565,spotify:artist:1555UFA4CyCnJEzCKikGHe,spotify:artist:7DnDHNnkHER4ompBXz1ibL,3
566,spotify:artist:1555UFA4CyCnJEzCKikGHe,spotify:artist:5VnYwYnG7QmpzQtxyubIwh,3
567,spotify:artist:1555UFA4CyCnJEzCKikGHe,spotify:artist:7LMO4vkA2xYpGYbzsggPbk,3
568,spotify:artist:1555UFA4CyCnJEzCKikGHe,spotify:artist:0wz0jO9anccPzH04N7FLBH,3
569,spotify:artist:1555UFA4CyCnJEzCKikGHe,spotify:artist:7uRuXWkNhoHhzpqDnaEJLJ,3
570,spotify:artist:1555UFA4CyCnJEzCKikGHe,spotify:artist:6fLY0fk62ACnHx1QAWXvEZ,3
571,spotify:artist:1555UFA4CyCnJEzCKikGHe,spotify:artist:5AyEXCtu3xnnsTGCo4RVZh,3
572,spotify:artist:1555UFA4CyCnJEzCKikGHe,spotify:artist:4KM9dvP8pZwLy9z7J41kq3,3
573,spotify:artist:1555UFA4CyCnJEzCKikGHe,spotify:artist:3SpA64SUzDeu1Q4MztoGw3,3
574,spotify:artist:1555UFA4CyCnJEzCKikGHe,spotify:artist:6U1lmwvy3I9dIYu9RalJi6,3
575,spotify:artist:1555UFA4CyCnJEzCKikGHe,spotify:artist:0QwH5InvCwfL4UbYkjP9pi,3
576,spotify:artist:1555UFA4CyCnJEzCKikGHe,spotify:artist:376EkILFaF7BFBHr9Rzn7A,3
577,spotify:artist:1555UFA4CyCnJEzCKikGHe,spotify:artist:4YjpqCSDD7zwMQgPYJMqb0,3
578,spotify:artist:1555UFA4CyCnJEzCKikGHe,spotify:artist:4IwOItqRhsIoRuD5HP4vyC,3
579,spotify:artist:1555UFA4CyCnJEzCKikGHe,spotify:artist:0pbIqPTefLfuOcbM2ojXdl,3
580,spotify:artist:4HEIKb9PGw8MG7Am50ev98,spotify:artist:3TScZ6zJkavDy0tqoGqiCf,3
581,spotify:artist:4HEIKb9PGw8MG7Am50ev98,spotify:artist:3dmSPhg0tdao8ePj4pySJ5,3
582,spotify:artist:4HEIKb9PGw8MG7Am50ev98,spotify:artist:1ZsnHGOLYFg8CAHQQBc1ut,3
583,spotify:artist:4HEIKb9PGw8MG7Am50ev98,spotify:artist:77oD8X9qLXZhpbCjv53l5n,3
584,spotify:artist:4HEIKb9PGw8MG7Am50ev98,spotify:artist:2Lhs0asnFQiLuntn3s8p78,3
585,spotify:artist:4HEIKb9PGw8MG7Am50ev98,spotify:artist:1XW5L5zIBqMw7sqkkuIi5n,3
586,spotify:artist:4HEIKb9PGw8MG7Am50ev98,spotify:artist:70gvc4NvTwgBpEB1goYy8z,3
587,spotify:artist:4HEIKb9PGw8MG7Am50ev98,spotify:artist:4YsP5zmteLQ7etNjHAOu30,3
588,spotify:artist:4HEIKb9PGw8MG7Am50ev98,spotify:artist:5EOPLr73C9nIPYwVEAsiOY,3
589,spotify:artist:4HEIKb9PGw8MG7Am50ev98,spotify:artist:339qxEdD8z8okRAiTp1HKf,3
590,spotify:artist:4HEIKb9PGw8MG7Am50ev98,spotify:artist:2oAKV8mT3NB1hZbGbGcdYB,3
591,spotify:artist:4HEIKb9PGw8MG7Am50ev98,spotify:artist:0wz0jO9anccPzH04N7FLBH,3
592,spotify:artist:4HEIKb9PGw8MG7Am50ev98,spotify:artist:0qt6QSruHshcWT9QOzyfZp,3
593,spotify:artist:4HEIKb9PGw8MG7Am50ev98,spotify:artist:7EV6jW6dotBdvsHj6xPixi,3
594,spotify:artist:4HEIKb9PGw8MG7Am50ev98,spotify:artist:4IDoKaZIEacb3QncU8RQMp,3
595,spotify:artist:4HEIKb9PGw8MG7Am50ev98,spotify:artist:3W4xM5XYtUp4ifYYPVKVdk,3
596,spotify:artist:4HEIKb9PGw8MG7Am50ev98,spotify:artist:5SP6T04F8Ic9oftMVfdKkp,3
597,spotify:artist:4HEIKb9PGw8MG7Am50ev98,spotify:artist:4jSYHcSo85heWskYvAULio,3
598,spotify:artist:4HEIKb9PGw8MG7Am50ev98,spotify:artist:2zAvisjImPICTNsRgagqlV,3
599,spotify:artist:4HEIKb9PGw8MG7Am50ev98,spotify:artist:08w6KQXL60XUftg3Ds3177,3
600,spotify:artist:339qxEdD8z8okRAiTp1HKf,spotify:artist:2oAKV8mT3NB1hZbGbGcdYB,3
601,spotify:artist:339qxEdD8z8okRAiTp1HKf,spotify:artist:6MnQV8O2R0Oci41F4HLB59,3
602,spotify:artist:339qxEdD8z8okRAiTp1HKf,spotify:artist:3Rdkj77BOQHj5dTLveCJvI,3
603,spotify:artist:339qxEdD8z8okRAiTp1HKf,spotify:artist:2zTCLiQ8OUIWEyV6eZWzFy,3
604,spotify:artist:339qxEdD8z8okRAiTp1HKf,spotify:artist:2Lhs0asnFQiLuntn3s8p78,3
605,spotify:artist:339qxEdD8z8okRAiTp1HKf,spotify:artist:5tgz5nUmXzQkGo7i0RczvC,3
606,spotify:artist:339qxEdD8z8okRAiTp1HKf,spotify:artist:7EFfGZiKL1Ud3cspnlMq4H,3
607,spotify:artist:339qxEdD8z8okRAiTp1HKf,spotify:artist:2k07pWgpJiFIbb9q1yJ36B,3
608,spotify:artist:339qxEdD8z8okRAiTp1HKf,spotify:artist:08w6KQXL60XUftg3Ds3177,3
609,spotify:artist:339qxEdD8z8okRAiTp1HKf,spotify:artist:72PnPUc1qv9UjRPaGVZ1jq,3
610,spotify:artist:339qxEdD8z8okRAiTp1HKf,spotify:artist:1OmdWpAh1pucAuZPzJaxIJ,3
611,spotify:artist:339qxEdD8z8okRAiTp1HKf,spotify:artist:188gwh9RnRT58ZQPwqwHE3,3
612,spotify:artist:339qxEdD8z8okRAiTp1HKf,spotify:artist:70gvc4NvTwgBpEB1goYy8z,3
613,spotify:artist:339qxEdD8z8okRAiTp1HKf,spotify:artist:6uHjKRsYGaElOrKWlSEji3,3
614,spotify:artist:339qxEdD8z8okRAiTp1HKf,spotify:artist:3uQ5cxFHxXddqPL58egs1z,3
615,spotify:artist:339qxEdD8z8okRAiTp1HKf,spotify:artist:2zAvisjImPICTNsRgagqlV,3
616,spotify:artist:339qxEdD8z8okRAiTp1HKf,spotify:artist:4tBNwdhdWAXGzzaPTp9dRE,3
617,spotify:artist:339qxEdD8z8okRAiTp1HKf,spotify:artist:0TeVWuc8Sw05X4Qkl3AA5r,3
618,spotify:artist:339qxEdD8z8okRAiTp1HKf,spotify:artist:6M5FR3JkFFVDkgwtO6Vtz6,3
619,spotify:artist:339qxEdD8z8okRAiTp1HKf,spotify:artist:3x0LgZSPgNh91O6NBMtqTs,3
620,spotify:artist:4tBNwdhdWAXGzzaPTp9dRE,spotify:artist:3uQ5cxFHxXddqPL58egs1z,3
621,spotify:artist:4tBNwdhdWAXGzzaPTp9dRE,spotify:artist:2k07pWgpJiFIbb9q1yJ36B,3
622,spotify:artist:4tBNwdhdWAXGzzaPTp9dRE,spotify:artist:43qdXLql01k9JPTeqBG22H,3
623,spotify:artist:4tBNwdhdWAXGzzaPTp9dRE,spotify:artist:2l7DkzVuYJW700mR7r43un,3
624,spotify:artist:4tBNwdhdWAXGzzaPTp9dRE,spotify:artist:0qt6QSruHshcWT9QOzyfZp,3
625,spotify:artist:4tBNwdhdWAXGzzaPTp9dRE,spotify:artist:2zAvisjImPICTNsRgagqlV,3
626,spotify:artist:4tBNwdhdWAXGzzaPTp9dRE,spotify:artist:7EFfGZiKL1Ud3cspnlMq4H,3
627,spotify:artist:4tBNwdhdWAXGzzaPTp9dRE,spotify:artist:2EEw2tt8AJcH9qXUeB96Oc,3
628,spotify:artist:4tBNwdhdWAXGzzaPTp9dRE,spotify:artist:4G0XDEk7RbA4BBCTs917U9,3
629,spotify:artist:4tBNwdhdWAXGzzaPTp9dRE,spotify:artist:79JJCxCCfJ8HufX6w8q2k4,3
630,spotify:artist:4tBNwdhdWAXGzzaPTp9dRE,spotify:artist:2oAKV8mT3NB1hZbGbGcdYB,3
631,spotify:artist:4tBNwdhdWAXGzzaPTp9dRE,spotify:artist:339qxEdD8z8okRAiTp1HKf,3
632,spotify:artist:4tBNwdhdWAXGzzaPTp9dRE,spotify:artist:2ajVJyxI4sHmTMtTA3ENko,3
633,spotify:artist:4tBNwdhdWAXGzzaPTp9dRE,spotify:artist:2Lhs0asnFQiLuntn3s8p78,3
634,spotify:artist:4tBNwdhdWAXGzzaPTp9dRE,spotify:artist:3gSfOAPCvsDDVDBeSLl9v6,3
635,spotify:artist:4tBNwdhdWAXGzzaPTp9dRE,spotify:artist:7gqsi6aBSkRMJoL9psKqMr,3
636,spotify:artist:4tBNwdhdWAXGzzaPTp9dRE,spotify:artist:0GkLlslI4LMVTTuUkyQp57,3
637,spotify:artist:4tBNwdhdWAXGzzaPTp9dRE,spotify:artist:6M5FR3JkFFVDkgwtO6Vtz6,3
638,spotify:artist:4tBNwdhdWAXGzzaPTp9dRE,spotify:artist:6Jg1WSoV27sDj7N2WRFPqo,3
639,spotify:artist:4tBNwdhdWAXGzzaPTp9dRE,spotify:artist:0Z6hyoqGpchajBS8Gt3c0l,3
640,spotify:artist:7EFfGZiKL1Ud3cspnlMq4H,spotify:artist:4tBNwdhdWAXGzzaPTp9dRE,3
641,spotify:artist:7EFfGZiKL1Ud3cspnlMq4H,spotify:artist:339qxEdD8z8okRAiTp1HKf,3
642,spotify:artist:7EFfGZiKL1Ud3cspnlMq4H,spotify:artist:3uQ5cxFHxXddqPL58egs1z,3
643,spotify:artist:7EFfGZiKL1Ud3cspnlMq4H,spotify:artist:2oAKV8mT3NB1hZbGbGcdYB,3
644,spotify:artist:7EFfGZiKL1Ud3cspnlMq4H,spotify:artist:2k07pWgpJiFIbb9q1yJ36B,3
645,spotify:artist:7EFfGZiKL1Ud3cspnlMq4H,spotify:artist:2Lhs0asnFQiLuntn3s8p78,3
646,spotify:artist:7EFfGZiKL1Ud3cspnlMq4H,spotify:artist:2l7DkzVuYJW700mR7r43un,3
647,spotify:artist:7EFfGZiKL1Ud3cspnlMq4H,spotify:artist:2zAvisjImPICTNsRgagqlV,3
648,spotify:artist:7EFfGZiKL1Ud3cspnlMq4H,spotify:artist:6MnQV8O2R0Oci41F4HLB59,3
649,spotify:artist:7EFfGZiKL1Ud3cspnlMq4H,spotify:artist:2EEw2tt8AJcH9qXUeB96Oc,3
650,spotify:artist:7EFfGZiKL1Ud3cspnlMq4H,spotify:artist:2ajVJyxI4sHmTMtTA3ENko,3
651,spotify:artist:7EFfGZiKL1Ud3cspnlMq4H,spotify:artist:0qt6QSruHshcWT9QOzyfZp,3
652,spotify:artist:7EFfGZiKL1Ud3cspnlMq4H,spotify:artist:6uHjKRsYGaElOrKWlSEji3,3
653,spotify:artist:7EFfGZiKL1Ud3cspnlMq4H,spotify:artist:2zTCLiQ8OUIWEyV6eZWzFy,3
654,spotify:artist:7EFfGZiKL1Ud3cspnlMq4H,spotify:artist:6M5FR3JkFFVDkgwtO6Vtz6,3
655,spotify:artist:7EFfGZiKL1Ud3cspnlMq4H,spotify:artist:3Rdkj77BOQHj5dTLveCJvI,3
656,spotify:artist:7EFfGZiKL1Ud3cspnlMq4H,spotify:artist:64tVHZVSAZhDEiOJxnb6hE,3
657,spotify:artist:7EFfGZiKL1Ud3cspnlMq4H,spotify:artist:3mv2eHwrIONSkviASDMRMa,3
658,spotify:artist:7EFfGZiKL1Ud3cspnlMq4H,spotify:artist:7gqsi6aBSkRMJoL9psKqMr,3
659,spotify:artist:7EFfGZiKL1Ud3cspnlMq4H,spotify:artist:6Jg1WSoV27sDj7N2WRFPqo,3
660,spotify:artist:3dmSPhg0tdao8ePj4pySJ5,spotify:artist:70gvc4NvTwgBpEB1goYy8z,3
661,spotify:artist:3dmSPhg0tdao8ePj4pySJ5,spotify:artist:2Lhs0asnFQiLuntn3s8p78,3
662,spotify:artist:3dmSPhg0tdao8ePj4pySJ5,spotify:artist:77oD8X9qLXZhpbCjv53l5n,3
663,spotify:artist:3dmSPhg0tdao8ePj4pySJ5,spotify:artist:2zAvisjImPICTNsRgagqlV,3
664,spotify:artist:3dmSPhg0tdao8ePj4pySJ5,spotify:artist:2ajVJyxI4sHmTMtTA3ENko,3
665,spotify:artist:3dmSPhg0tdao8ePj4pySJ5,spotify:artist:339qxEdD8z8okRAiTp1HKf,3
666,spotify:artist:3dmSPhg0tdao8ePj4pySJ5,spotify:artist:1ZsnHGOLYFg8CAHQQBc1ut,3
667,spotify:artist:3dmSPhg0tdao8ePj4pySJ5,spotify:artist:1XW5L5zIBqMw7sqkkuIi5n,3
668,spotify:artist:3dmSPhg0tdao8ePj4pySJ5,spotify:artist:1fpXM23IoNckJ7NDAm8YJQ,3
669,spotify:artist:3dmSPhg0tdao8ePj4pySJ5,spotify:artist:0wz0jO9anccPzH04N7FLBH,3
670,spotify:artist:3dmSPhg0tdao8ePj4pySJ5,spotify:artist:55dlp5I9jyc4UjzlrcKMnq,3
671,spotify:artist:3dmSPhg0tdao8ePj4pySJ5,spotify:artist:2oAKV8mT3NB1hZbGbGcdYB,3
672,spotify:artist:3dmSPhg0tdao8ePj4pySJ5,spotify:artist:2dxi3wnJ9h9kNioaWyIpYd,3
673,spotify:artist:3dmSPhg0tdao8ePj4pySJ5,spotify:artist:3uQ5cxFHxXddqPL58egs1z,3
674,spotify:artist:3dmSPhg0tdao8ePj4pySJ5,spotify:artist:0IpDaO9A1OW1h0YChKzVaX,3
675,spotify:artist:3dmSPhg0tdao8ePj4pySJ5,spotify:artist:04tBaW21jyUfeP5iqiKBVq,3
676,spotify:artist:3dmSPhg0tdao8ePj4pySJ5,spotify:artist:08w6KQXL60XUftg3Ds3177,3
677,spotify:artist:3dmSPhg0tdao8ePj4pySJ5,spotify:artist:7gqsi6aBSkRMJoL9psKqMr,3
678,spotify:artist:3dmSPhg0tdao8ePj4pySJ5,spotify:artist:6g8Jqb5JMfv92eB2r0awTN,3
679,spotify:artist:3dmSPhg0tdao8ePj4pySJ5,spotify:artist:1OmdWpAh1pucAuZPzJaxIJ,3
680,spotify:artist:2lnVaJjmDvrFi3Pyf1sGxI,spotify:artist:6g8Jqb5JMfv92eB2r0awTN,3
681,spotify:artist:2lnVaJjmDvrFi3Pyf1sGxI,spotify:artist:7wpQ6iKGinCGT4pRd7nXja,3
682,spotify:artist:2lnVaJjmDvrFi3Pyf1sGxI,spotify:artist:0wz0jO9anccPzH04N7FLBH,3
683,spotify:artist:2lnVaJjmDvrFi3Pyf1sGxI,spotify:artist:7LMO4vkA2xYpGYbzsggPbk,3
684,spotify:artist:2lnVaJjmDvrFi3Pyf1sGxI,spotify:artist:3dmSPhg0tdao8ePj4pySJ5,3
685,spotify:artist:2lnVaJjmDvrFi3Pyf1sGxI,spotify:artist:0559tR6WyukLWH68JIGBuC,3
686,spotify:artist:2lnVaJjmDvrFi3Pyf1sGxI,spotify:artist:6sIZakv0uaA3qQmOOPTOQt,3
687,spotify:artist:2lnVaJjmDvrFi3Pyf1sGxI,spotify:artist:3uQ5cxFHxXddqPL58egs1z,3
688,spotify:artist:2lnVaJjmDvrFi3Pyf1sGxI,spotify:artist:4mcVAxcVVry8r6zmPBpL1w,3
689,spotify:artist:2lnVaJjmDvrFi3Pyf1sGxI,spotify:artist:1XW5L5zIBqMw7sqkkuIi5n,3
690,spotify:artist:2lnVaJjmDvrFi3Pyf1sGxI,spotify:artist:2GATzeg62cr6sH29wSOVWe,3
691,spotify:artist:2lnVaJjmDvrFi3Pyf1sGxI,spotify:artist:188gwh9RnRT58ZQPwqwHE3,3
692,spotify:artist:2lnVaJjmDvrFi3Pyf1sGxI,spotify:artist:1555UFA4CyCnJEzCKikGHe,3
693,spotify:artist:2lnVaJjmDvrFi3Pyf1sGxI,spotify:artist:64tVHZVSAZhDEiOJxnb6hE,3
694,spotify:artist:2lnVaJjmDvrFi3Pyf1sGxI,spotify:artist:1QUsHFoDqNsC0W9AlNyHWF,3
695,spotify:artist:2lnVaJjmDvrFi3Pyf1sGxI,spotify:artist:5isqImG0rLfAgBJSPMEVXF,3
696,spotify:artist:2lnVaJjmDvrFi3Pyf1sGxI,spotify:artist:45KTYxYRDjlP4cAd2imJif,3
697,spotify:artist:2lnVaJjmDvrFi3Pyf1sGxI,spotify:artist:7EFfGZiKL1Ud3cspnlMq4H,3
698,spotify:artist:2lnVaJjmDvrFi3Pyf1sGxI,spotify:artist:0dpglhdTlof5BS5LX7uJmg,3
699,spotify:artist:2lnVaJjmDvrFi3Pyf1sGxI,spotify:artist:2ajVJyxI4sHmTMtTA3ENko,3
700,spotify:artist:3uQ5cxFHxXddqPL58egs1z,spotify:artist:4tBNwdhdWAXGzzaPTp9dRE,3
701,spotify:artist:3uQ5cxFHxXddqPL58egs1z,spotify:artist:2k07pWgpJiFIbb9q1yJ36B,3
702,spotify:artist:3uQ5cxFHxXddqPL58egs1z,spotify:artist:2l7DkzVuYJW700mR7r43un,3
703,spotify:artist:3uQ5cxFHxXddqPL58egs1z,spotify:artist:2zAvisjImPICTNsRgagqlV,3
704,spotify:artist:3uQ5cxFHxXddqPL58egs1z,spotify:artist:0qt6QSruHshcWT9QOzyfZp,3
705,spotify:artist:3uQ5cxFHxXddqPL58egs1z,spotify:artist:4G0XDEk7RbA4BBCTs917U9,3
706,spotify:artist:3uQ5cxFHxXddqPL58egs1z,spotify:artist:2ajVJyxI4sHmTMtTA3ENko,3
707,spotify:artist:3uQ5cxFHxXddqPL58egs1z,spotify:artist:7EFfGZiKL1Ud3cspnlMq4H,3
708,spotify:artist:3uQ5cxFHxXddqPL58egs1z,spotify:artist:79JJCxCCfJ8HufX6w8q2k4,3
709,spotify:artist:3uQ5cxFHxXddqPL58egs1z,spotify:artist:2Lhs0asnFQiLuntn3s8p78,3
710,spotify:artist:3uQ5cxFHxXddqPL58egs1z,spotify:artist:2EEw2tt8AJcH9qXUeB96Oc,3
711,spotify:artist:3uQ5cxFHxXddqPL58egs1z,spotify:artist:2GATzeg62cr6sH29wSOVWe,3
712,spotify:artist:3uQ5cxFHxXddqPL58egs1z,spotify:artist:3gSfOAPCvsDDVDBeSLl9v6,3
713,spotify:artist:3uQ5cxFHxXddqPL58egs1z,spotify:artist:0wz0jO9anccPzH04N7FLBH,3
714,spotify:artist:3uQ5cxFHxXddqPL58egs1z,spotify:artist:57kIMCLPgkzQlXjblX7XXP,3
715,spotify:artist:3uQ5cxFHxXddqPL58egs1z,spotify:artist:7gqsi6aBSkRMJoL9psKqMr,3
716,spotify:artist:3uQ5cxFHxXddqPL58egs1z,spotify:artist:0Z6hyoqGpchajBS8Gt3c0l,3
717,spotify:artist:3uQ5cxFHxXddqPL58egs1z,spotify:artist:2rDxtYUzTAYJJE3Bl3Z5IN,3
718,spotify:artist:3uQ5cxFHxXddqPL58egs1z,spotify:artist:3mv2eHwrIONSkviASDMRMa,3
719,spotify:artist:3uQ5cxFHxXddqPL58egs1z,spotify:artist:64tVHZVSAZhDEiOJxnb6hE,3
720,spotify:artist:2oAKV8mT3NB1hZbGbGcdYB,spotify:artist:339qxEdD8z8okRAiTp1HKf,3
721,spotify:artist:2oAKV8mT3NB1hZbGbGcdYB,spotify:artist:6MnQV8O2R0Oci41F4HLB59,3
722,spotify:artist:2oAKV8mT3NB1hZbGbGcdYB,spotify:artist:3Rdkj77BOQHj5dTLveCJvI,3
723,spotify:artist:2oAKV8mT3NB1hZbGbGcdYB,spotify:artist:2Lhs0asnFQiLuntn3s8p78,3
724,spotify:artist:2oAKV8mT3NB1hZbGbGcdYB,spotify:artist:5tgz5nUmXzQkGo7i0RczvC,3
725,spotify:artist:2oAKV8mT3NB1hZbGbGcdYB,spotify:artist:2zTCLiQ8OUIWEyV6eZWzFy,3
726,spotify:artist:2oAKV8mT3NB1hZbGbGcdYB,spotify:artist:7EFfGZiKL1Ud3cspnlMq4H,3
727,spotify:artist:2oAKV8mT3NB1hZbGbGcdYB,spotify:artist:2k07pWgpJiFIbb9q1yJ36B,3
728,spotify:artist:2oAKV8mT3NB1hZbGbGcdYB,spotify:artist:4tBNwdhdWAXGzzaPTp9dRE,3
729,spotify:artist:2oAKV8mT3NB1hZbGbGcdYB,spotify:artist:70gvc4NvTwgBpEB1goYy8z,3
730,spotify:artist:2oAKV8mT3NB1hZbGbGcdYB,spotify:artist:1OmdWpAh1pucAuZPzJaxIJ,3
731,spotify:artist:2oAKV8mT3NB1hZbGbGcdYB,spotify:artist:2zAvisjImPICTNsRgagqlV,3
732,spotify:artist:2oAKV8mT3NB1hZbGbGcdYB,spotify:artist:0TeVWuc8Sw05X4Qkl3AA5r,3
733,spotify:artist:2oAKV8mT3NB1hZbGbGcdYB,spotify:artist:3uQ5cxFHxXddqPL58egs1z,3
734,spotify:artist:2oAKV8mT3NB1hZbGbGcdYB,spotify:artist:2l7DkzVuYJW700mR7r43un,3
735,spotify:artist:2oAKV8mT3NB1hZbGbGcdYB,spotify:artist:6M5FR3JkFFVDkgwtO6Vtz6,3
736,spotify:artist:2oAKV8mT3NB1hZbGbGcdYB,spotify:artist:08w6KQXL60XUftg3Ds3177,3
737,spotify:artist:2oAKV8mT3NB1hZbGbGcdYB,spotify:artist:72PnPUc1qv9UjRPaGVZ1jq,3
738,spotify:artist:2oAKV8mT3NB1hZbGbGcdYB,spotify:artist:0qt6QSruHshcWT9QOzyfZp,3
739,spotify:artist:2oAKV8mT3NB1hZbGbGcdYB,spotify:artist:2EEw2tt8AJcH9qXUeB96Oc,3
740,spotify:artist:0BFRrMqOHuc1fxGWXMinHd,spotify:artist:3E0mWdVTnj9CjQ95ROn9tr,3
741,spotify:artist:0BFRrMqOHuc1fxGWXMinHd,spotify:artist:7uRuXWkNhoHhzpqDnaEJLJ,3
742,spotify:artist:0BFRrMqOHuc1fxGWXMinHd,spotify:artist:5lQ9ygSr6WMqXYsG00nNNY,3
743,spotify:artist:0BFRrMqOHuc1fxGWXMinHd,spotify:artist:5wHiveROLh1eOGVqbqkBnj,3
744,spotify:artist:0BFRrMqOHuc1fxGWXMinHd,spotify:artist:3cr4dt9xFGBcEPMulGzSAY,3
745,spotify:artist:0BFRrMqOHuc1fxGWXMinHd,spotify:artist:5koTBxO31TIzxRzBvsxzwH,3
746,spotify:artist:0BFRrMqOHuc1fxGWXMinHd,spotify:artist:3pDnwHQUEXbkNX3cvidKpG,3
747,spotify:artist:0BFRrMqOHuc1fxGWXMinHd,spotify:artist:3uoW716PXWv2XJJZVXSbwt,3
748,spotify:artist:0BFRrMqOHuc1fxGWXMinHd,spotify:artist:3NkEUEwXXgy5IQixHpsHQ9,3
749,spotify:artist:0BFRrMqOHuc1fxGWXMinHd,spotify:artist:1XW5L5zIBqMw7sqkkuIi5n,3
750,spotify:artist:0BFRrMqOHuc1fxGWXMinHd,spotify:artist:6fLY0fk62ACnHx1QAWXvEZ,3
751,spotify:artist:0BFRrMqOHuc1fxGWXMinHd,spotify:artist:3haVJx9TUcufYl1rPyH0iv,3
752,spotify:artist:0BFRrMqOHuc1fxGWXMinHd,spotify:artist:0IfkFoyLbsgahVvNfPnV2y,3
753,spotify:artist:0BFRrMqOHuc1fxGWXMinHd,spotify:artist:0GQJRlsTD8irKEDcClYiiA,3
754,spotify:artist:0BFRrMqOHuc1fxGWXMinHd,spotify:artist:2ojlS7imGFiZ8A8tXXGEt7,3
755,spotify:artist:0BFRrMqOHuc1fxGWXMinHd,spotify:artist:0qt6QSruHshcWT9QOzyfZp,3
756,spotify:artist:0BFRrMqOHuc1fxGWXMinHd,spotify:artist:6AdRO941ZEDh4GHcCUdEs4,3
757,spotify:artist:0BFRrMqOHuc1fxGWXMinHd,spotify:artist:2GATzeg62cr6sH29wSOVWe,3
758,spotify:artist:0BFRrMqOHuc1fxGWXMinHd,spotify:artist:1Qj0OFQUlN7VmkMaD1mPMi,3
759,spotify:artist:0BFRrMqOHuc1fxGWXMinHd,spotify:artist:77SQlBEZyyJ7neYnlp0cDl,3
760,spotify:artist:4G0XDEk7RbA4BBCTs917U9,spotify:artist:0qt6QSruHshcWT9QOzyfZp,3
761,spotify:artist:4G0XDEk7RbA4BBCTs917U9,spotify:artist:2GATzeg62cr6sH29wSOVWe,3
762,spotify:artist:4G0XDEk7RbA4BBCTs917U9,spotify:artist:3uQ5cxFHxXddqPL58egs1z,3
763,spotify:artist:4G0XDEk7RbA4BBCTs917U9,spotify:artist:2zAvisjImPICTNsRgagqlV,3
764,spotify:artist:4G0XDEk7RbA4BBCTs917U9,spotify:artist:79JJCxCCfJ8HufX6w8q2k4,3
765,spotify:artist:4G0XDEk7RbA4BBCTs917U9,spotify:artist:2ajVJyxI4sHmTMtTA3ENko,3
766,spotify:artist:4G0XDEk7RbA4BBCTs917U9,spotify:artist:4tBNwdhdWAXGzzaPTp9dRE,3
767,spotify:artist:4G0XDEk7RbA4BBCTs917U9,spotify:artist:2k07pWgpJiFIbb9q1yJ36B,3
768,spotify:artist:4G0XDEk7RbA4BBCTs917U9,spotify:artist:0wz0jO9anccPzH04N7FLBH,3
769,spotify:artist:4G0XDEk7RbA4BBCTs917U9,spotify:artist:4Sw0SFu1fFdYXdAEVdrqnO,3
770,spotify:artist:4G0XDEk7RbA4BBCTs917U9,spotify:artist:2Lhs0asnFQiLuntn3s8p78,3
771,spotify:artist:4G0XDEk7RbA4BBCTs917U9,spotify:artist:7gqsi6aBSkRMJoL9psKqMr,3
772,spotify:artist:4G0XDEk7RbA4BBCTs917U9,spotify:artist:5VnYwYnG7QmpzQtxyubIwh,3
773,spotify:artist:4G0XDEk7RbA4BBCTs917U9,spotify:artist:64tVHZVSAZhDEiOJxnb6hE,3
774,spotify:artist:4G0XDEk7RbA4BBCTs917U9,spotify:artist:4ePunOqQbOYoQwd1298g3Z,3
775,spotify:artist:4G0XDEk7RbA4BBCTs917U9,spotify:artist:2l7DkzVuYJW700mR7r43un,3
776,spotify:artist:4G0XDEk7RbA4BBCTs917U9,spotify:artist:7Ht57YadlBXcFJDK3plmhO,3
777,spotify:artist:4G0XDEk7RbA4BBCTs917U9,spotify:artist:1555UFA4CyCnJEzCKikGHe,3
778,spotify:artist:4G0XDEk7RbA4BBCTs917U9,spotify:artist:5AyEXCtu3xnnsTGCo4RVZh,3
779,spotify:artist:4G0XDEk7RbA4BBCTs917U9,spotify:artist:31uyAcnY0kjjKKIQZMKX4i,3
780,spotify:artist:6g8Jqb5JMfv92eB2r0awTN,spotify:artist:49EgLhJzWZZMwlCHlL088h,3
781,spotify:artist:6g8Jqb5JMfv92eB2r0awTN,spotify:artist:6e6GkaF6uiSEFuTrlvDJUF,3
782,spotify:artist:6g8Jqb5JMfv92eB2r0awTN,spotify:artist:2GATzeg62cr6sH29wSOVWe,3
783,spotify:artist:6g8Jqb5JMfv92eB2r0awTN,spotify:artist:0wz0jO9anccPzH04N7FLBH,3
784,spotify:artist:6g8Jqb5JMfv92eB2r0awTN,spotify:artist:1555UFA4CyCnJEzCKikGHe,3
785,spotify:artist:6g8Jqb5JMfv92eB2r0awTN,spotify:artist:2lnVaJjmDvrFi3Pyf1sGxI,3
786,spotify:artist:6g8Jqb5JMfv92eB2r0awTN,spotify:artist:4wavWMHhIiUXxwCuWsHzXo,3
787,spotify:artist:6g8Jqb5JMfv92eB2r0awTN,spotify:artist:3dmSPhg0tdao8ePj4pySJ5,3
788,spotify:artist:6g8Jqb5JMfv92eB2r0awTN,spotify:artist:64tVHZVSAZhDEiOJxnb6hE,3
789,spotify:artist:6g8Jqb5JMfv92eB2r0awTN,spotify:artist:77oD8X9qLXZhpbCjv53l5n,3
790,spotify:artist:6g8Jqb5JMfv92eB2r0awTN,spotify:artist:2ajVJyxI4sHmTMtTA3ENko,3
791,spotify:artist:6g8Jqb5JMfv92eB2r0awTN,spotify:artist:7zYJsSA3SfPKvFyP80zLmL,3
792,spotify:artist:6g8Jqb5JMfv92eB2r0awTN,spotify:artist:0qt6QSruHshcWT9QOzyfZp,3
793,spotify:artist:6g8Jqb5JMfv92eB2r0awTN,spotify:artist:4G0XDEk7RbA4BBCTs917U9,3
794,spotify:artist:6g8Jqb5JMfv92eB2r0awTN,spotify:artist:5SP6T04F8Ic9oftMVfdKkp,3
795,spotify:artist:6g8Jqb5JMfv92eB2r0awTN,spotify:artist:4taetje8eIs1EX1xtjVXaF,3
796,spotify:artist:6g8Jqb5JMfv92eB2r0awTN,spotify:artist:3uQ5cxFHxXddqPL58egs1z,3
797,spotify:artist:6g8Jqb5JMfv92eB2r0awTN,spotify:artist:2zAvisjImPICTNsRgagqlV,3
798,spotify:artist:6g8Jqb5JMfv92eB2r0awTN,spotify:artist:5zhn89Em2jWUUWdpcLO3YL,3
799,spotify:artist:6g8Jqb5JMfv92eB2r0awTN,spotify:artist:2l7DkzVuYJW700mR7r43un,3
800,spotify:artist:4G0XDEk7RbA4BBCTs917U9,spotify:artist:0qt6QSruHshcWT9QOzyfZp,3
801,spotify:artist:4G0XDEk7RbA4BBCTs917U9,spotify:artist:2GATzeg62cr6sH29wSOVWe,3
802,spotify:artist:4G0XDEk7RbA4BBCTs917U9,spotify:artist:3uQ5cxFHxXddqPL58egs1z,3
803,spotify:artist:4G0XDEk7RbA4BBCTs917U9,spotify:artist:2zAvisjImPICTNsRgagqlV,3
804,spotify:artist:4G0XDEk7RbA4BBCTs917U9,spotify:artist:79JJCxCCfJ8HufX6w8q2k4,3
805,spotify:artist:4G0XDEk7RbA4BBCTs917U9,spotify:artist:2ajVJyxI4sHmTMtTA3ENko,3
806,spotify:artist:4G0XDEk7RbA4BBCTs917U9,spotify:artist:4tBNwdhdWAXGzzaPTp9dRE,3
807,spotify:artist:4G0XDEk7RbA4BBCTs917U9,spotify:artist:2k07pWgpJiFIbb9q1yJ36B,3
808,spotify:artist:4G0XDEk7RbA4BBCTs917U9,spotify:artist:0wz0jO9anccPzH04N7FLBH,3
809,spotify:artist:4G0XDEk7RbA4BBCTs917U9,spotify:artist:4Sw0SFu1fFdYXdAEVdrqnO,3
810,spotify:artist:4G0XDEk7RbA4BBCTs917U9,spotify:artist:2Lhs0asnFQiLuntn3s8p78,3
811,spotify:artist:4G0XDEk7RbA4BBCTs917U9,spotify:artist:7gqsi6aBSkRMJoL9psKqMr,3
812,spotify:artist:4G0XDEk7RbA4BBCTs917U9,spotify:artist:5VnYwYnG7QmpzQtxyubIwh,3
813,spotify:artist:4G0XDEk7RbA4BBCTs917U9,spotify:artist:64tVHZVSAZhDEiOJxnb6hE,3
814,spotify:artist:4G0XDEk7RbA4BBCTs917U9,spotify:artist:4ePunOqQbOYoQwd1298g3Z,3
815,spotify:artist:4G0XDEk7RbA4BBCTs917U9,spotify:artist:2l7DkzVuYJW700mR7r43un,3
816,spotify:artist:4G0XDEk7RbA4BBCTs917U9,spotify:artist:7Ht57YadlBXcFJDK3plmhO,3
817,spotify:artist:4G0XDEk7RbA4BBCTs917U9,spotify:artist:1555UFA4CyCnJEzCKikGHe,3
818,spotify:artist:4G0XDEk7RbA4BBCTs917U9,spotify:artist:5AyEXCtu3xnnsTGCo4RVZh,3
819,spotify:artist:4G0XDEk7RbA4BBCTs917U9,spotify:artist:31uyAcnY0kjjKKIQZMKX4i,3
820,spotify:artist:2GATzeg62cr6sH29wSOVWe,spotify:artist:4G0XDEk7RbA4BBCTs917U9,3
821,spotify:artist:2GATzeg62cr6sH29wSOVWe,spotify:artist:1555UFA4CyCnJEzCKikGHe,3
822,spotify:artist:2GATzeg62cr6sH29wSOVWe,spotify:artist:0qt6QSruHshcWT9QOzyfZp,3
823,spotify:artist:2GATzeg62cr6sH29wSOVWe,spotify:artist:0wz0jO9anccPzH04N7FLBH,3
824,spotify:artist:2GATzeg62cr6sH29wSOVWe,spotify:artist:5VnYwYnG7QmpzQtxyubIwh,3
825,spotify:artist:2GATzeg62cr6sH29wSOVWe,spotify:artist:60CBjmRpwr02JwAd3Ho25U,3
826,spotify:artist:2GATzeg62cr6sH29wSOVWe,spotify:artist:5lQ9ygSr6WMqXYsG00nNNY,3
827,spotify:artist:2GATzeg62cr6sH29wSOVWe,spotify:artist:3uQ5cxFHxXddqPL58egs1z,3
828,spotify:artist:2GATzeg62cr6sH29wSOVWe,spotify:artist:4jSYHcSo85heWskYvAULio,3
829,spotify:artist:2GATzeg62cr6sH29wSOVWe,spotify:artist:2ajVJyxI4sHmTMtTA3ENko,3
830,spotify:artist:2GATzeg62cr6sH29wSOVWe,spotify:artist:6uHjKRsYGaElOrKWlSEji3,3
831,spotify:artist:2GATzeg62cr6sH29wSOVWe,spotify:artist:7DnDHNnkHER4ompBXz1ibL,3
832,spotify:artist:2GATzeg62cr6sH29wSOVWe,spotify:artist:64tVHZVSAZhDEiOJxnb6hE,3
833,spotify:artist:2GATzeg62cr6sH29wSOVWe,spotify:artist:6guTJsgPymDUVfqDJyz5UG,3
834,spotify:artist:2GATzeg62cr6sH29wSOVWe,spotify:artist:0QwH5InvCwfL4UbYkjP9pi,3
835,spotify:artist:2GATzeg62cr6sH29wSOVWe,spotify:artist:7Ht57YadlBXcFJDK3plmhO,3
836,spotify:artist:2GATzeg62cr6sH29wSOVWe,spotify:artist:5AyEXCtu3xnnsTGCo4RVZh,3
837,spotify:artist:2GATzeg62cr6sH29wSOVWe,spotify:artist:2l7DkzVuYJW700mR7r43un,3
838,spotify:artist:2GATzeg62cr6sH29wSOVWe,spotify:artist:0AOyxXRa4odDG1PisHJtKx,3
839,spotify:artist:2GATzeg62cr6sH29wSOVWe,spotify:artist:4tBNwdhdWAXGzzaPTp9dRE,3
840,spotify:artist:4tBNwdhdWAXGzzaPTp9dRE,spotify:artist:3uQ5cxFHxXddqPL58egs1z,3
841,spotify:artist:4tBNwdhdWAXGzzaPTp9dRE,spotify:artist:2k07pWgpJiFIbb9q1yJ36B,3
842,spotify:artist:4tBNwdhdWAXGzzaPTp9dRE,spotify:artist:43qdXLql01k9JPTeqBG22H,3
843,spotify:artist:4tBNwdhdWAXGzzaPTp9dRE,spotify:artist:2l7DkzVuYJW700mR7r43un,3
844,spotify:artist:4tBNwdhdWAXGzzaPTp9dRE,spotify:artist:0qt6QSruHshcWT9QOzyfZp,3
845,spotify:artist:4tBNwdhdWAXGzzaPTp9dRE,spotify:artist:2zAvisjImPICTNsRgagqlV,3
846,spotify:artist:4tBNwdhdWAXGzzaPTp9dRE,spotify:artist:7EFfGZiKL1Ud3cspnlMq4H,3
847,spotify:artist:4tBNwdhdWAXGzzaPTp9dRE,spotify:artist:2EEw2tt8AJcH9qXUeB96Oc,3
848,spotify:artist:4tBNwdhdWAXGzzaPTp9dRE,spotify:artist:4G0XDEk7RbA4BBCTs917U9,3
849,spotify:artist:4tBNwdhdWAXGzzaPTp9dRE,spotify:artist:79JJCxCCfJ8HufX6w8q2k4,3
850,spotify:artist:4tBNwdhdWAXGzzaPTp9dRE,spotify:artist:2oAKV8mT3NB1hZbGbGcdYB,3
851,spotify:artist:4tBNwdhdWAXGzzaPTp9dRE,spotify:artist:339qxEdD8z8okRAiTp1HKf,3
852,spotify:artist:4tBNwdhdWAXGzzaPTp9dRE,spotify:artist:2ajVJyxI4sHmTMtTA3ENko,3
853,spotify:artist:4tBNwdhdWAXGzzaPTp9dRE,spotify:artist:2Lhs0asnFQiLuntn3s8p78,3
854,spotify:artist:4tBNwdhdWAXGzzaPTp9dRE,spotify:artist:3gSfOAPCvsDDVDBeSLl9v6,3
855,spotify:artist:4tBNwdhdWAXGzzaPTp9dRE,spotify:artist:7gqsi6aBSkRMJoL9psKqMr,3
856,spotify:artist:4tBNwdhdWAXGzzaPTp9dRE,spotify:artist:0GkLlslI4LMVTTuUkyQp57,3
857,spotify:artist:4tBNwdhdWAXGzzaPTp9dRE,spotify:artist:6M5FR3JkFFVDkgwtO6Vtz6,3
858,spotify:artist:4tBNwdhdWAXGzzaPTp9dRE,spotify:artist:6Jg1WSoV27sDj7N2WRFPqo,3
859,spotify:artist:4tBNwdhdWAXGzzaPTp9dRE,spotify:artist:0Z6hyoqGpchajBS8Gt3c0l,3
860,spotify:artist:3uQ5cxFHxXddqPL58egs1z,spotify:artist:4tBNwdhdWAXGzzaPTp9dRE,3
861,spotify:artist:3uQ5cxFHxXddqPL58egs1z,spotify:artist:2k07pWgpJiFIbb9q1yJ36B,3
862,spotify:artist:3uQ5cxFHxXddqPL58egs1z,spotify:artist:2l7DkzVuYJW700mR7r43un,3
863,spotify:artist:3uQ5cxFHxXddqPL58egs1z,spotify:artist:2zAvisjImPICTNsRgagqlV,3
864,spotify:artist:3uQ5cxFHxXddqPL58egs1z,spotify:artist:0qt6QSruHshcWT9QOzyfZp,3
865,spotify:artist:3uQ5cxFHxXddqPL58egs1z,spotify:artist:4G0XDEk7RbA4BBCTs917U9,3
866,spotify:artist:3uQ5cxFHxXddqPL58egs1z,spotify:artist:2ajVJyxI4sHmTMtTA3ENko,3
867,spotify:artist:3uQ5cxFHxXddqPL58egs1z,spotify:artist:7EFfGZiKL1Ud3cspnlMq4H,3
868,spotify:artist:3uQ5cxFHxXddqPL58egs1z,spotify:artist:79JJCxCCfJ8HufX6w8q2k4,3
869,spotify:artist:3uQ5cxFHxXddqPL58egs1z,spotify:artist:2Lhs0asnFQiLuntn3s8p78,3
870,spotify:artist:3uQ5cxFHxXddqPL58egs1z,spotify:artist:2EEw2tt8AJcH9qXUeB96Oc,3
871,spotify:artist:3uQ5cxFHxXddqPL58egs1z,spotify:artist:2GATzeg62cr6sH29wSOVWe,3
872,spotify:artist:3uQ5cxFHxXddqPL58egs1z,spotify:artist:3gSfOAPCvsDDVDBeSLl9v6,3
873,spotify:artist:3uQ5cxFHxXddqPL58egs1z,spotify:artist:0wz0jO9anccPzH04N7FLBH,3
874,spotify:artist:3uQ5cxFHxXddqPL58egs1z,spotify:artist:57kIMCLPgkzQlXjblX7XXP,3
875,spotify:artist:3uQ5cxFHxXddqPL58egs1z,spotify:artist:7gqsi6aBSkRMJoL9psKqMr,3
876,spotify:artist:3uQ5cxFHxXddqPL58egs1z,spotify:artist:0Z6hyoqGpchajBS8Gt3c0l,3
877,spotify:artist:3uQ5cxFHxXddqPL58egs1z,spotify:artist:2rDxtYUzTAYJJE3Bl3Z5IN,3
878,spotify:artist:3uQ5cxFHxXddqPL58egs1z,spotify:artist:3mv2eHwrIONSkviASDMRMa,3
879,spotify:artist:3uQ5cxFHxXddqPL58egs1z,spotify:artist:64tVHZVSAZhDEiOJxnb6hE,3
880,spotify:artist:79JJCxCCfJ8HufX6w8q2k4,spotify:artist:57kIMCLPgkzQlXjblX7XXP,3
881,spotify:artist:79JJCxCCfJ8HufX6w8q2k4,spotify:artist:0qt6QSruHshcWT9QOzyfZp,3
882,spotify:artist:79JJCxCCfJ8HufX6w8q2k4,spotify:artist:4G0XDEk7RbA4BBCTs917U9,3
883,spotify:artist:79JJCxCCfJ8HufX6w8q2k4,spotify:artist:2zAvisjImPICTNsRgagqlV,3
884,spotify:artist:79JJCxCCfJ8HufX6w8q2k4,spotify:artist:3uQ5cxFHxXddqPL58egs1z,3
885,spotify:artist:79JJCxCCfJ8HufX6w8q2k4,spotify:artist:2k07pWgpJiFIbb9q1yJ36B,3
886,spotify:artist:79JJCxCCfJ8HufX6w8q2k4,spotify:artist:2Lhs0asnFQiLuntn3s8p78,3
887,spotify:artist:79JJCxCCfJ8HufX6w8q2k4,spotify:artist:4l8UbJGiXxbfyDJPvcVH23,3
888,spotify:artist:79JJCxCCfJ8HufX6w8q2k4,spotify:artist:4tBNwdhdWAXGzzaPTp9dRE,3
889,spotify:artist:79JJCxCCfJ8HufX6w8q2k4,spotify:artist:2ajVJyxI4sHmTMtTA3ENko,3
890,spotify:artist:79JJCxCCfJ8HufX6w8q2k4,spotify:artist:7fSjnDr8tBO37Xbb2UXuYr,3
891,spotify:artist:79JJCxCCfJ8HufX6w8q2k4,spotify:artist:6nXSnNEdLuKTzAQozRtqiI,3
892,spotify:artist:79JJCxCCfJ8HufX6w8q2k4,spotify:artist:7gqsi6aBSkRMJoL9psKqMr,3
893,spotify:artist:79JJCxCCfJ8HufX6w8q2k4,spotify:artist:2HcZuUtnktqMHm4H1R9gAR,3
894,spotify:artist:79JJCxCCfJ8HufX6w8q2k4,spotify:artist:2rDxtYUzTAYJJE3Bl3Z5IN,3
895,spotify:artist:79JJCxCCfJ8HufX6w8q2k4,spotify:artist:0t4oHObO3FImWvIhMimaSL,3
896,spotify:artist:79JJCxCCfJ8HufX6w8q2k4,spotify:artist:21XbnrbEMUTZelIfoV12hC,3
897,spotify:artist:79JJCxCCfJ8HufX6w8q2k4,spotify:artist:2iUVQjheBnvOt8vaBrxXJz,3
898,spotify:artist:79JJCxCCfJ8HufX6w8q2k4,spotify:artist:7ACSlU8kTcQIbvpwLWze8E,3
899,spotify:artist:79JJCxCCfJ8HufX6w8q2k4,spotify:artist:5vwWDRwjVCilY1uYVfJfLL,3
900,spotify:artist:2k07pWgpJiFIbb9q1yJ36B,spotify:artist:3uQ5cxFHxXddqPL58egs1z,3
901,spotify:artist:2k07pWgpJiFIbb9q1yJ36B,spotify:artist:4tBNwdhdWAXGzzaPTp9dRE,3
902,spotify:artist:2k07pWgpJiFIbb9q1yJ36B,spotify:artist:2l7DkzVuYJW700mR7r43un,3
903,spotify:artist:2k07pWgpJiFIbb9q1yJ36B,spotify:artist:2zAvisjImPICTNsRgagqlV,3
904,spotify:artist:2k07pWgpJiFIbb9q1yJ36B,spotify:artist:2zTCLiQ8OUIWEyV6eZWzFy,3
905,spotify:artist:2k07pWgpJiFIbb9q1yJ36B,spotify:artist:339qxEdD8z8okRAiTp1HKf,3
906,spotify:artist:2k07pWgpJiFIbb9q1yJ36B,spotify:artist:43qdXLql01k9JPTeqBG22H,3
907,spotify:artist:2k07pWgpJiFIbb9q1yJ36B,spotify:artist:7EFfGZiKL1Ud3cspnlMq4H,3
908,spotify:artist:2k07pWgpJiFIbb9q1yJ36B,spotify:artist:0qt6QSruHshcWT9QOzyfZp,3
909,spotify:artist:2k07pWgpJiFIbb9q1yJ36B,spotify:artist:2Lhs0asnFQiLuntn3s8p78,3
910,spotify:artist:2k07pWgpJiFIbb9q1yJ36B,spotify:artist:79JJCxCCfJ8HufX6w8q2k4,3
911,spotify:artist:2k07pWgpJiFIbb9q1yJ36B,spotify:artist:4G0XDEk7RbA4BBCTs917U9,3
912,spotify:artist:2k07pWgpJiFIbb9q1yJ36B,spotify:artist:0GkLlslI4LMVTTuUkyQp57,3
913,spotify:artist:2k07pWgpJiFIbb9q1yJ36B,spotify:artist:2rDxtYUzTAYJJE3Bl3Z5IN,3
914,spotify:artist:2k07pWgpJiFIbb9q1yJ36B,spotify:artist:6vrwcJbfs2QyRtApdx1hXX,3
915,spotify:artist:2k07pWgpJiFIbb9q1yJ36B,spotify:artist:2EEw2tt8AJcH9qXUeB96Oc,3
916,spotify:artist:2k07pWgpJiFIbb9q1yJ36B,spotify:artist:2ajVJyxI4sHmTMtTA3ENko,3
917,spotify:artist:2k07pWgpJiFIbb9q1yJ36B,spotify:artist:2oAKV8mT3NB1hZbGbGcdYB,3
918,spotify:artist:2k07pWgpJiFIbb9q1yJ36B,spotify:artist:57kIMCLPgkzQlXjblX7XXP,3
919,spotify:artist:2k07pWgpJiFIbb9q1yJ36B,spotify:artist:6BV1QOFqWihVnBllS5naPh,3
920,spotify:artist:2l7DkzVuYJW700mR7r43un,spotify:artist:6Jg1WSoV27sDj7N2WRFPqo,3
921,spotify:artist:2l7DkzVuYJW700mR7r43un,spotify:artist:7gqsi6aBSkRMJoL9psKqMr,3
922,spotify:artist:2l7DkzVuYJW700mR7r43un,spotify:artist:4ePunOqQbOYoQwd1298g3Z,3
923,spotify:artist:2l7DkzVuYJW700mR7r43un,spotify:artist:2zAvisjImPICTNsRgagqlV,3
924,spotify:artist:2l7DkzVuYJW700mR7r43un,spotify:artist:3uQ5cxFHxXddqPL58egs1z,3
925,spotify:artist:2l7DkzVuYJW700mR7r43un,spotify:artist:2k07pWgpJiFIbb9q1yJ36B,3
926,spotify:artist:2l7DkzVuYJW700mR7r43un,spotify:artist:4tBNwdhdWAXGzzaPTp9dRE,3
927,spotify:artist:2l7DkzVuYJW700mR7r43un,spotify:artist:4OogVxC2vWAsXsTYXctXi1,3
928,spotify:artist:2l7DkzVuYJW700mR7r43un,spotify:artist:2EEw2tt8AJcH9qXUeB96Oc,3
929,spotify:artist:2l7DkzVuYJW700mR7r43un,spotify:artist:2ajVJyxI4sHmTMtTA3ENko,3
930,spotify:artist:2l7DkzVuYJW700mR7r43un,spotify:artist:2Lhs0asnFQiLuntn3s8p78,3
931,spotify:artist:2l7DkzVuYJW700mR7r43un,spotify:artist:7EFfGZiKL1Ud3cspnlMq4H,3
932,spotify:artist:2l7DkzVuYJW700mR7r43un,spotify:artist:0Z6hyoqGpchajBS8Gt3c0l,3
933,spotify:artist:2l7DkzVuYJW700mR7r43un,spotify:artist:0qt6QSruHshcWT9QOzyfZp,3
934,spotify:artist:2l7DkzVuYJW700mR7r43un,spotify:artist:6ZWMXMg25PGVCaoYZXQSyn,3
935,spotify:artist:2l7DkzVuYJW700mR7r43un,spotify:artist:3mv2eHwrIONSkviASDMRMa,3
936,spotify:artist:2l7DkzVuYJW700mR7r43un,spotify:artist:2GATzeg62cr6sH29wSOVWe,3
937,spotify:artist:2l7DkzVuYJW700mR7r43un,spotify:artist:53PYmJ7bACIX8gkVoTkCIr,3
938,spotify:artist:2l7DkzVuYJW700mR7r43un,spotify:artist:4G0XDEk7RbA4BBCTs917U9,3
939,spotify:artist:2l7DkzVuYJW700mR7r43un,spotify:artist:3gSfOAPCvsDDVDBeSLl9v6,3
940,spotify:artist:2zAvisjImPICTNsRgagqlV,spotify:artist:3uQ5cxFHxXddqPL58egs1z,3
941,spotify:artist:2zAvisjImPICTNsRgagqlV,spotify:artist:2EEw2tt8AJcH9qXUeB96Oc,3
942,spotify:artist:2zAvisjImPICTNsRgagqlV,spotify:artist:2l7DkzVuYJW700mR7r43un,3
943,spotify:artist:2zAvisjImPICTNsRgagqlV,spotify:artist:2k07pWgpJiFIbb9q1yJ36B,3
944,spotify:artist:2zAvisjImPICTNsRgagqlV,spotify:artist:2Lhs0asnFQiLuntn3s8p78,3
945,spotify:artist:2zAvisjImPICTNsRgagqlV,spotify:artist:4tBNwdhdWAXGzzaPTp9dRE,3
946,spotify:artist:2zAvisjImPICTNsRgagqlV,spotify:artist:2ajVJyxI4sHmTMtTA3ENko,3
947,spotify:artist:2zAvisjImPICTNsRgagqlV,spotify:artist:79JJCxCCfJ8HufX6w8q2k4,3
948,spotify:artist:2zAvisjImPICTNsRgagqlV,spotify:artist:0qt6QSruHshcWT9QOzyfZp,3
949,spotify:artist:2zAvisjImPICTNsRgagqlV,spotify:artist:4G0XDEk7RbA4BBCTs917U9,3
950,spotify:artist:2zAvisjImPICTNsRgagqlV,spotify:artist:7EFfGZiKL1Ud3cspnlMq4H,3
951,spotify:artist:2zAvisjImPICTNsRgagqlV,spotify:artist:7gqsi6aBSkRMJoL9psKqMr,3
952,spotify:artist:2zAvisjImPICTNsRgagqlV,spotify:artist:3mv2eHwrIONSkviASDMRMa,3
953,spotify:artist:2zAvisjImPICTNsRgagqlV,spotify:artist:0Z6hyoqGpchajBS8Gt3c0l,3
954,spotify:artist:2zAvisjImPICTNsRgagqlV,spotify:artist:57kIMCLPgkzQlXjblX7XXP,3
955,spotify:artist:2zAvisjImPICTNsRgagqlV,spotify:artist:4ePunOqQbOYoQwd1298g3Z,3
956,spotify:artist:2zAvisjImPICTNsRgagqlV,spotify:artist:2rDxtYUzTAYJJE3Bl3Z5IN,3
957,spotify:artist:2zAvisjImPICTNsRgagqlV,spotify:artist:3dmSPhg0tdao8ePj4pySJ5,3
958,spotify:artist:2zAvisjImPICTNsRgagqlV,spotify:artist:339qxEdD8z8okRAiTp1HKf,3
959,spotify:artist:2zAvisjImPICTNsRgagqlV,spotify:artist:6Jg1WSoV27sDj7N2WRFPqo,3
960,spotify:artist:2ajVJyxI4sHmTMtTA3ENko,spotify:artist:3uQ5cxFHxXddqPL58egs1z,3
961,spotify:artist:2ajVJyxI4sHmTMtTA3ENko,spotify:artist:2zAvisjImPICTNsRgagqlV,3
962,spotify:artist:2ajVJyxI4sHmTMtTA3ENko,spotify:artist:2EEw2tt8AJcH9qXUeB96Oc,3
963,spotify:artist:2ajVJyxI4sHmTMtTA3ENko,spotify:artist:2l7DkzVuYJW700mR7r43un,3
964,spotify:artist:2ajVJyxI4sHmTMtTA3ENko,spotify:artist:4tBNwdhdWAXGzzaPTp9dRE,3
965,spotify:artist:2ajVJyxI4sHmTMtTA3ENko,spotify:artist:2GATzeg62cr6sH29wSOVWe,3
966,spotify:artist:2ajVJyxI4sHmTMtTA3ENko,spotify:artist:2k07pWgpJiFIbb9q1yJ36B,3
967,spotify:artist:2ajVJyxI4sHmTMtTA3ENko,spotify:artist:2Lhs0asnFQiLuntn3s8p78,3
968,spotify:artist:2ajVJyxI4sHmTMtTA3ENko,spotify:artist:0qt6QSruHshcWT9QOzyfZp,3
969,spotify:artist:2ajVJyxI4sHmTMtTA3ENko,spotify:artist:4G0XDEk7RbA4BBCTs917U9,3
970,spotify:artist:2ajVJyxI4sHmTMtTA3ENko,spotify:artist:7gqsi6aBSkRMJoL9psKqMr,3
971,spotify:artist:2ajVJyxI4sHmTMtTA3ENko,spotify:artist:0Z6hyoqGpchajBS8Gt3c0l,3
972,spotify:artist:2ajVJyxI4sHmTMtTA3ENko,spotify:artist:4ePunOqQbOYoQwd1298g3Z,3
973,spotify:artist:2ajVJyxI4sHmTMtTA3ENko,spotify:artist:7EFfGZiKL1Ud3cspnlMq4H,3
974,spotify:artist:2ajVJyxI4sHmTMtTA3ENko,spotify:artist:79JJCxCCfJ8HufX6w8q2k4,3
975,spotify:artist:2ajVJyxI4sHmTMtTA3ENko,spotify:artist:64tVHZVSAZhDEiOJxnb6hE,3
976,spotify:artist:2ajVJyxI4sHmTMtTA3ENko,spotify:artist:2iUVQjheBnvOt8vaBrxXJz,3
977,spotify:artist:2ajVJyxI4sHmTMtTA3ENko,spotify:artist:5O5V29YvM6AzAQ0rNt59fy,3
978,spotify:artist:2ajVJyxI4sHmTMtTA3ENko,spotify:artist:6hkch2KhRl0tywpeVK5xR5,3
979,spotify:artist:2ajVJyxI4sHmTMtTA3ENko,spotify:artist:3XHvzfKFZkSXEUiZE4WrIz,3
980,spotify:artist:5pYsvK3zKJT4wzt2L399H4,spotify:artist:6WjvFX9jUwMNi3SGaAcACx,3
981,spotify:artist:5pYsvK3zKJT4wzt2L399H4,spotify:artist:2l7DkzVuYJW700mR7r43un,3
982,spotify:artist:5pYsvK3zKJT4wzt2L399H4,spotify:artist:0qt6QSruHshcWT9QOzyfZp,3
983,spotify:artist:5pYsvK3zKJT4wzt2L399H4,spotify:artist:4G0XDEk7RbA4BBCTs917U9,3
984,spotify:artist:5pYsvK3zKJT4wzt2L399H4,spotify:artist:7gqsi6aBSkRMJoL9psKqMr,3
985,spotify:artist:5pYsvK3zKJT4wzt2L399H4,spotify:artist:2GATzeg62cr6sH29wSOVWe,3
986,spotify:artist:5pYsvK3zKJT4wzt2L399H4,spotify:artist:3uQ5cxFHxXddqPL58egs1z,3
987,spotify:artist:5pYsvK3zKJT4wzt2L399H4,spotify:artist:4ePunOqQbOYoQwd1298g3Z,3
988,spotify:artist:5pYsvK3zKJT4wzt2L399H4,spotify:artist:4tBNwdhdWAXGzzaPTp9dRE,3
989,spotify:artist:5pYsvK3zKJT4wzt2L399H4,spotify:artist:2ajVJyxI4sHmTMtTA3ENko,3
990,spotify:artist:5pYsvK3zKJT4wzt2L399H4,spotify:artist:2k07pWgpJiFIbb9q1yJ36B,3
991,spotify:artist:5pYsvK3zKJT4wzt2L399H4,spotify:artist:4Sw0SFu1fFdYXdAEVdrqnO,3
992,spotify:artist:5pYsvK3zKJT4wzt2L399H4,spotify:artist:1555UFA4CyCnJEzCKikGHe,3
993,spotify:artist:5pYsvK3zKJT4wzt2L399H4,spotify:artist:5lQ9ygSr6WMqXYsG00nNNY,3
994,spotify:artist:5pYsvK3zKJT4wzt2L399H4,spotify:artist:2zAvisjImPICTNsRgagqlV,3
995,spotify:artist:5pYsvK3zKJT4wzt2L399H4,spotify:artist:2iqjELeCNioBWMwNkkIiDa,3
996,spotify:artist:5pYsvK3zKJT4wzt2L399H4,spotify:artist:60CBjmRpwr02JwAd3Ho25U,3
997,spotify:artist:5pYsvK3zKJT4wzt2L399H4,spotify:artist:1binm59tmJzoZLvLETVYBP,3
998,spotify:artist:5pYsvK3zKJT4wzt2L399H4,spotify:artist:588r6qyrSUITUnpkKB0Dev,3
999,spotify:artist:5pYsvK3zKJT4wzt2L399H4,spotify:artist:0wz0jO9anccPzH04N7FLBH,3
1000,spotify:artist:2Lhs0asnFQiLuntn3s8p78,spotify:artist:339qxEdD8z8okRAiTp1HKf,3
1001,spotify:artist:2Lhs0asnFQiLuntn3s8p78,spotify:artist:2oAKV8mT3NB1hZbGbGcdYB,3
1002,spotify:artist:2Lhs0asnFQiLuntn3s8p78,spotify:artist:2zAvisjImPICTNsRgagqlV,3
1003,spotify:artist:2Lhs0asnFQiLuntn3s8p78,spotify:artist:2l7DkzVuYJW700mR7r43un,3
1004,spotify:artist:2Lhs0asnFQiLuntn3s8p78,spotify:artist:3uQ5cxFHxXddqPL58egs1z,3
1005,spotify:artist:2Lhs0asnFQiLuntn3s8p78,spotify:artist:2k07pWgpJiFIbb9q1yJ36B,3
1006,spotify:artist:2Lhs0asnFQiLuntn3s8p78,spotify:artist:7EFfGZiKL1Ud3cspnlMq4H,3
1007,spotify:artist:2Lhs0asnFQiLuntn3s8p78,spotify:artist:3dmSPhg0tdao8ePj4pySJ5,3
1008,spotify:artist:2Lhs0asnFQiLuntn3s8p78,spotify:artist:79JJCxCCfJ8HufX6w8q2k4,3
1009,spotify:artist:2Lhs0asnFQiLuntn3s8p78,spotify:artist:0qt6QSruHshcWT9QOzyfZp,3
1010,spotify:artist:2Lhs0asnFQiLuntn3s8p78,spotify:artist:7gqsi6aBSkRMJoL9psKqMr,3
1011,spotify:artist:2Lhs0asnFQiLuntn3s8p78,spotify:artist:2ajVJyxI4sHmTMtTA3ENko,3
1012,spotify:artist:2Lhs0asnFQiLuntn3s8p78,spotify:artist:2EEw2tt8AJcH9qXUeB96Oc,3
1013,spotify:artist:2Lhs0asnFQiLuntn3s8p78,spotify:artist:4G0XDEk7RbA4BBCTs917U9,3
1014,spotify:artist:2Lhs0asnFQiLuntn3s8p78,spotify:artist:70gvc4NvTwgBpEB1goYy8z,3
1015,spotify:artist:2Lhs0asnFQiLuntn3s8p78,spotify:artist:2rDxtYUzTAYJJE3Bl3Z5IN,3
1016,spotify:artist:2Lhs0asnFQiLuntn3s8p78,spotify:artist:1OmdWpAh1pucAuZPzJaxIJ,3
1017,spotify:artist:2Lhs0asnFQiLuntn3s8p78,spotify:artist:2zTCLiQ8OUIWEyV6eZWzFy,3
1018,spotify:artist:2Lhs0asnFQiLuntn3s8p78,spotify:artist:4ePunOqQbOYoQwd1298g3Z,3
1019,spotify:artist:2Lhs0asnFQiLuntn3s8p78,spotify:artist:4yvuCAFk8vERXXBf138h8S,3
1020,spotify:artist:0wz0jO9anccPzH04N7FLBH,spotify:artist:2GATzeg62cr6sH29wSOVWe,3
1021,spotify:artist:0wz0jO9anccPzH04N7FLBH,spotify:artist:1555UFA4CyCnJEzCKikGHe,3
1022,spotify:artist:0wz0jO9anccPzH04N7FLBH,spotify:artist:60CBjmRpwr02JwAd3Ho25U,3
1023,spotify:artist:0wz0jO9anccPzH04N7FLBH,spotify:artist:4G0XDEk7RbA4BBCTs917U9,3
1024,spotify:artist:0wz0jO9anccPzH04N7FLBH,spotify:artist:0qt6QSruHshcWT9QOzyfZp,3
1025,spotify:artist:0wz0jO9anccPzH04N7FLBH,spotify:artist:3uQ5cxFHxXddqPL58egs1z,3
1026,spotify:artist:0wz0jO9anccPzH04N7FLBH,spotify:artist:2ajVJyxI4sHmTMtTA3ENko,3
1027,spotify:artist:0wz0jO9anccPzH04N7FLBH,spotify:artist:5VnYwYnG7QmpzQtxyubIwh,3
1028,spotify:artist:0wz0jO9anccPzH04N7FLBH,spotify:artist:5AyEXCtu3xnnsTGCo4RVZh,3
1029,spotify:artist:0wz0jO9anccPzH04N7FLBH,spotify:artist:6guTJsgPymDUVfqDJyz5UG,3
1030,spotify:artist:0wz0jO9anccPzH04N7FLBH,spotify:artist:64tVHZVSAZhDEiOJxnb6hE,3
1031,spotify:artist:0wz0jO9anccPzH04N7FLBH,spotify:artist:4jSYHcSo85heWskYvAULio,3
1032,spotify:artist:0wz0jO9anccPzH04N7FLBH,spotify:artist:1QUsHFoDqNsC0W9AlNyHWF,3
1033,spotify:artist:0wz0jO9anccPzH04N7FLBH,spotify:artist:6g8Jqb5JMfv92eB2r0awTN,3
1034,spotify:artist:0wz0jO9anccPzH04N7FLBH,spotify:artist:0QwH5InvCwfL4UbYkjP9pi,3
1035,spotify:artist:0wz0jO9anccPzH04N7FLBH,spotify:artist:77oD8X9qLXZhpbCjv53l5n,3
1036,spotify:artist:0wz0jO9anccPzH04N7FLBH,spotify:artist:2zAvisjImPICTNsRgagqlV,3
1037,spotify:artist:0wz0jO9anccPzH04N7FLBH,spotify:artist:4IwOItqRhsIoRuD5HP4vyC,3
1038,spotify:artist:0wz0jO9anccPzH04N7FLBH,spotify:artist:31uyAcnY0kjjKKIQZMKX4i,3
1039,spotify:artist:0wz0jO9anccPzH04N7FLBH,spotify:artist:4Sw0SFu1fFdYXdAEVdrqnO,3
1040,spotify:artist:5lQ9ygSr6WMqXYsG00nNNY,spotify:artist:1555UFA4CyCnJEzCKikGHe,3
1041,spotify:artist:5lQ9ygSr6WMqXYsG00nNNY,spotify:artist:58bGdoz5bUtPMOTzueTBOy,3
1042,spotify:artist:5lQ9ygSr6WMqXYsG00nNNY,spotify:artist:3cr4dt9xFGBcEPMulGzSAY,3
1043,spotify:artist:5lQ9ygSr6WMqXYsG00nNNY,spotify:artist:7uRuXWkNhoHhzpqDnaEJLJ,3
1044,spotify:artist:5lQ9ygSr6WMqXYsG00nNNY,spotify:artist:60CBjmRpwr02JwAd3Ho25U,3
1045,spotify:artist:5lQ9ygSr6WMqXYsG00nNNY,spotify:artist:7DnDHNnkHER4ompBXz1ibL,3
1046,spotify:artist:5lQ9ygSr6WMqXYsG00nNNY,spotify:artist:5koTBxO31TIzxRzBvsxzwH,3
1047,spotify:artist:5lQ9ygSr6WMqXYsG00nNNY,spotify:artist:2GATzeg62cr6sH29wSOVWe,3
1048,spotify:artist:5lQ9ygSr6WMqXYsG00nNNY,spotify:artist:0AOyxXRa4odDG1PisHJtKx,3
1049,spotify:artist:5lQ9ygSr6WMqXYsG00nNNY,spotify:artist:3E0mWdVTnj9CjQ95ROn9tr,3
1050,spotify:artist:5lQ9ygSr6WMqXYsG00nNNY,spotify:artist:5wHiveROLh1eOGVqbqkBnj,3
1051,spotify:artist:5lQ9ygSr6WMqXYsG00nNNY,spotify:artist:5VnYwYnG7QmpzQtxyubIwh,3
1052,spotify:artist:5lQ9ygSr6WMqXYsG00nNNY,spotify:artist:0qt6QSruHshcWT9QOzyfZp,3
1053,spotify:artist:5lQ9ygSr6WMqXYsG00nNNY,spotify:artist:0wz0jO9anccPzH04N7FLBH,3
1054,spotify:artist:5lQ9ygSr6WMqXYsG00nNNY,spotify:artist:1XW5L5zIBqMw7sqkkuIi5n,3
1055,spotify:artist:5lQ9ygSr6WMqXYsG00nNNY,spotify:artist:0BFRrMqOHuc1fxGWXMinHd,3
1056,spotify:artist:5lQ9ygSr6WMqXYsG00nNNY,spotify:artist:6fLY0fk62ACnHx1QAWXvEZ,3
1057,spotify:artist:5lQ9ygSr6WMqXYsG00nNNY,spotify:artist:7LMO4vkA2xYpGYbzsggPbk,3
1058,spotify:artist:5lQ9ygSr6WMqXYsG00nNNY,spotify:artist:6uHjKRsYGaElOrKWlSEji3,3
1059,spotify:artist:5lQ9ygSr6WMqXYsG00nNNY,spotify:artist:4G0XDEk7RbA4BBCTs917U9,3
1060,spotify:artist:6uHjKRsYGaElOrKWlSEji3,spotify:artist:4W1poTLCG6XjhBUVehcaMB,3
1061,spotify:artist:6uHjKRsYGaElOrKWlSEji3,spotify:artist:2GATzeg62cr6sH29wSOVWe,3
1062,spotify:artist:6uHjKRsYGaElOrKWlSEji3,spotify:artist:0qt6QSruHshcWT9QOzyfZp,3
1063,spotify:artist:6uHjKRsYGaElOrKWlSEji3,spotify:artist:339qxEdD8z8okRAiTp1HKf,3
1064,spotify:artist:6uHjKRsYGaElOrKWlSEji3,spotify:artist:7EFfGZiKL1Ud3cspnlMq4H,3
1065,spotify:artist:6uHjKRsYGaElOrKWlSEji3,spotify:artist:1XW5L5zIBqMw7sqkkuIi5n,3
1066,spotify:artist:6uHjKRsYGaElOrKWlSEji3,spotify:artist:5lQ9ygSr6WMqXYsG00nNNY,3
1067,spotify:artist:6uHjKRsYGaElOrKWlSEji3,spotify:artist:2Lhs0asnFQiLuntn3s8p78,3
1068,spotify:artist:6uHjKRsYGaElOrKWlSEji3,spotify:artist:31ir0nQWMLTowZmZO8CiBw,3
1069,spotify:artist:6uHjKRsYGaElOrKWlSEji3,spotify:artist:2zTCLiQ8OUIWEyV6eZWzFy,3
1070,spotify:artist:6uHjKRsYGaElOrKWlSEji3,spotify:artist:7IDrRpDz0cOuUVC32c8PKD,3
1071,spotify:artist:6uHjKRsYGaElOrKWlSEji3,spotify:artist:1CgvL3gASrnuI8SKXr8K7F,3
1072,spotify:artist:6uHjKRsYGaElOrKWlSEji3,spotify:artist:2dxi3wnJ9h9kNioaWyIpYd,3
1073,spotify:artist:6uHjKRsYGaElOrKWlSEji3,spotify:artist:0O0g9JMOVNoIgLG6dgaYMY,3
1074,spotify:artist:6uHjKRsYGaElOrKWlSEji3,spotify:artist:4yvuCAFk8vERXXBf138h8S,3
1075,spotify:artist:6uHjKRsYGaElOrKWlSEji3,spotify:artist:60CBjmRpwr02JwAd3Ho25U,3
1076,spotify:artist:6uHjKRsYGaElOrKWlSEji3,spotify:artist:0wz0jO9anccPzH04N7FLBH,3
1077,spotify:artist:6uHjKRsYGaElOrKWlSEji3,spotify:artist:1555UFA4CyCnJEzCKikGHe,3
1078,spotify:artist:6uHjKRsYGaElOrKWlSEji3,spotify:artist:6paRdA1dkAEb0dWcIS4TOp,3
1079,spotify:artist:6uHjKRsYGaElOrKWlSEji3,spotify:artist:2l7DkzVuYJW700mR7r43un,3
1080,spotify:artist:7EFfGZiKL1Ud3cspnlMq4H,spotify:artist:4tBNwdhdWAXGzzaPTp9dRE,3
1081,spotify:artist:7EFfGZiKL1Ud3cspnlMq4H,spotify:artist:339qxEdD8z8okRAiTp1HKf,3
1082,spotify:artist:7EFfGZiKL1Ud3cspnlMq4H,spotify:artist:3uQ5cxFHxXddqPL58egs1z,3
1083,spotify:artist:7EFfGZiKL1Ud3cspnlMq4H,spotify:artist:2oAKV8mT3NB1hZbGbGcdYB,3
1084,spotify:artist:7EFfGZiKL1Ud3cspnlMq4H,spotify:artist:2k07pWgpJiFIbb9q1yJ36B,3
1085,spotify:artist:7EFfGZiKL1Ud3cspnlMq4H,spotify:artist:2Lhs0asnFQiLuntn3s8p78,3
1086,spotify:artist:7EFfGZiKL1Ud3cspnlMq4H,spotify:artist:2l7DkzVuYJW700mR7r43un,3
1087,spotify:artist:7EFfGZiKL1Ud3cspnlMq4H,spotify:artist:2zAvisjImPICTNsRgagqlV,3
1088,spotify:artist:7EFfGZiKL1Ud3cspnlMq4H,spotify:artist:6MnQV8O2R0Oci41F4HLB59,3
1089,spotify:artist:7EFfGZiKL1Ud3cspnlMq4H,spotify:artist:2EEw2tt8AJcH9qXUeB96Oc,3
1090,spotify:artist:7EFfGZiKL1Ud3cspnlMq4H,spotify:artist:2ajVJyxI4sHmTMtTA3ENko,3
1091,spotify:artist:7EFfGZiKL1Ud3cspnlMq4H,spotify:artist:0qt6QSruHshcWT9QOzyfZp,3
1092,spotify:artist:7EFfGZiKL1Ud3cspnlMq4H,spotify:artist:6uHjKRsYGaElOrKWlSEji3,3
1093,spotify:artist:7EFfGZiKL1Ud3cspnlMq4H,spotify:artist:2zTCLiQ8OUIWEyV6eZWzFy,3
1094,spotify:artist:7EFfGZiKL1Ud3cspnlMq4H,spotify:artist:6M5FR3JkFFVDkgwtO6Vtz6,3
1095,spotify:artist:7EFfGZiKL1Ud3cspnlMq4H,spotify:artist:3Rdkj77BOQHj5dTLveCJvI,3
1096,spotify:artist:7EFfGZiKL1Ud3cspnlMq4H,spotify:artist:64tVHZVSAZhDEiOJxnb6hE,3
1097,spotify:artist:7EFfGZiKL1Ud3cspnlMq4H,spotify:artist:3mv2eHwrIONSkviASDMRMa,3
1098,spotify:artist:7EFfGZiKL1Ud3cspnlMq4H,spotify:artist:7gqsi6aBSkRMJoL9psKqMr,3
1099,spotify:artist:7EFfGZiKL1Ud3cspnlMq4H,spotify:artist:6Jg1WSoV27sDj7N2WRFPqo,3
1100,spotify:artist:6TTJ0xLPPNDyv4bXyukzU4,spotify:artist:0qt6QSruHshcWT9QOzyfZp,3
1101,spotify:artist:6TTJ0xLPPNDyv4bXyukzU4,spotify:artist:2zAvisjImPICTNsRgagqlV,3
1102,spotify:artist:6TTJ0xLPPNDyv4bXyukzU4,spotify:artist:79JJCxCCfJ8HufX6w8q2k4,3
1103,spotify:artist:6TTJ0xLPPNDyv4bXyukzU4,spotify:artist:0WJc0VDtzsLIk33XRB20Dy,3
1104,spotify:artist:6TTJ0xLPPNDyv4bXyukzU4,spotify:artist:21XbnrbEMUTZelIfoV12hC,3
1105,spotify:artist:6TTJ0xLPPNDyv4bXyukzU4,spotify:artist:0Z6hyoqGpchajBS8Gt3c0l,3
1106,spotify:artist:6TTJ0xLPPNDyv4bXyukzU4,spotify:artist:57kIMCLPgkzQlXjblX7XXP,3
1107,spotify:artist:6TTJ0xLPPNDyv4bXyukzU4,spotify:artist:4G0XDEk7RbA4BBCTs917U9,3
1108,spotify:artist:6TTJ0xLPPNDyv4bXyukzU4,spotify:artist:0lO2c86rQmrRJArBxgw0v8,3
1109,spotify:artist:6TTJ0xLPPNDyv4bXyukzU4,spotify:artist:39ZEMGRv3pIYTYKEhr4Abu,3
1110,spotify:artist:6TTJ0xLPPNDyv4bXyukzU4,spotify:artist:7ACSlU8kTcQIbvpwLWze8E,3
1111,spotify:artist:6TTJ0xLPPNDyv4bXyukzU4,spotify:artist:3iexGtoBAyCUbxOKeru5py,3
1112,spotify:artist:6TTJ0xLPPNDyv4bXyukzU4,spotify:artist:2ajVJyxI4sHmTMtTA3ENko,3
1113,spotify:artist:6TTJ0xLPPNDyv4bXyukzU4,spotify:artist:2CbeYAeoh6tWJhlJU3fI9c,3
1114,spotify:artist:6TTJ0xLPPNDyv4bXyukzU4,spotify:artist:7K5Lm5dxoEwEpOS0Fc3l3s,3
1115,spotify:artist:6TTJ0xLPPNDyv4bXyukzU4,spotify:artist:5kmPNusdo1mCTyz4u1uEGm,3
1116,spotify:artist:6TTJ0xLPPNDyv4bXyukzU4,spotify:artist:1ph6inW1HWQbwPSzoD1y0e,3
1117,spotify:artist:6TTJ0xLPPNDyv4bXyukzU4,spotify:artist:4eR9k3I0YKCQUvvP2ojptw,3
1118,spotify:artist:6TTJ0xLPPNDyv4bXyukzU4,spotify:artist:3uQ5cxFHxXddqPL58egs1z,3
1119,spotify:artist:6TTJ0xLPPNDyv4bXyukzU4,spotify:artist:0ZUyFEafMwocvApBjTXvdo,3
1120,spotify:artist:2EEw2tt8AJcH9qXUeB96Oc,spotify:artist:2zAvisjImPICTNsRgagqlV,3
1121,spotify:artist:2EEw2tt8AJcH9qXUeB96Oc,spotify:artist:2ajVJyxI4sHmTMtTA3ENko,3
1122,spotify:artist:2EEw2tt8AJcH9qXUeB96Oc,spotify:artist:3uQ5cxFHxXddqPL58egs1z,3
1123,spotify:artist:2EEw2tt8AJcH9qXUeB96Oc,spotify:artist:4tBNwdhdWAXGzzaPTp9dRE,3
1124,spotify:artist:2EEw2tt8AJcH9qXUeB96Oc,spotify:artist:2l7DkzVuYJW700mR7r43un,3
1125,spotify:artist:2EEw2tt8AJcH9qXUeB96Oc,spotify:artist:2k07pWgpJiFIbb9q1yJ36B,3
1126,spotify:artist:2EEw2tt8AJcH9qXUeB96Oc,spotify:artist:3gSfOAPCvsDDVDBeSLl9v6,3
1127,spotify:artist:2EEw2tt8AJcH9qXUeB96Oc,spotify:artist:7EFfGZiKL1Ud3cspnlMq4H,3
1128,spotify:artist:2EEw2tt8AJcH9qXUeB96Oc,spotify:artist:2Lhs0asnFQiLuntn3s8p78,3
1129,spotify:artist:2EEw2tt8AJcH9qXUeB96Oc,spotify:artist:0qt6QSruHshcWT9QOzyfZp,3
1130,spotify:artist:2EEw2tt8AJcH9qXUeB96Oc,spotify:artist:0Z6hyoqGpchajBS8Gt3c0l,3
1131,spotify:artist:2EEw2tt8AJcH9qXUeB96Oc,spotify:artist:2oAKV8mT3NB1hZbGbGcdYB,3
1132,spotify:artist:2EEw2tt8AJcH9qXUeB96Oc,spotify:artist:7gqsi6aBSkRMJoL9psKqMr,3
1133,spotify:artist:2EEw2tt8AJcH9qXUeB96Oc,spotify:artist:4G0XDEk7RbA4BBCTs917U9,3
1134,spotify:artist:2EEw2tt8AJcH9qXUeB96Oc,spotify:artist:79JJCxCCfJ8HufX6w8q2k4,3
1135,spotify:artist:2EEw2tt8AJcH9qXUeB96Oc,spotify:artist:339qxEdD8z8okRAiTp1HKf,3
1136,spotify:artist:2EEw2tt8AJcH9qXUeB96Oc,spotify:artist:6Jg1WSoV27sDj7N2WRFPqo,3
1137,spotify:artist:2EEw2tt8AJcH9qXUeB96Oc,spotify:artist:4ePunOqQbOYoQwd1298g3Z,3
1138,spotify:artist:2EEw2tt8AJcH9qXUeB96Oc,spotify:artist:57kIMCLPgkzQlXjblX7XXP,3
1139,spotify:artist:2EEw2tt8AJcH9qXUeB96Oc,spotify:artist:53PYmJ7bACIX8gkVoTkCIr,3
1140,spotify:artist:7gqsi6aBSkRMJoL9psKqMr,spotify:artist:2l7DkzVuYJW700mR7r43un,3
1141,spotify:artist:7gqsi6aBSkRMJoL9psKqMr,spotify:artist:4ePunOqQbOYoQwd1298g3Z,3
1142,spotify:artist:7gqsi6aBSkRMJoL9psKqMr,spotify:artist:3lmR0qMiGuoIF9UC54egcG,3
1143,spotify:artist:7gqsi6aBSkRMJoL9psKqMr,spotify:artist:5poU7FPEYoBlwjzOEWMbX5,3
1144,spotify:artist:7gqsi6aBSkRMJoL9psKqMr,spotify:artist:6fxk3UXHTFYET8qCT9WlBF,3
1145,spotify:artist:7gqsi6aBSkRMJoL9psKqMr,spotify:artist:2zAvisjImPICTNsRgagqlV,3
1146,spotify:artist:7gqsi6aBSkRMJoL9psKqMr,spotify:artist:2Lhs0asnFQiLuntn3s8p78,3
1147,spotify:artist:7gqsi6aBSkRMJoL9psKqMr,spotify:artist:2ajVJyxI4sHmTMtTA3ENko,3
1148,spotify:artist:7gqsi6aBSkRMJoL9psKqMr,spotify:artist:2iUVQjheBnvOt8vaBrxXJz,3
1149,spotify:artist:7gqsi6aBSkRMJoL9psKqMr,spotify:artist:79JJCxCCfJ8HufX6w8q2k4,3
1150,spotify:artist:7gqsi6aBSkRMJoL9psKqMr,spotify:artist:1VfgWum48nwYJcCfdPwWgs,3
1151,spotify:artist:7gqsi6aBSkRMJoL9psKqMr,spotify:artist:2rDxtYUzTAYJJE3Bl3Z5IN,3
1152,spotify:artist:7gqsi6aBSkRMJoL9psKqMr,spotify:artist:3uQ5cxFHxXddqPL58egs1z,3
1153,spotify:artist:7gqsi6aBSkRMJoL9psKqMr,spotify:artist:1ll45mCZIveI9KHNZx2DdS,3
1154,spotify:artist:7gqsi6aBSkRMJoL9psKqMr,spotify:artist:4G0XDEk7RbA4BBCTs917U9,3
1155,spotify:artist:7gqsi6aBSkRMJoL9psKqMr,spotify:artist:7uLXW75DlTRahz2WKJZGeO,3
1156,spotify:artist:7gqsi6aBSkRMJoL9psKqMr,spotify:artist:5O5V29YvM6AzAQ0rNt59fy,3
1157,spotify:artist:7gqsi6aBSkRMJoL9psKqMr,spotify:artist:0qt6QSruHshcWT9QOzyfZp,3
1158,spotify:artist:7gqsi6aBSkRMJoL9psKqMr,spotify:artist:0LZac5VicY19QLaIUvIB0G,3
1159,spotify:artist:7gqsi6aBSkRMJoL9psKqMr,spotify:artist:2k07pWgpJiFIbb9q1yJ36B,3
1160,spotify:artist:2oAKV8mT3NB1hZbGbGcdYB,spotify:artist:339qxEdD8z8okRAiTp1HKf,3
1161,spotify:artist:2oAKV8mT3NB1hZbGbGcdYB,spotify:artist:6MnQV8O2R0Oci41F4HLB59,3
1162,spotify:artist:2oAKV8mT3NB1hZbGbGcdYB,spotify:artist:3Rdkj77BOQHj5dTLveCJvI,3
1163,spotify:artist:2oAKV8mT3NB1hZbGbGcdYB,spotify:artist:2Lhs0asnFQiLuntn3s8p78,3
1164,spotify:artist:2oAKV8mT3NB1hZbGbGcdYB,spotify:artist:5tgz5nUmXzQkGo7i0RczvC,3
1165,spotify:artist:2oAKV8mT3NB1hZbGbGcdYB,spotify:artist:2zTCLiQ8OUIWEyV6eZWzFy,3
1166,spotify:artist:2oAKV8mT3NB1hZbGbGcdYB,spotify:artist:7EFfGZiKL1Ud3cspnlMq4H,3
1167,spotify:artist:2oAKV8mT3NB1hZbGbGcdYB,spotify:artist:2k07pWgpJiFIbb9q1yJ36B,3
1168,spotify:artist:2oAKV8mT3NB1hZbGbGcdYB,spotify:artist:4tBNwdhdWAXGzzaPTp9dRE,3
1169,spotify:artist:2oAKV8mT3NB1hZbGbGcdYB,spotify:artist:70gvc4NvTwgBpEB1goYy8z,3
1170,spotify:artist:2oAKV8mT3NB1hZbGbGcdYB,spotify:artist:1OmdWpAh1pucAuZPzJaxIJ,3
1171,spotify:artist:2oAKV8mT3NB1hZbGbGcdYB,spotify:artist:2zAvisjImPICTNsRgagqlV,3
1172,spotify:artist:2oAKV8mT3NB1hZbGbGcdYB,spotify:artist:0TeVWuc8Sw05X4Qkl3AA5r,3
1173,spotify:artist:2oAKV8mT3NB1hZbGbGcdYB,spotify:artist:3uQ5cxFHxXddqPL58egs1z,3
1174,spotify:artist:2oAKV8mT3NB1hZbGbGcdYB,spotify:artist:2l7DkzVuYJW700mR7r43un,3
1175,spotify:artist:2oAKV8mT3NB1hZbGbGcdYB,spotify:artist:6M5FR3JkFFVDkgwtO6Vtz6,3
1176,spotify:artist:2oAKV8mT3NB1hZbGbGcdYB,spotify:artist:08w6KQXL60XUftg3Ds3177,3
1177,spotify:artist:2oAKV8mT3NB1hZbGbGcdYB,spotify:artist:72PnPUc1qv9UjRPaGVZ1jq,3
1178,spotify:artist:2oAKV8mT3NB1hZbGbGcdYB,spotify:artist:0qt6QSruHshcWT9QOzyfZp,3
1179,spotify:artist:2oAKV8mT3NB1hZbGbGcdYB,spotify:artist:2EEw2tt8AJcH9qXUeB96Oc,3
1180,spotify:artist:1555UFA4CyCnJEzCKikGHe,spotify:artist:58bGdoz5bUtPMOTzueTBOy,3
1181,spotify:artist:1555UFA4CyCnJEzCKikGHe,spotify:artist:60CBjmRpwr02JwAd3Ho25U,3
1182,spotify:artist:1555UFA4CyCnJEzCKikGHe,spotify:artist:5lQ9ygSr6WMqXYsG00nNNY,3
1183,spotify:artist:1555UFA4CyCnJEzCKikGHe,spotify:artist:2GATzeg62cr6sH29wSOVWe,3
1184,spotify:artist:1555UFA4CyCnJEzCKikGHe,spotify:artist:0AOyxXRa4odDG1PisHJtKx,3
1185,spotify:artist:1555UFA4CyCnJEzCKikGHe,spotify:artist:7DnDHNnkHER4ompBXz1ibL,3
1186,spotify:artist:1555UFA4CyCnJEzCKikGHe,spotify:artist:5VnYwYnG7QmpzQtxyubIwh,3
1187,spotify:artist:1555UFA4CyCnJEzCKikGHe,spotify:artist:7LMO4vkA2xYpGYbzsggPbk,3
1188,spotify:artist:1555UFA4CyCnJEzCKikGHe,spotify:artist:0wz0jO9anccPzH04N7FLBH,3
1189,spotify:artist:1555UFA4CyCnJEzCKikGHe,spotify:artist:7uRuXWkNhoHhzpqDnaEJLJ,3
1190,spotify:artist:1555UFA4CyCnJEzCKikGHe,spotify:artist:6fLY0fk62ACnHx1QAWXvEZ,3
1191,spotify:artist:1555UFA4CyCnJEzCKikGHe,spotify:artist:5AyEXCtu3xnnsTGCo4RVZh,3
1192,spotify:artist:1555UFA4CyCnJEzCKikGHe,spotify:artist:4KM9dvP8pZwLy9z7J41kq3,3
1193,spotify:artist:1555UFA4CyCnJEzCKikGHe,spotify:artist:3SpA64SUzDeu1Q4MztoGw3,3
1194,spotify:artist:1555UFA4CyCnJEzCKikGHe,spotify:artist:6U1lmwvy3I9dIYu9RalJi6,3
1195,spotify:artist:1555UFA4CyCnJEzCKikGHe,spotify:artist:0QwH5InvCwfL4UbYkjP9pi,3
1196,spotify:artist:1555UFA4CyCnJEzCKikGHe,spotify:artist:376EkILFaF7BFBHr9Rzn7A,3
1197,spotify:artist:1555UFA4CyCnJEzCKikGHe,spotify:artist:4YjpqCSDD7zwMQgPYJMqb0,3
1198,spotify:artist:1555UFA4CyCnJEzCKikGHe,spotify:artist:4IwOItqRhsIoRuD5HP4vyC,3
1199,spotify:artist:1555UFA4CyCnJEzCKikGHe,spotify:artist:0pbIqPTefLfuOcbM2ojXdl,3
1200,spotify:artist:4tBNwdhdWAXGzzaPTp9dRE,spotify:artist:3uQ5cxFHxXddqPL58egs1z,3
1201,spotify:artist:4tBNwdhdWAXGzzaPTp9dRE,spotify:artist:2k07pWgpJiFIbb9q1yJ36B,3
1202,spotify:artist:4tBNwdhdWAXGzzaPTp9dRE,spotify:artist:43qdXLql01k9JPTeqBG22H,3
1203,spotify:artist:4tBNwdhdWAXGzzaPTp9dRE,spotify:artist:2l7DkzVuYJW700mR7r43un,3
1204,spotify:artist:4tBNwdhdWAXGzzaPTp9dRE,spotify:artist:0qt6QSruHshcWT9QOzyfZp,3
1205,spotify:artist:4tBNwdhdWAXGzzaPTp9dRE,spotify:artist:2zAvisjImPICTNsRgagqlV,3
1206,spotify:artist:4tBNwdhdWAXGzzaPTp9dRE,spotify:artist:7EFfGZiKL1Ud3cspnlMq4H,3
1207,spotify:artist:4tBNwdhdWAXGzzaPTp9dRE,spotify:artist:2EEw2tt8AJcH9qXUeB96Oc,3
1208,spotify:artist:4tBNwdhdWAXGzzaPTp9dRE,spotify:artist:4G0XDEk7RbA4BBCTs917U9,3
1209,spotify:artist:4tBNwdhdWAXGzzaPTp9dRE,spotify:artist:79JJCxCCfJ8HufX6w8q2k4,3
1210,spotify:artist:4tBNwdhdWAXGzzaPTp9dRE,spotify:artist:2oAKV8mT3NB1hZbGbGcdYB,3
1211,spotify:artist:4tBNwdhdWAXGzzaPTp9dRE,spotify:artist:339qxEdD8z8okRAiTp1HKf,3
1212,spotify:artist:4tBNwdhdWAXGzzaPTp9dRE,spotify:artist:2ajVJyxI4sHmTMtTA3ENko,3
1213,spotify:artist:4tBNwdhdWAXGzzaPTp9dRE,spotify:artist:2Lhs0asnFQiLuntn3s8p78,3
1214,spotify:artist:4tBNwdhdWAXGzzaPTp9dRE,spotify:artist:3gSfOAPCvsDDVDBeSLl9v6,3
1215,spotify:artist:4tBNwdhdWAXGzzaPTp9dRE,spotify:artist:7gqsi6aBSkRMJoL9psKqMr,3
1216,spotify:artist:4tBNwdhdWAXGzzaPTp9dRE,spotify:artist:0GkLlslI4LMVTTuUkyQp57,3
1217,spotify:artist:4tBNwdhdWAXGzzaPTp9dRE,spotify:artist:6M5FR3JkFFVDkgwtO6Vtz6,3
1218,spotify:artist:4tBNwdhdWAXGzzaPTp9dRE,spotify:artist:6Jg1WSoV27sDj7N2WRFPqo,3
1219,spotify:artist:4tBNwdhdWAXGzzaPTp9dRE,spotify:artist:0Z6hyoqGpchajBS8Gt3c0l,3
1220,spotify:artist:339qxEdD8z8okRAiTp1HKf,spotify:artist:2oAKV8mT3NB1hZbGbGcdYB,3
1221,spotify:artist:339qxEdD8z8okRAiTp1HKf,spotify:artist:6MnQV8O2R0Oci41F4HLB59,3
1222,spotify:artist:339qxEdD8z8okRAiTp1HKf,spotify:artist:3Rdkj77BOQHj5dTLveCJvI,3
1223,spotify:artist:339qxEdD8z8okRAiTp1HKf,spotify:artist:2zTCLiQ8OUIWEyV6eZWzFy,3
1224,spotify:artist:339qxEdD8z8okRAiTp1HKf,spotify:artist:2Lhs0asnFQiLuntn3s8p78,3
1225,spotify:artist:339qxEdD8z8okRAiTp1HKf,spotify:artist:5tgz5nUmXzQkGo7i0RczvC,3
1226,spotify:artist:339qxEdD8z8okRAiTp1HKf,spotify:artist:7EFfGZiKL1Ud3cspnlMq4H,3
1227,spotify:artist:339qxEdD8z8okRAiTp1HKf,spotify:artist:2k07pWgpJiFIbb9q1yJ36B,3
1228,spotify:artist:339qxEdD8z8okRAiTp1HKf,spotify:artist:08w6KQXL60XUftg3Ds3177,3
1229,spotify:artist:339qxEdD8z8okRAiTp1HKf,spotify:artist:72PnPUc1qv9UjRPaGVZ1jq,3
1230,spotify:artist:339qxEdD8z8okRAiTp1HKf,spotify:artist:1OmdWpAh1pucAuZPzJaxIJ,3
1231,spotify:artist:339qxEdD8z8okRAiTp1HKf,spotify:artist:188gwh9RnRT58ZQPwqwHE3,3
1232,spotify:artist:339qxEdD8z8okRAiTp1HKf,spotify:artist:70gvc4NvTwgBpEB1goYy8z,3
1233,spotify:artist:339qxEdD8z8okRAiTp1HKf,spotify:artist:6uHjKRsYGaElOrKWlSEji3,3
1234,spotify:artist:339qxEdD8z8okRAiTp1HKf,spotify:artist:3uQ5cxFHxXddqPL58egs1z,3
1235,spotify:artist:339qxEdD8z8okRAiTp1HKf,spotify:artist:2zAvisjImPICTNsRgagqlV,3
1236,spotify:artist:339qxEdD8z8okRAiTp1HKf,spotify:artist:4tBNwdhdWAXGzzaPTp9dRE,3
1237,spotify:artist:339qxEdD8z8okRAiTp1HKf,spotify:artist:0TeVWuc8Sw05X4Qkl3AA5r,3
1238,spotify:artist:339qxEdD8z8okRAiTp1HKf,spotify:artist:6M5FR3JkFFVDkgwtO6Vtz6,3
1239,spotify:artist:339qxEdD8z8okRAiTp1HKf,spotify:artist:3x0LgZSPgNh91O6NBMtqTs,3
1240,spotify:artist:3uQ5cxFHxXddqPL58egs1z,spotify:artist:4tBNwdhdWAXGzzaPTp9dRE,3
1241,spotify:artist:3uQ5cxFHxXddqPL58egs1z,spotify:artist:2k07pWgpJiFIbb9q1yJ36B,3
1242,spotify:artist:3uQ5cxFHxXddqPL58egs1z,spotify:artist:2l7DkzVuYJW700mR7r43un,3
1243,spotify:artist:3uQ5cxFHxXddqPL58egs1z,spotify:artist:2zAvisjImPICTNsRgagqlV,3
1244,spotify:artist:3uQ5cxFHxXddqPL58egs1z,spotify:artist:0qt6QSruHshcWT9QOzyfZp,3
1245,spotify:artist:3uQ5cxFHxXddqPL58egs1z,spotify:artist:4G0XDEk7RbA4BBCTs917U9,3
1246,spotify:artist:3uQ5cxFHxXddqPL58egs1z,spotify:artist:2ajVJyxI4sHmTMtTA3ENko,3
1247,spotify:artist:3uQ5cxFHxXddqPL58egs1z,spotify:artist:7EFfGZiKL1Ud3cspnlMq4H,3
1248,spotify:artist:3uQ5cxFHxXddqPL58egs1z,spotify:artist:79JJCxCCfJ8HufX6w8q2k4,3
1249,spotify:artist:3uQ5cxFHxXddqPL58egs1z,spotify:artist:2Lhs0asnFQiLuntn3s8p78,3
1250,spotify:artist:3uQ5cxFHxXddqPL58egs1z,spotify:artist:2EEw2tt8AJcH9qXUeB96Oc,3
1251,spotify:artist:3uQ5cxFHxXddqPL58egs1z,spotify:artist:2GATzeg62cr6sH29wSOVWe,3
1252,spotify:artist:3uQ5cxFHxXddqPL58egs1z,spotify:artist:3gSfOAPCvsDDVDBeSLl9v6,3
1253,spotify:artist:3uQ5cxFHxXddqPL58egs1z,spotify:artist:0wz0jO9anccPzH04N7FLBH,3
1254,spotify:artist:3uQ5cxFHxXddqPL58egs1z,spotify:artist:57kIMCLPgkzQlXjblX7XXP,3
1255,spotify:artist:3uQ5cxFHxXddqPL58egs1z,spotify:artist:7gqsi6aBSkRMJoL9psKqMr,3
1256,spotify:artist:3uQ5cxFHxXddqPL58egs1z,spotify:artist:0Z6hyoqGpchajBS8Gt3c0l,3
1257,spotify:artist:3uQ5cxFHxXddqPL58egs1z,spotify:artist:2rDxtYUzTAYJJE3Bl3Z5IN,3
1258,spotify:artist:3uQ5cxFHxXddqPL58egs1z,spotify:artist:3mv2eHwrIONSkviASDMRMa,3
1259,spotify:artist:3uQ5cxFHxXddqPL58egs1z,spotify:artist:64tVHZVSAZhDEiOJxnb6hE,3
1260,spotify:artist:2oAKV8mT3NB1hZbGbGcdYB,spotify:artist:339qxEdD8z8okRAiTp1HKf,3
1261,spotify:artist:2oAKV8mT3NB1hZbGbGcdYB,spotify:artist:6MnQV8O2R0Oci41F4HLB59,3
1262,spotify:artist:2oAKV8mT3NB1hZbGbGcdYB,spotify:artist:3Rdkj77BOQHj5dTLveCJvI,3
1263,spotify:artist:2oAKV8mT3NB1hZbGbGcdYB,spotify:artist:2Lhs0asnFQiLuntn3s8p78,3
1264,spotify:artist:2oAKV8mT3NB1hZbGbGcdYB,spotify:artist:5tgz5nUmXzQkGo7i0RczvC,3
1265,spotify:artist:2oAKV8mT3NB1hZbGbGcdYB,spotify:artist:2zTCLiQ8OUIWEyV6eZWzFy,3
1266,spotify:artist:2oAKV8mT3NB1hZbGbGcdYB,spotify:artist:7EFfGZiKL1Ud3cspnlMq4H,3
1267,spotify:artist:2oAKV8mT3NB1hZbGbGcdYB,spotify:artist:2k07pWgpJiFIbb9q1yJ36B,3
1268,spotify:artist:2oAKV8mT3NB1hZbGbGcdYB,spotify:artist:4tBNwdhdWAXGzzaPTp9dRE,3
1269,spotify:artist:2oAKV8mT3NB1hZbGbGcdYB,spotify:artist:70gvc4NvTwgBpEB1goYy8z,3
1270,spotify:artist:2oAKV8mT3NB1hZbGbGcdYB,spotify:artist:1OmdWpAh1pucAuZPzJaxIJ,3
1271,spotify:artist:2oAKV8mT3NB1hZbGbGcdYB,spotify:artist:2zAvisjImPICTNsRgagqlV,3
1272,spotify:artist:2oAKV8mT3NB1hZbGbGcdYB,spotify:artist:0TeVWuc8Sw05X4Qkl3AA5r,3
1273,spotify:artist:2oAKV8mT3NB1hZbGbGcdYB,spotify:artist:3uQ5cxFHxXddqPL58egs1z,3
1274,spotify:artist:2oAKV8mT3NB1hZbGbGcdYB,spotify:artist:2l7DkzVuYJW700mR7r43un,3
1275,spotify:artist:2oAKV8mT3NB1hZbGbGcdYB,spotify:artist:6M5FR3JkFFVDkgwtO6Vtz6,3
1276,spotify:artist:2oAKV8mT3NB1hZbGbGcdYB,spotify:artist:08w6KQXL60XUftg3Ds3177,3
1277,spotify:artist:2oAKV8mT3NB1hZbGbGcdYB,spotify:artist:72PnPUc1qv9UjRPaGVZ1jq,3
1278,spotify:artist:2oAKV8mT3NB1hZbGbGcdYB,spotify:artist:0qt6QSruHshcWT9QOzyfZp,3
1279,spotify:artist:2oAKV8mT3NB1hZbGbGcdYB,spotify:artist:2EEw2tt8AJcH9qXUeB96Oc,3
1280,spotify:artist:2k07pWgpJiFIbb9q1yJ36B,spotify:artist:3uQ5cxFHxXddqPL58egs1z,3
1281,spotify:artist:2k07pWgpJiFIbb9q1yJ36B,spotify:artist:4tBNwdhdWAXGzzaPTp9dRE,3
1282,spotify:artist:2k07pWgpJiFIbb9q1yJ36B,spotify:artist:2l7DkzVuYJW700mR7r43un,3
1283,spotify:artist:2k07pWgpJiFIbb9q1yJ36B,spotify:artist:2zAvisjImPICTNsRgagqlV,3
1284,spotify:artist:2k07pWgpJiFIbb9q1yJ36B,spotify:artist:2zTCLiQ8OUIWEyV6eZWzFy,3
1285,spotify:artist:2k07pWgpJiFIbb9q1yJ36B,spotify:artist:339qxEdD8z8okRAiTp1HKf,3
1286,spotify:artist:2k07pWgpJiFIbb9q1yJ36B,spotify:artist:43qdXLql01k9JPTeqBG22H,3
1287,spotify:artist:2k07pWgpJiFIbb9q1yJ36B,spotify:artist:7EFfGZiKL1Ud3cspnlMq4H,3
1288,spotify:artist:2k07pWgpJiFIbb9q1yJ36B,spotify:artist:0qt6QSruHshcWT9QOzyfZp,3
1289,spotify:artist:2k07pWgpJiFIbb9q1yJ36B,spotify:artist:2Lhs0asnFQiLuntn3s8p78,3
1290,spotify:artist:2k07pWgpJiFIbb9q1yJ36B,spotify:artist:79JJCxCCfJ8HufX6w8q2k4,3
1291,spotify:artist:2k07pWgpJiFIbb9q1yJ36B,spotify:artist:4G0XDEk7RbA4BBCTs917U9,3
1292,spotify:artist:2k07pWgpJiFIbb9q1yJ36B,spotify:artist:0GkLlslI4LMVTTuUkyQp57,3
1293,spotify:artist:2k07pWgpJiFIbb9q1yJ36B,spotify:artist:2rDxtYUzTAYJJE3Bl3Z5IN,3
1294,spotify:artist:2k07pWgpJiFIbb9q1yJ36B,spotify:artist:6vrwcJbfs2QyRtApdx1hXX,3
1295,spotify:artist:2k07pWgpJiFIbb9q1yJ36B,spotify:artist:2EEw2tt8AJcH9qXUeB96Oc,3
1296,spotify:artist:2k07pWgpJiFIbb9q1yJ36B,spotify:artist:2ajVJyxI4sHmTMtTA3ENko,3
1297,spotify:artist:2k07pWgpJiFIbb9q1yJ36B,spotify:artist:2oAKV8mT3NB1hZbGbGcdYB,3
1298,spotify:artist:2k07pWgpJiFIbb9q1yJ36B,spotify:artist:57kIMCLPgkzQlXjblX7XXP,3
1299,spotify:artist:2k07pWgpJiFIbb9q1yJ36B,spotify:artist:6BV1QOFqWihVnBllS5naPh,3
1300,spotify:artist:2Lhs0asnFQiLuntn3s8p78,spotify:artist:339qxEdD8z8okRAiTp1HKf,3
1301,spotify:artist:2Lhs0asnFQiLuntn3s8p78,spotify:artist:2oAKV8mT3NB1hZbGbGcdYB,3
1302,spotify:artist:2Lhs0asnFQiLuntn3s8p78,spotify:artist:2zAvisjImPICTNsRgagqlV,3
1303,spotify:artist:2Lhs0asnFQiLuntn3s8p78,spotify:artist:2l7DkzVuYJW700mR7r43un,3
1304,spotify:artist:2Lhs0asnFQiLuntn3s8p78,spotify:artist:3uQ5cxFHxXddqPL58egs1z,3
1305,spotify:artist:2Lhs0asnFQiLuntn3s8p78,spotify:artist:2k07pWgpJiFIbb9q1yJ36B,3
1306,spotify:artist:2Lhs0asnFQiLuntn3s8p78,spotify:artist:7EFfGZiKL1Ud3cspnlMq4H,3
1307,spotify:artist:2Lhs0asnFQiLuntn3s8p78,spotify:artist:3dmSPhg0tdao8ePj4pySJ5,3
1308,spotify:artist:2Lhs0asnFQiLuntn3s8p78,spotify:artist:79JJCxCCfJ8HufX6w8q2k4,3
1309,spotify:artist:2Lhs0asnFQiLuntn3s8p78,spotify:artist:0qt6QSruHshcWT9QOzyfZp,3
1310,spotify:artist:2Lhs0asnFQiLuntn3s8p78,spotify:artist:7gqsi6aBSkRMJoL9psKqMr,3
1311,spotify:artist:2Lhs0asnFQiLuntn3s8p78,spotify:artist:2ajVJyxI4sHmTMtTA3ENko,3
1312,spotify:artist:2Lhs0asnFQiLuntn3s8p78,spotify:artist:2EEw2tt8AJcH9qXUeB96Oc,3
1313,spotify:artist:2Lhs0asnFQiLuntn3s8p78,spotify:artist:4G0XDEk7RbA4BBCTs917U9,3
1314,spotify:artist:2Lhs0asnFQiLuntn3s8p78,spotify:artist:70gvc4NvTwgBpEB1goYy8z,3
1315,spotify:artist:2Lhs0asnFQiLuntn3s8p78,spotify:artist:2rDxtYUzTAYJJE3Bl3Z5IN,3
1316,spotify:artist:2Lhs0asnFQiLuntn3s8p78,spotify:artist:1OmdWpAh1pucAuZPzJaxIJ,3
1317,spotify:artist:2Lhs0asnFQiLuntn3s8p78,spotify:artist:2zTCLiQ8OUIWEyV6eZWzFy,3
1318,spotify:artist:2Lhs0asnFQiLuntn3s8p78,spotify:artist:4ePunOqQbOYoQwd1298g3Z,3
1319,spotify:artist:2Lhs0asnFQiLuntn3s8p78,spotify:artist:4yvuCAFk8vERXXBf138h8S,3
1320,spotify:artist:2l7DkzVuYJW700mR7r43un,spotify:artist:6Jg1WSoV27sDj7N2WRFPqo,3
1321,spotify:artist:2l7DkzVuYJW700mR7r43un,spotify:artist:7gqsi6aBSkRMJoL9psKqMr,3
1322,spotify:artist:2l7DkzVuYJW700mR7r43un,spotify:artist:4ePunOqQbOYoQwd1298g3Z,3
1323,spotify:artist:2l7DkzVuYJW700mR7r43un,spotify:artist:2zAvisjImPICTNsRgagqlV,3
1324,spotify:artist:2l7DkzVuYJW700mR7r43un,spotify:artist:3uQ5cxFHxXddqPL58egs1z,3
1325,spotify:artist:2l7DkzVuYJW700mR7r43un,spotify:artist:2k07pWgpJiFIbb9q1yJ36B,3
1326,spotify:artist:2l7DkzVuYJW700mR7r43un,spotify:artist:4tBNwdhdWAXGzzaPTp9dRE,3
1327,spotify:artist:2l7DkzVuYJW700mR7r43un,spotify:artist:4OogVxC2vWAsXsTYXctXi1,3
1328,spotify:artist:2l7DkzVuYJW700mR7r43un,spotify:artist:2EEw2tt8AJcH9qXUeB96Oc,3
1329,spotify:artist:2l7DkzVuYJW700mR7r43un,spotify:artist:2ajVJyxI4sHmTMtTA3ENko,3
1330,spotify:artist:2l7DkzVuYJW700mR7r43un,spotify:artist:2Lhs0asnFQiLuntn3s8p78,3
1331,spotify:artist:2l7DkzVuYJW700mR7r43un,spotify:artist:7EFfGZiKL1Ud3cspnlMq4H,3
1332,spotify:artist:2l7DkzVuYJW700mR7r43un,spotify:artist:0Z6hyoqGpchajBS8Gt3c0l,3
1333,spotify:artist:2l7DkzVuYJW700mR7r43un,spotify:artist:0qt6QSruHshcWT9QOzyfZp,3
1334,spotify:artist:2l7DkzVuYJW700mR7r43un,spotify:artist:6ZWMXMg25PGVCaoYZXQSyn,3
1335,spotify:artist:2l7DkzVuYJW700mR7r43un,spotify:artist:3mv2eHwrIONSkviASDMRMa,3
1336,spotify:artist:2l7DkzVuYJW700mR7r43un,spotify:artist:2GATzeg62cr6sH29wSOVWe,3
1337,spotify:artist:2l7DkzVuYJW700mR7r43un,spotify:artist:53PYmJ7bACIX8gkVoTkCIr,3
1338,spotify:artist:2l7DkzVuYJW700mR7r43un,spotify:artist:4G0XDEk7RbA4BBCTs917U9,3
1339,spotify:artist:2l7DkzVuYJW700mR7r43un,spotify:artist:3gSfOAPCvsDDVDBeSLl9v6,3
1340,spotify:artist:2zAvisjImPICTNsRgagqlV,spotify:artist:3uQ5cxFHxXddqPL58egs1z,3
1341,spotify:artist:2zAvisjImPICTNsRgagqlV,spotify:artist:2EEw2tt8AJcH9qXUeB96Oc,3
1342,spotify:artist:2zAvisjImPICTNsRgagqlV,spotify:artist:2l7DkzVuYJW700mR7r43un,3
1343,spotify:artist:2zAvisjImPICTNsRgagqlV,spotify:artist:2k07pWgpJiFIbb9q1yJ36B,3
1344,spotify:artist:2zAvisjImPICTNsRgagqlV,spotify:artist:2Lhs0asnFQiLuntn3s8p78,3
1345,spotify:artist:2zAvisjImPICTNsRgagqlV,spotify:artist:4tBNwdhdWAXGzzaPTp9dRE,3
1346,spotify:artist:2zAvisjImPICTNsRgagqlV,spotify:artist:2ajVJyxI4sHmTMtTA3ENko,3
1347,spotify:artist:2zAvisjImPICTNsRgagqlV,spotify:artist:79JJCxCCfJ8HufX6w8q2k4,3
1348,spotify:artist:2zAvisjImPICTNsRgagqlV,spotify:artist:0qt6QSruHshcWT9QOzyfZp,3
1349,spotify:artist:2zAvisjImPICTNsRgagqlV,spotify:artist:4G0XDEk7RbA4BBCTs917U9,3
1350,spotify:artist:2zAvisjImPICTNsRgagqlV,spotify:artist:7EFfGZiKL1Ud3cspnlMq4H,3
1351,spotify:artist:2zAvisjImPICTNsRgagqlV,spotify:artist:7gqsi6aBSkRMJoL9psKqMr,3
1352,spotify:artist:2zAvisjImPICTNsRgagqlV,spotify:artist:3mv2eHwrIONSkviASDMRMa,3
1353,spotify:artist:2zAvisjImPICTNsRgagqlV,spotify:artist:0Z6hyoqGpchajBS8Gt3c0l,3
1354,spotify:artist:2zAvisjImPICTNsRgagqlV,spotify:artist:57kIMCLPgkzQlXjblX7XXP,3
1355,spotify:artist:2zAvisjImPICTNsRgagqlV,spotify:artist:4ePunOqQbOYoQwd1298g3Z,3
1356,spotify:artist:2zAvisjImPICTNsRgagqlV,spotify:artist:2rDxtYUzTAYJJE3Bl3Z5IN,3
1357,spotify:artist:2zAvisjImPICTNsRgagqlV,spotify:artist:3dmSPhg0tdao8ePj4pySJ5,3
1358,spotify:artist:2zAvisjImPICTNsRgagqlV,spotify:artist:339qxEdD8z8okRAiTp1HKf,3
1359,spotify:artist:2zAvisjImPICTNsRgagqlV,spotify:artist:6Jg1WSoV27sDj7N2WRFPqo,3
1360,spotify:artist:6MnQV8O2R0Oci41F4HLB59,spotify:artist:339qxEdD8z8okRAiTp1HKf,3
1361,spotify:artist:6MnQV8O2R0Oci41F4HLB59,spotify:artist:3Rdkj77BOQHj5dTLveCJvI,3
1362,spotify:artist:6MnQV8O2R0Oci41F4HLB59,spotify:artist:2oAKV8mT3NB1hZbGbGcdYB,3
1363,spotify:artist:6MnQV8O2R0Oci41F4HLB59,spotify:artist:2zTCLiQ8OUIWEyV6eZWzFy,3
1364,spotify:artist:6MnQV8O2R0Oci41F4HLB59,spotify:artist:72PnPUc1qv9UjRPaGVZ1jq,3
1365,spotify:artist:6MnQV8O2R0Oci41F4HLB59,spotify:artist:08w6KQXL60XUftg3Ds3177,3
1366,spotify:artist:6MnQV8O2R0Oci41F4HLB59,spotify:artist:0C8DFnoT192R5pDy0kRnrP,3
1367,spotify:artist:6MnQV8O2R0Oci41F4HLB59,spotify:artist:188gwh9RnRT58ZQPwqwHE3,3
1368,spotify:artist:6MnQV8O2R0Oci41F4HLB59,spotify:artist:5tgz5nUmXzQkGo7i0RczvC,3
1369,spotify:artist:6MnQV8O2R0Oci41F4HLB59,spotify:artist:2Lhs0asnFQiLuntn3s8p78,3
1370,spotify:artist:6MnQV8O2R0Oci41F4HLB59,spotify:artist:7EFfGZiKL1Ud3cspnlMq4H,3
1371,spotify:artist:6MnQV8O2R0Oci41F4HLB59,spotify:artist:70gvc4NvTwgBpEB1goYy8z,3
1372,spotify:artist:6MnQV8O2R0Oci41F4HLB59,spotify:artist:2k07pWgpJiFIbb9q1yJ36B,3
1373,spotify:artist:6MnQV8O2R0Oci41F4HLB59,spotify:artist:4T8Z2MuOWpnhGzTTSOz0Rj,3
1374,spotify:artist:6MnQV8O2R0Oci41F4HLB59,spotify:artist:37XGRhnYWhiV6o2jPB8nxt,3
1375,spotify:artist:6MnQV8O2R0Oci41F4HLB59,spotify:artist:0dpglhdTlof5BS5LX7uJmg,3
1376,spotify:artist:6MnQV8O2R0Oci41F4HLB59,spotify:artist:4tBNwdhdWAXGzzaPTp9dRE,3
1377,spotify:artist:6MnQV8O2R0Oci41F4HLB59,spotify:artist:3uQ5cxFHxXddqPL58egs1z,3
1378,spotify:artist:6MnQV8O2R0Oci41F4HLB59,spotify:artist:6vrwcJbfs2QyRtApdx1hXX,3
1379,spotify:artist:6MnQV8O2R0Oci41F4HLB59,spotify:artist:6M5FR3JkFFVDkgwtO6Vtz6,3
1380,spotify:artist:2EEw2tt8AJcH9qXUeB96Oc,spotify:artist:2zAvisjImPICTNsRgagqlV,3
1381,spotify:artist:2EEw2tt8AJcH9qXUeB96Oc,spotify:artist:2ajVJyxI4sHmTMtTA3ENko,3
1382,spotify:artist:2EEw2tt8AJcH9qXUeB96Oc,spotify:artist:3uQ5cxFHxXddqPL58egs1z,3
1383,spotify:artist:2EEw2tt8AJcH9qXUeB96Oc,spotify:artist:4tBNwdhdWAXGzzaPTp9dRE,3
1384,spotify:artist:2EEw2tt8AJcH9qXUeB96Oc,spotify:artist:2l7DkzVuYJW700mR7r43un,3
1385,spotify:artist:2EEw2tt8AJcH9qXUeB96Oc,spotify:artist:2k07pWgpJiFIbb9q1yJ36B,3
1386,spotify:artist:2EEw2tt8AJcH9qXUeB96Oc,spotify:artist:3gSfOAPCvsDDVDBeSLl9v6,3
1387,spotify:artist:2EEw2tt8AJcH9qXUeB96Oc,spotify:artist:7EFfGZiKL1Ud3cspnlMq4H,3
1388,spotify:artist:2EEw2tt8AJcH9qXUeB96Oc,spotify:artist:2Lhs0asnFQiLuntn3s8p78,3
1389,spotify:artist:2EEw2tt8AJcH9qXUeB96Oc,spotify:artist:0qt6QSruHshcWT9QOzyfZp,3
1390,spotify:artist:2EEw2tt8AJcH9qXUeB96Oc,spotify:artist:0Z6hyoqGpchajBS8Gt3c0l,3
1391,spotify:artist:2EEw2tt8AJcH9qXUeB96Oc,spotify:artist:2oAKV8mT3NB1hZbGbGcdYB,3
1392,spotify:artist:2EEw2tt8AJcH9qXUeB96Oc,spotify:artist:7gqsi6aBSkRMJoL9psKqMr,3
1393,spotify:artist:2EEw2tt8AJcH9qXUeB96Oc,spotify:artist:4G0XDEk7RbA4BBCTs917U9,3
1394,spotify:artist:2EEw2tt8AJcH9qXUeB96Oc,spotify:artist:79JJCxCCfJ8HufX6w8q2k4,3
1395,spotify:artist:2EEw2tt8AJcH9qXUeB96Oc,spotify:artist:339qxEdD8z8okRAiTp1HKf,3
1396,spotify:artist:2EEw2tt8AJcH9qXUeB96Oc,spotify:artist:6Jg1WSoV27sDj7N2WRFPqo,3
1397,spotify:artist:2EEw2tt8AJcH9qXUeB96Oc,spotify:artist:4ePunOqQbOYoQwd1298g3Z,3
1398,spotify:artist:2EEw2tt8AJcH9qXUeB96Oc,spotify:artist:57kIMCLPgkzQlXjblX7XXP,3
1399,spotify:artist:2EEw2tt8AJcH9qXUeB96Oc,spotify:artist:53PYmJ7bACIX8gkVoTkCIr,3
1400,spotify:artist:2ajVJyxI4sHmTMtTA3ENko,spotify:artist:3uQ5cxFHxXddqPL58egs1z,3
1401,spotify:artist:2ajVJyxI4sHmTMtTA3ENko,spotify:artist:2zAvisjImPICTNsRgagqlV,3
1402,spotify:artist:2ajVJyxI4sHmTMtTA3ENko,spotify:artist:2EEw2tt8AJcH9qXUeB96Oc,3
1403,spotify:artist:2ajVJyxI4sHmTMtTA3ENko,spotify:artist:2l7DkzVuYJW700mR7r43un,3
1404,spotify:artist:2ajVJyxI4sHmTMtTA3ENko,spotify:artist:4tBNwdhdWAXGzzaPTp9dRE,3
1405,spotify:artist:2ajVJyxI4sHmTMtTA3ENko,spotify:artist:2GATzeg62cr6sH29wSOVWe,3
1406,spotify:artist:2ajVJyxI4sHmTMtTA3ENko,spotify:artist:2k07pWgpJiFIbb9q1yJ36B,3
1407,spotify:artist:2ajVJyxI4sHmTMtTA3ENko,spotify:artist:2Lhs0asnFQiLuntn3s8p78,3
1408,spotify:artist:2ajVJyxI4sHmTMtTA3ENko,spotify:artist:0qt6QSruHshcWT9QOzyfZp,3
1409,spotify:artist:2ajVJyxI4sHmTMtTA3ENko,spotify:artist:4G0XDEk7RbA4BBCTs917U9,3
1410,spotify:artist:2ajVJyxI4sHmTMtTA3ENko,spotify:artist:7gqsi6aBSkRMJoL9psKqMr,3
1411,spotify:artist:2ajVJyxI4sHmTMtTA3ENko,spotify:artist:0Z6hyoqGpchajBS8Gt3c0l,3
1412,spotify:artist:2ajVJyxI4sHmTMtTA3ENko,spotify:artist:4ePunOqQbOYoQwd1298g3Z,3
1413,spotify:artist:2ajVJyxI4sHmTMtTA3ENko,spotify:artist:7EFfGZiKL1Ud3cspnlMq4H,3
1414,spotify:artist:2ajVJyxI4sHmTMtTA3ENko,spotify:artist:79JJCxCCfJ8HufX6w8q2k4,3
1415,spotify:artist:2ajVJyxI4sHmTMtTA3ENko,spotify:artist:64tVHZVSAZhDEiOJxnb6hE,3
1416,spotify:artist:2ajVJyxI4sHmTMtTA3ENko,spotify:artist:2iUVQjheBnvOt8vaBrxXJz,3
1417,spotify:artist:2ajVJyxI4sHmTMtTA3ENko,spotify:artist:5O5V29YvM6AzAQ0rNt59fy,3
1418,spotify:artist:2ajVJyxI4sHmTMtTA3ENko,spotify:artist:6hkch2KhRl0tywpeVK5xR5,3
1419,spotify:artist:2ajVJyxI4sHmTMtTA3ENko,spotify:artist:3XHvzfKFZkSXEUiZE4WrIz,3
1420,spotify:artist:0qt6QSruHshcWT9QOzyfZp,spotify:artist:4G0XDEk7RbA4BBCTs917U9,3
1421,spotify:artist:0qt6QSruHshcWT9QOzyfZp,spotify:artist:2GATzeg62cr6sH29wSOVWe,3
1422,spotify:artist:0qt6QSruHshcWT9QOzyfZp,spotify:artist:4tBNwdhdWAXGzzaPTp9dRE,3
1423,spotify:artist:0qt6QSruHshcWT9QOzyfZp,spotify:artist:3uQ5cxFHxXddqPL58egs1z,3
1424,spotify:artist:0qt6QSruHshcWT9QOzyfZp,spotify:artist:79JJCxCCfJ8HufX6w8q2k4,3
1425,spotify:artist:0qt6QSruHshcWT9QOzyfZp,spotify:artist:2k07pWgpJiFIbb9q1yJ36B,3
1426,spotify:artist:0qt6QSruHshcWT9QOzyfZp,spotify:artist:2l7DkzVuYJW700mR7r43un,3
1427,spotify:artist:0qt6QSruHshcWT9QOzyfZp,spotify:artist:2zAvisjImPICTNsRgagqlV,3
1428,spotify:artist:0qt6QSruHshcWT9QOzyfZp,spotify:artist:2ajVJyxI4sHmTMtTA3ENko,3
1429,spotify:artist:0qt6QSruHshcWT9QOzyfZp,spotify:artist:5pYsvK3zKJT4wzt2L399H4,3
1430,spotify:artist:0qt6QSruHshcWT9QOzyfZp,spotify:artist:2Lhs0asnFQiLuntn3s8p78,3
1431,spotify:artist:0qt6QSruHshcWT9QOzyfZp,spotify:artist:0wz0jO9anccPzH04N7FLBH,3
1432,spotify:artist:0qt6QSruHshcWT9QOzyfZp,spotify:artist:5lQ9ygSr6WMqXYsG00nNNY,3
1433,spotify:artist:0qt6QSruHshcWT9QOzyfZp,spotify:artist:6uHjKRsYGaElOrKWlSEji3,3
1434,spotify:artist:0qt6QSruHshcWT9QOzyfZp,spotify:artist:7EFfGZiKL1Ud3cspnlMq4H,3
1435,spotify:artist:0qt6QSruHshcWT9QOzyfZp,spotify:artist:6TTJ0xLPPNDyv4bXyukzU4,3
1436,spotify:artist:0qt6QSruHshcWT9QOzyfZp,spotify:artist:2EEw2tt8AJcH9qXUeB96Oc,3
1437,spotify:artist:0qt6QSruHshcWT9QOzyfZp,spotify:artist:7gqsi6aBSkRMJoL9psKqMr,3
1438,spotify:artist:0qt6QSruHshcWT9QOzyfZp,spotify:artist:2oAKV8mT3NB1hZbGbGcdYB,3
1439,spotify:artist:0qt6QSruHshcWT9QOzyfZp,spotify:artist:1555UFA4CyCnJEzCKikGHe,3
1440,spotify:artist:6uHjKRsYGaElOrKWlSEji3,spotify:artist:4W1poTLCG6XjhBUVehcaMB,3
1441,spotify:artist:6uHjKRsYGaElOrKWlSEji3,spotify:artist:2GATzeg62cr6sH29wSOVWe,3
1442,spotify:artist:6uHjKRsYGaElOrKWlSEji3,spotify:artist:0qt6QSruHshcWT9QOzyfZp,3
1443,spotify:artist:6uHjKRsYGaElOrKWlSEji3,spotify:artist:339qxEdD8z8okRAiTp1HKf,3
1444,spotify:artist:6uHjKRsYGaElOrKWlSEji3,spotify:artist:7EFfGZiKL1Ud3cspnlMq4H,3
1445,spotify:artist:6uHjKRsYGaElOrKWlSEji3,spotify:artist:1XW5L5zIBqMw7sqkkuIi5n,3
1446,spotify:artist:6uHjKRsYGaElOrKWlSEji3,spotify:artist:5lQ9ygSr6WMqXYsG00nNNY,3
1447,spotify:artist:6uHjKRsYGaElOrKWlSEji3,spotify:artist:2Lhs0asnFQiLuntn3s8p78,3
1448,spotify:artist:6uHjKRsYGaElOrKWlSEji3,spotify:artist:31ir0nQWMLTowZmZO8CiBw,3
1449,spotify:artist:6uHjKRsYGaElOrKWlSEji3,spotify:artist:2zTCLiQ8OUIWEyV6eZWzFy,3
1450,spotify:artist:6uHjKRsYGaElOrKWlSEji3,spotify:artist:7IDrRpDz0cOuUVC32c8PKD,3
1451,spotify:artist:6uHjKRsYGaElOrKWlSEji3,spotify:artist:1CgvL3gASrnuI8SKXr8K7F,3
1452,spotify:artist:6uHjKRsYGaElOrKWlSEji3,spotify:artist:2dxi3wnJ9h9kNioaWyIpYd,3
1453,spotify:artist:6uHjKRsYGaElOrKWlSEji3,spotify:artist:0O0g9JMOVNoIgLG6dgaYMY,3
1454,spotify:artist:6uHjKRsYGaElOrKWlSEji3,spotify:artist:4yvuCAFk8vERXXBf138h8S,3
1455,spotify:artist:6uHjKRsYGaElOrKWlSEji3,spotify:artist:60CBjmRpwr02JwAd3Ho25U,3
1456,spotify:artist:6uHjKRsYGaElOrKWlSEji3,spotify:artist:0wz0jO9anccPzH04N7FLBH,3
1457,spotify:artist:6uHjKRsYGaElOrKWlSEji3,spotify:artist:1555UFA4CyCnJEzCKikGHe,3
1458,spotify:artist:6uHjKRsYGaElOrKWlSEji3,spotify:artist:6paRdA1dkAEb0dWcIS4TOp,3
1459,spotify:artist:6uHjKRsYGaElOrKWlSEji3,spotify:artist:2l7DkzVuYJW700mR7r43un,3
1460,spotify:artist:2zTCLiQ8OUIWEyV6eZWzFy,spotify:artist:6MnQV8O2R0Oci41F4HLB59,3
1461,spotify:artist:2zTCLiQ8OUIWEyV6eZWzFy,spotify:artist:3Rdkj77BOQHj5dTLveCJvI,3
1462,spotify:artist:2zTCLiQ8OUIWEyV6eZWzFy,spotify:artist:6vrwcJbfs2QyRtApdx1hXX,3
1463,spotify:artist:2zTCLiQ8OUIWEyV6eZWzFy,spotify:artist:339qxEdD8z8okRAiTp1HKf,3
1464,spotify:artist:2zTCLiQ8OUIWEyV6eZWzFy,spotify:artist:3eKN3A1F9LHWa2fHo3m1rd,3
1465,spotify:artist:2zTCLiQ8OUIWEyV6eZWzFy,spotify:artist:0BLh5cn4nqfqoVUREx3hLj,3
1466,spotify:artist:2zTCLiQ8OUIWEyV6eZWzFy,spotify:artist:6qQpSCDIS4V5Md1sfgaCkh,3
1467,spotify:artist:2zTCLiQ8OUIWEyV6eZWzFy,spotify:artist:2k07pWgpJiFIbb9q1yJ36B,3
1468,spotify:artist:2zTCLiQ8OUIWEyV6eZWzFy,spotify:artist:2oAKV8mT3NB1hZbGbGcdYB,3
1469,spotify:artist:2zTCLiQ8OUIWEyV6eZWzFy,spotify:artist:2Plkkomsc4DKawkCioLKjc,3
1470,spotify:artist:2zTCLiQ8OUIWEyV6eZWzFy,spotify:artist:1Cc79YAHP7xvQAVQSjveP6,3
1471,spotify:artist:2zTCLiQ8OUIWEyV6eZWzFy,spotify:artist:0GkLlslI4LMVTTuUkyQp57,3
1472,spotify:artist:2zTCLiQ8OUIWEyV6eZWzFy,spotify:artist:2UDplVRprMbazU74Hq8OLl,3
1473,spotify:artist:2zTCLiQ8OUIWEyV6eZWzFy,spotify:artist:3vidJsiALgVC5ZuweJgeDT,3
1474,spotify:artist:2zTCLiQ8OUIWEyV6eZWzFy,spotify:artist:0rZpNCCYOe06am554MyKRu,3
1475,spotify:artist:2zTCLiQ8OUIWEyV6eZWzFy,spotify:artist:0M02NJYkmh4eYhsKVAgVbJ,3
1476,spotify:artist:2zTCLiQ8OUIWEyV6eZWzFy,spotify:artist:4Ajgo7nAsTzjSFymIfBjZ1,3
1477,spotify:artist:2zTCLiQ8OUIWEyV6eZWzFy,spotify:artist:0tyLMmQvEuyQR4qjGBdbem,3
1478,spotify:artist:2zTCLiQ8OUIWEyV6eZWzFy,spotify:artist:7AhDVqsNA5q46WKsRPXvoe,3
1479,spotify:artist:2zTCLiQ8OUIWEyV6eZWzFy,spotify:artist:5U1pEBuiFLycsQ4mYP3nmK,3
1480,spotify:artist:6M5FR3JkFFVDkgwtO6Vtz6,spotify:artist:339qxEdD8z8okRAiTp1HKf,3
1481,spotify:artist:6M5FR3JkFFVDkgwtO6Vtz6,spotify:artist:2oAKV8mT3NB1hZbGbGcdYB,3
1482,spotify:artist:6M5FR3JkFFVDkgwtO6Vtz6,spotify:artist:2zAvisjImPICTNsRgagqlV,3
1483,spotify:artist:6M5FR3JkFFVDkgwtO6Vtz6,spotify:artist:4tBNwdhdWAXGzzaPTp9dRE,3
1484,spotify:artist:6M5FR3JkFFVDkgwtO6Vtz6,spotify:artist:2Lhs0asnFQiLuntn3s8p78,3
1485,spotify:artist:6M5FR3JkFFVDkgwtO6Vtz6,spotify:artist:7EFfGZiKL1Ud3cspnlMq4H,3
1486,spotify:artist:6M5FR3JkFFVDkgwtO6Vtz6,spotify:artist:79JJCxCCfJ8HufX6w8q2k4,3
1487,spotify:artist:6M5FR3JkFFVDkgwtO6Vtz6,spotify:artist:3uQ5cxFHxXddqPL58egs1z,3
1488,spotify:artist:6M5FR3JkFFVDkgwtO6Vtz6,spotify:artist:04Lk4wB0qijus8AOGYiHg8,3
1489,spotify:artist:6M5FR3JkFFVDkgwtO6Vtz6,spotify:artist:3dmSPhg0tdao8ePj4pySJ5,3
1490,spotify:artist:6M5FR3JkFFVDkgwtO6Vtz6,spotify:artist:0qt6QSruHshcWT9QOzyfZp,3
1491,spotify:artist:6M5FR3JkFFVDkgwtO6Vtz6,spotify:artist:7gqsi6aBSkRMJoL9psKqMr,3
1492,spotify:artist:6M5FR3JkFFVDkgwtO6Vtz6,spotify:artist:2k07pWgpJiFIbb9q1yJ36B,3
1493,spotify:artist:6M5FR3JkFFVDkgwtO6Vtz6,spotify:artist:2ajVJyxI4sHmTMtTA3ENko,3
1494,spotify:artist:6M5FR3JkFFVDkgwtO6Vtz6,spotify:artist:70eE3MS4oHZvZVLLY2fU8B,3
1495,spotify:artist:6M5FR3JkFFVDkgwtO6Vtz6,spotify:artist:70gvc4NvTwgBpEB1goYy8z,3
1496,spotify:artist:6M5FR3JkFFVDkgwtO6Vtz6,spotify:artist:14CMndDKSsMSvZYXFLZRfn,3
1497,spotify:artist:6M5FR3JkFFVDkgwtO6Vtz6,spotify:artist:6MnQV8O2R0Oci41F4HLB59,3
1498,spotify:artist:6M5FR3JkFFVDkgwtO6Vtz6,spotify:artist:3bEHj6WUeCJey0vLrffSQp,3
1499,spotify:artist:6M5FR3JkFFVDkgwtO6Vtz6,spotify:artist:0N1TIXCk9Q9JbEPXQDclEL,3
1500,spotify:artist:3Rdkj77BOQHj5dTLveCJvI,spotify:artist:2zTCLiQ8OUIWEyV6eZWzFy,3
1501,spotify:artist:3Rdkj77BOQHj5dTLveCJvI,spotify:artist:6MnQV8O2R0Oci41F4HLB59,3
1502,spotify:artist:3Rdkj77BOQHj5dTLveCJvI,spotify:artist:72PnPUc1qv9UjRPaGVZ1jq,3
1503,spotify:artist:3Rdkj77BOQHj5dTLveCJvI,spotify:artist:339qxEdD8z8okRAiTp1HKf,3
1504,spotify:artist:3Rdkj77BOQHj5dTLveCJvI,spotify:artist:2oAKV8mT3NB1hZbGbGcdYB,3
1505,spotify:artist:3Rdkj77BOQHj5dTLveCJvI,spotify:artist:37XGRhnYWhiV6o2jPB8nxt,3
1506,spotify:artist:3Rdkj77BOQHj5dTLveCJvI,spotify:artist:0TeVWuc8Sw05X4Qkl3AA5r,3
1507,spotify:artist:3Rdkj77BOQHj5dTLveCJvI,spotify:artist:188gwh9RnRT58ZQPwqwHE3,3
1508,spotify:artist:3Rdkj77BOQHj5dTLveCJvI,spotify:artist:2Lhs0asnFQiLuntn3s8p78,3
1509,spotify:artist:3Rdkj77BOQHj5dTLveCJvI,spotify:artist:2k07pWgpJiFIbb9q1yJ36B,3
1510,spotify:artist:3Rdkj77BOQHj5dTLveCJvI,spotify:artist:7EFfGZiKL1Ud3cspnlMq4H,3
1511,spotify:artist:3Rdkj77BOQHj5dTLveCJvI,spotify:artist:1Cc79YAHP7xvQAVQSjveP6,3
1512,spotify:artist:3Rdkj77BOQHj5dTLveCJvI,spotify:artist:3vidJsiALgVC5ZuweJgeDT,3
1513,spotify:artist:3Rdkj77BOQHj5dTLveCJvI,spotify:artist:3uQ5cxFHxXddqPL58egs1z,3
1514,spotify:artist:3Rdkj77BOQHj5dTLveCJvI,spotify:artist:2zAvisjImPICTNsRgagqlV,3
1515,spotify:artist:3Rdkj77BOQHj5dTLveCJvI,spotify:artist:1OmdWpAh1pucAuZPzJaxIJ,3
1516,spotify:artist:3Rdkj77BOQHj5dTLveCJvI,spotify:artist:08w6KQXL60XUftg3Ds3177,3
1517,spotify:artist:3Rdkj77BOQHj5dTLveCJvI,spotify:artist:0qt6QSruHshcWT9QOzyfZp,3
1518,spotify:artist:3Rdkj77BOQHj5dTLveCJvI,spotify:artist:4tBNwdhdWAXGzzaPTp9dRE,3
1519,spotify:artist:3Rdkj77BOQHj5dTLveCJvI,spotify:artist:4Ajgo7nAsTzjSFymIfBjZ1,3
1520,spotify:artist:64tVHZVSAZhDEiOJxnb6hE,spotify:artist:3W4xM5XYtUp4ifYYPVKVdk,3
1521,spotify:artist:64tVHZVSAZhDEiOJxnb6hE,spotify:artist:77oD8X9qLXZhpbCjv53l5n,3
1522,spotify:artist:64tVHZVSAZhDEiOJxnb6hE,spotify:artist:2GATzeg62cr6sH29wSOVWe,3
1523,spotify:artist:64tVHZVSAZhDEiOJxnb6hE,spotify:artist:2ajVJyxI4sHmTMtTA3ENko,3
1524,spotify:artist:64tVHZVSAZhDEiOJxnb6hE,spotify:artist:4ePunOqQbOYoQwd1298g3Z,3
1525,spotify:artist:64tVHZVSAZhDEiOJxnb6hE,spotify:artist:2wrhBKGC3DTNNNDRJPaxW6,3
1526,spotify:artist:64tVHZVSAZhDEiOJxnb6hE,spotify:artist:4oV5EVJ0XFWsJKoOvdRPvl,3
1527,spotify:artist:64tVHZVSAZhDEiOJxnb6hE,spotify:artist:59IPo3F7aZifhZtHnoGHbo,3
1528,spotify:artist:64tVHZVSAZhDEiOJxnb6hE,spotify:artist:0WISkx0PwT6lYWdPqKUJY8,3
1529,spotify:artist:64tVHZVSAZhDEiOJxnb6hE,spotify:artist:3kbBWco9PZ5eSQsNScwG6U,3
1530,spotify:artist:64tVHZVSAZhDEiOJxnb6hE,spotify:artist:1555UFA4CyCnJEzCKikGHe,3
1531,spotify:artist:64tVHZVSAZhDEiOJxnb6hE,spotify:artist:3inCNiUr4R6XQ3W43s9Aqi,3
1532,spotify:artist:64tVHZVSAZhDEiOJxnb6hE,spotify:artist:3uQ5cxFHxXddqPL58egs1z,3
1533,spotify:artist:64tVHZVSAZhDEiOJxnb6hE,spotify:artist:4G0XDEk7RbA4BBCTs917U9,3
1534,spotify:artist:64tVHZVSAZhDEiOJxnb6hE,spotify:artist:7EFfGZiKL1Ud3cspnlMq4H,3
1535,spotify:artist:64tVHZVSAZhDEiOJxnb6hE,spotify:artist:0wz0jO9anccPzH04N7FLBH,3
1536,spotify:artist:64tVHZVSAZhDEiOJxnb6hE,spotify:artist:7Ht57YadlBXcFJDK3plmhO,3
1537,spotify:artist:64tVHZVSAZhDEiOJxnb6hE,spotify:artist:7wyRA7deGRxozTyBc6QXPe,3
1538,spotify:artist:64tVHZVSAZhDEiOJxnb6hE,spotify:artist:4a2nAPF15Gv8V65Ba3IJSB,3
1539,spotify:artist:64tVHZVSAZhDEiOJxnb6hE,spotify:artist:5hAhrnb0Ch4ODwWu4tsbpi,3
1540,spotify:artist:3mv2eHwrIONSkviASDMRMa,spotify:artist:5d33uBLXug49EVA8T80fvM,3
1541,spotify:artist:3mv2eHwrIONSkviASDMRMa,spotify:artist:4ti1ys01b6fMkkSMqcCA1H,3
1542,spotify:artist:3mv2eHwrIONSkviASDMRMa,spotify:artist:2l7DkzVuYJW700mR7r43un,3
1543,spotify:artist:3mv2eHwrIONSkviASDMRMa,spotify:artist:2zAvisjImPICTNsRgagqlV,3
1544,spotify:artist:3mv2eHwrIONSkviASDMRMa,spotify:artist:2ajVJyxI4sHmTMtTA3ENko,3
1545,spotify:artist:3mv2eHwrIONSkviASDMRMa,spotify:artist:74o9NlWEiftu6kvoDpIpAA,3
1546,spotify:artist:3mv2eHwrIONSkviASDMRMa,spotify:artist:04cetTUz2JTzXBqFKO5YB5,3
1547,spotify:artist:3mv2eHwrIONSkviASDMRMa,spotify:artist:0WISkx0PwT6lYWdPqKUJY8,3
1548,spotify:artist:3mv2eHwrIONSkviASDMRMa,spotify:artist:3uQ5cxFHxXddqPL58egs1z,3
1549,spotify:artist:3mv2eHwrIONSkviASDMRMa,spotify:artist:2k07pWgpJiFIbb9q1yJ36B,3
1550,spotify:artist:3mv2eHwrIONSkviASDMRMa,spotify:artist:2Lhs0asnFQiLuntn3s8p78,3
1551,spotify:artist:3mv2eHwrIONSkviASDMRMa,spotify:artist:5jX8L7D6vWHYlNj9k361vI,3
1552,spotify:artist:3mv2eHwrIONSkviASDMRMa,spotify:artist:53PYmJ7bACIX8gkVoTkCIr,3
1553,spotify:artist:3mv2eHwrIONSkviASDMRMa,spotify:artist:4OogVxC2vWAsXsTYXctXi1,3
1554,spotify:artist:3mv2eHwrIONSkviASDMRMa,spotify:artist:6BV1QOFqWihVnBllS5naPh,3
1555,spotify:artist:3mv2eHwrIONSkviASDMRMa,spotify:artist:3iexGtoBAyCUbxOKeru5py,3
1556,spotify:artist:3mv2eHwrIONSkviASDMRMa,spotify:artist:0ihBDeJlIlXo4LFfAllsGm,3
1557,spotify:artist:3mv2eHwrIONSkviASDMRMa,spotify:artist:4ePunOqQbOYoQwd1298g3Z,3
1558,spotify:artist:3mv2eHwrIONSkviASDMRMa,spotify:artist:2CbeYAeoh6tWJhlJU3fI9c,3
1559,spotify:artist:3mv2eHwrIONSkviASDMRMa,spotify:artist:2rDxtYUzTAYJJE3Bl3Z5IN,3
1560,spotify:artist:7gqsi6aBSkRMJoL9psKqMr,spotify:artist:2l7DkzVuYJW700mR7r43un,3
1561,spotify:artist:7gqsi6aBSkRMJoL9psKqMr,spotify:artist:4ePunOqQbOYoQwd1298g3Z,3
1562,spotify:artist:7gqsi6aBSkRMJoL9psKqMr,spotify:artist:3lmR0qMiGuoIF9UC54egcG,3
1563,spotify:artist:7gqsi6aBSkRMJoL9psKqMr,spotify:artist:5poU7FPEYoBlwjzOEWMbX5,3
1564,spotify:artist:7gqsi6aBSkRMJoL9psKqMr,spotify:artist:6fxk3UXHTFYET8qCT9WlBF,3
1565,spotify:artist:7gqsi6aBSkRMJoL9psKqMr,spotify:artist:2zAvisjImPICTNsRgagqlV,3
1566,spotify:artist:7gqsi6aBSkRMJoL9psKqMr,spotify:artist:2Lhs0asnFQiLuntn3s8p78,3
1567,spotify:artist:7gqsi6aBSkRMJoL9psKqMr,spotify:artist:2ajVJyxI4sHmTMtTA3ENko,3
1568,spotify:artist:7gqsi6aBSkRMJoL9psKqMr,spotify:artist:2iUVQjheBnvOt8vaBrxXJz,3
1569,spotify:artist:7gqsi6aBSkRMJoL9psKqMr,spotify:artist:79JJCxCCfJ8HufX6w8q2k4,3
1570,spotify:artist:7gqsi6aBSkRMJoL9psKqMr,spotify:artist:1VfgWum48nwYJcCfdPwWgs,3
1571,spotify:artist:7gqsi6aBSkRMJoL9psKqMr,spotify:artist:2rDxtYUzTAYJJE3Bl3Z5IN,3
1572,spotify:artist:7gqsi6aBSkRMJoL9psKqMr,spotify:artist:3uQ5cxFHxXddqPL58egs1z,3
1573,spotify:artist:7gqsi6aBSkRMJoL9psKqMr,spotify:artist:1ll45mCZIveI9KHNZx2DdS,3
1574,spotify:artist:7gqsi6aBSkRMJoL9psKqMr,spotify:artist:4G0XDEk7RbA4BBCTs917U9,3
1575,spotify:artist:7gqsi6aBSkRMJoL9psKqMr,spotify:artist:7uLXW75DlTRahz2WKJZGeO,3
1576,spotify:artist:7gqsi6aBSkRMJoL9psKqMr,spotify:artist:5O5V29YvM6AzAQ0rNt59fy,3
1577,spotify:artist:7gqsi6aBSkRMJoL9psKqMr,spotify:artist:0qt6QSruHshcWT9QOzyfZp,3
1578,spotify:artist:7gqsi6aBSkRMJoL9psKqMr,spotify:artist:0LZac5VicY19QLaIUvIB0G,3
1579,spotify:artist:7gqsi6aBSkRMJoL9psKqMr,spotify:artist:2k07pWgpJiFIbb9q1yJ36B,3
1580,spotify:artist:6Jg1WSoV27sDj7N2WRFPqo,spotify:artist:2l7DkzVuYJW700mR7r43un,3
1581,spotify:artist:6Jg1WSoV27sDj7N2WRFPqo,spotify:artist:6ZWMXMg25PGVCaoYZXQSyn,3
1582,spotify:artist:6Jg1WSoV27sDj7N2WRFPqo,spotify:artist:7gqsi6aBSkRMJoL9psKqMr,3
1583,spotify:artist:6Jg1WSoV27sDj7N2WRFPqo,spotify:artist:4OogVxC2vWAsXsTYXctXi1,3
1584,spotify:artist:6Jg1WSoV27sDj7N2WRFPqo,spotify:artist:1ll45mCZIveI9KHNZx2DdS,3
1585,spotify:artist:6Jg1WSoV27sDj7N2WRFPqo,spotify:artist:2zAvisjImPICTNsRgagqlV,3
1586,spotify:artist:6Jg1WSoV27sDj7N2WRFPqo,spotify:artist:4tBNwdhdWAXGzzaPTp9dRE,3
1587,spotify:artist:6Jg1WSoV27sDj7N2WRFPqo,spotify:artist:2k07pWgpJiFIbb9q1yJ36B,3
1588,spotify:artist:6Jg1WSoV27sDj7N2WRFPqo,spotify:artist:3uQ5cxFHxXddqPL58egs1z,3
1589,spotify:artist:6Jg1WSoV27sDj7N2WRFPqo,spotify:artist:2EEw2tt8AJcH9qXUeB96Oc,3
1590,spotify:artist:6Jg1WSoV27sDj7N2WRFPqo,spotify:artist:4ePunOqQbOYoQwd1298g3Z,3
1591,spotify:artist:6Jg1WSoV27sDj7N2WRFPqo,spotify:artist:1AibLUHX4nyy6OVOV7o47C,3
1592,spotify:artist:6Jg1WSoV27sDj7N2WRFPqo,spotify:artist:0Z6hyoqGpchajBS8Gt3c0l,3
1593,spotify:artist:6Jg1WSoV27sDj7N2WRFPqo,spotify:artist:53PYmJ7bACIX8gkVoTkCIr,3
1594,spotify:artist:6Jg1WSoV27sDj7N2WRFPqo,spotify:artist:2ajVJyxI4sHmTMtTA3ENko,3
1595,spotify:artist:6Jg1WSoV27sDj7N2WRFPqo,spotify:artist:7EFfGZiKL1Ud3cspnlMq4H,3
1596,spotify:artist:6Jg1WSoV27sDj7N2WRFPqo,spotify:artist:2GATzeg62cr6sH29wSOVWe,3
1597,spotify:artist:6Jg1WSoV27sDj7N2WRFPqo,spotify:artist:3mv2eHwrIONSkviASDMRMa,3
1598,spotify:artist:6Jg1WSoV27sDj7N2WRFPqo,spotify:artist:0qt6QSruHshcWT9QOzyfZp,3
1599,spotify:artist:6Jg1WSoV27sDj7N2WRFPqo,spotify:artist:6eaiX6o2BMv5eyOjz9A6s0,3
1600,spotify:artist:2oAKV8mT3NB1hZbGbGcdYB,spotify:artist:339qxEdD8z8okRAiTp1HKf,3
1601,spotify:artist:2oAKV8mT3NB1hZbGbGcdYB,spotify:artist:6MnQV8O2R0Oci41F4HLB59,3
1602,spotify:artist:2oAKV8mT3NB1hZbGbGcdYB,spotify:artist:3Rdkj77BOQHj5dTLveCJvI,3
1603,spotify:artist:2oAKV8mT3NB1hZbGbGcdYB,spotify:artist:2Lhs0asnFQiLuntn3s8p78,3
1604,spotify:artist:2oAKV8mT3NB1hZbGbGcdYB,spotify:artist:5tgz5nUmXzQkGo7i0RczvC,3
1605,spotify:artist:2oAKV8mT3NB1hZbGbGcdYB,spotify:artist:2zTCLiQ8OUIWEyV6eZWzFy,3
1606,spotify:artist:2oAKV8mT3NB1hZbGbGcdYB,spotify:artist:7EFfGZiKL1Ud3cspnlMq4H,3
1607,spotify:artist:2oAKV8mT3NB1hZbGbGcdYB,spotify:artist:2k07pWgpJiFIbb9q1yJ36B,3
1608,spotify:artist:2oAKV8mT3NB1hZbGbGcdYB,spotify:artist:4tBNwdhdWAXGzzaPTp9dRE,3
1609,spotify:artist:2oAKV8mT3NB1hZbGbGcdYB,spotify:artist:70gvc4NvTwgBpEB1goYy8z,3
1610,spotify:artist:2oAKV8mT3NB1hZbGbGcdYB,spotify:artist:1OmdWpAh1pucAuZPzJaxIJ,3
1611,spotify:artist:2oAKV8mT3NB1hZbGbGcdYB,spotify:artist:2zAvisjImPICTNsRgagqlV,3
1612,spotify:artist:2oAKV8mT3NB1hZbGbGcdYB,spotify:artist:0TeVWuc8Sw05X4Qkl3AA5r,3
1613,spotify:artist:2oAKV8mT3NB1hZbGbGcdYB,spotify:artist:3uQ5cxFHxXddqPL58egs1z,3
1614,spotify:artist:2oAKV8mT3NB1hZbGbGcdYB,spotify:artist:2l7DkzVuYJW700mR7r43un,3
1615,spotify:artist:2oAKV8mT3NB1hZbGbGcdYB,spotify:artist:6M5FR3JkFFVDkgwtO6Vtz6,3
1616,spotify:artist:2oAKV8mT3NB1hZbGbGcdYB,spotify:artist:08w6KQXL60XUftg3Ds3177,3
1617,spotify:artist:2oAKV8mT3NB1hZbGbGcdYB,spotify:artist:72PnPUc1qv9UjRPaGVZ1jq,3
1618,spotify:artist:2oAKV8mT3NB1hZbGbGcdYB,spotify:artist:0qt6QSruHshcWT9QOzyfZp,3
1619,spotify:artist:2oAKV8mT3NB1hZbGbGcdYB,spotify:artist:2EEw2tt8AJcH9qXUeB96Oc,3
1620,spotify:artist:6MnQV8O2R0Oci41F4HLB59,spotify:artist:339qxEdD8z8okRAiTp1HKf,3
1621,spotify:artist:6MnQV8O2R0Oci41F4HLB59,spotify:artist:3Rdkj77BOQHj5dTLveCJvI,3
1622,spotify:artist:6MnQV8O2R0Oci41F4HLB59,spotify:artist:2oAKV8mT3NB1hZbGbGcdYB,3
1623,spotify:artist:6MnQV8O2R0Oci41F4HLB59,spotify:artist:2zTCLiQ8OUIWEyV6eZWzFy,3
1624,spotify:artist:6MnQV8O2R0Oci41F4HLB59,spotify:artist:72PnPUc1qv9UjRPaGVZ1jq,3
1625,spotify:artist:6MnQV8O2R0Oci41F4HLB59,spotify:artist:08w6KQXL60XUftg3Ds3177,3
1626,spotify:artist:6MnQV8O2R0Oci41F4HLB59,spotify:artist:0C8DFnoT192R5pDy0kRnrP,3
1627,spotify:artist:6MnQV8O2R0Oci41F4HLB59,spotify:artist:188gwh9RnRT58ZQPwqwHE3,3
1628,spotify:artist:6MnQV8O2R0Oci41F4HLB59,spotify:artist:5tgz5nUmXzQkGo7i0RczvC,3
1629,spotify:artist:6MnQV8O2R0Oci41F4HLB59,spotify:artist:2Lhs0asnFQiLuntn3s8p78,3
1630,spotify:artist:6MnQV8O2R0Oci41F4HLB59,spotify:artist:7EFfGZiKL1Ud3cspnlMq4H,3
1631,spotify:artist:6MnQV8O2R0Oci41F4HLB59,spotify:artist:70gvc4NvTwgBpEB1goYy8z,3
1632,spotify:artist:6MnQV8O2R0Oci41F4HLB59,spotify:artist:2k07pWgpJiFIbb9q1yJ36B,3
1633,spotify:artist:6MnQV8O2R0Oci41F4HLB59,spotify:artist:4T8Z2MuOWpnhGzTTSOz0Rj,3
1634,spotify:artist:6MnQV8O2R0Oci41F4HLB59,spotify:artist:37XGRhnYWhiV6o2jPB8nxt,3
1635,spotify:artist:6MnQV8O2R0Oci41F4HLB59,spotify:artist:0dpglhdTlof5BS5LX7uJmg,3
1636,spotify:artist:6MnQV8O2R0Oci41F4HLB59,spotify:artist:4tBNwdhdWAXGzzaPTp9dRE,3
1637,spotify:artist:6MnQV8O2R0Oci41F4HLB59,spotify:artist:3uQ5cxFHxXddqPL58egs1z,3
1638,spotify:artist:6MnQV8O2R0Oci41F4HLB59,spotify:artist:6vrwcJbfs2QyRtApdx1hXX,3
1639,spotify:artist:6MnQV8O2R0Oci41F4HLB59,spotify:artist:6M5FR3JkFFVDkgwtO6Vtz6,3
1640,spotify:artist:3Rdkj77BOQHj5dTLveCJvI,spotify:artist:2zTCLiQ8OUIWEyV6eZWzFy,3
1641,spotify:artist:3Rdkj77BOQHj5dTLveCJvI,spotify:artist:6MnQV8O2R0Oci41F4HLB59,3
1642,spotify:artist:3Rdkj77BOQHj5dTLveCJvI,spotify:artist:72PnPUc1qv9UjRPaGVZ1jq,3
1643,spotify:artist:3Rdkj77BOQHj5dTLveCJvI,spotify:artist:339qxEdD8z8okRAiTp1HKf,3
1644,spotify:artist:3Rdkj77BOQHj5dTLveCJvI,spotify:artist:2oAKV8mT3NB1hZbGbGcdYB,3
1645,spotify:artist:3Rdkj77BOQHj5dTLveCJvI,spotify:artist:37XGRhnYWhiV6o2jPB8nxt,3
1646,spotify:artist:3Rdkj77BOQHj5dTLveCJvI,spotify:artist:0TeVWuc8Sw05X4Qkl3AA5r,3
1647,spotify:artist:3Rdkj77BOQHj5dTLveCJvI,spotify:artist:188gwh9RnRT58ZQPwqwHE3,3
1648,spotify:artist:3Rdkj77BOQHj5dTLveCJvI,spotify:artist:2Lhs0asnFQiLuntn3s8p78,3
1649,spotify:artist:3Rdkj77BOQHj5dTLveCJvI,spotify:artist:2k07pWgpJiFIbb9q1yJ36B,3
1650,spotify:artist:3Rdkj77BOQHj5dTLveCJvI,spotify:artist:7EFfGZiKL1Ud3cspnlMq4H,3
1651,spotify:artist:3Rdkj77BOQHj5dTLveCJvI,spotify:artist:1Cc79YAHP7xvQAVQSjveP6,3
1652,spotify:artist:3Rdkj77BOQHj5dTLveCJvI,spotify:artist:3vidJsiALgVC5ZuweJgeDT,3
1653,spotify:artist:3Rdkj77BOQHj5dTLveCJvI,spotify:artist:3uQ5cxFHxXddqPL58egs1z,3
1654,spotify:artist:3Rdkj77BOQHj5dTLveCJvI,spotify:artist:2zAvisjImPICTNsRgagqlV,3
1655,spotify:artist:3Rdkj77BOQHj5dTLveCJvI,spotify:artist:1OmdWpAh1pucAuZPzJaxIJ,3
1656,spotify:artist:3Rdkj77BOQHj5dTLveCJvI,spotify:artist:08w6KQXL60XUftg3Ds3177,3
1657,spotify:artist:3Rdkj77BOQHj5dTLveCJvI,spotify:artist:0qt6QSruHshcWT9QOzyfZp,3
1658,spotify:artist:3Rdkj77BOQHj5dTLveCJvI,spotify:artist:4tBNwdhdWAXGzzaPTp9dRE,3
1659,spotify:artist:3Rdkj77BOQHj5dTLveCJvI,spotify:artist:4Ajgo7nAsTzjSFymIfBjZ1,3
1660,spotify:artist:2zTCLiQ8OUIWEyV6eZWzFy,spotify:artist:6MnQV8O2R0Oci41F4HLB59,3
1661,spotify:artist:2zTCLiQ8OUIWEyV6eZWzFy,spotify:artist:3Rdkj77BOQHj5dTLveCJvI,3
1662,spotify:artist:2zTCLiQ8OUIWEyV6eZWzFy,spotify:artist:6vrwcJbfs2QyRtApdx1hXX,3
1663,spotify:artist:2zTCLiQ8OUIWEyV6eZWzFy,spotify:artist:339qxEdD8z8okRAiTp1HKf,3
1664,spotify:artist:2zTCLiQ8OUIWEyV6eZWzFy,spotify:artist:3eKN3A1F9LHWa2fHo3m1rd,3
1665,spotify:artist:2zTCLiQ8OUIWEyV6eZWzFy,spotify:artist:0BLh5cn4nqfqoVUREx3hLj,3
1666,spotify:artist:2zTCLiQ8OUIWEyV6eZWzFy,spotify:artist:6qQpSCDIS4V5Md1sfgaCkh,3
1667,spotify:artist:2zTCLiQ8OUIWEyV6eZWzFy,spotify:artist:2k07pWgpJiFIbb9q1yJ36B,3
1668,spotify:artist:2zTCLiQ8OUIWEyV6eZWzFy,spotify:artist:2oAKV8mT3NB1hZbGbGcdYB,3
1669,spotify:artist:2zTCLiQ8OUIWEyV6eZWzFy,spotify:artist:2Plkkomsc4DKawkCioLKjc,3
1670,spotify:artist:2zTCLiQ8OUIWEyV6eZWzFy,spotify:artist:1Cc79YAHP7xvQAVQSjveP6,3
1671,spotify:artist:2zTCLiQ8OUIWEyV6eZWzFy,spotify:artist:0GkLlslI4LMVTTuUkyQp57,3
1672,spotify:artist:2zTCLiQ8OUIWEyV6eZWzFy,spotify:artist:2UDplVRprMbazU74Hq8OLl,3
1673,spotify:artist:2zTCLiQ8OUIWEyV6eZWzFy,spotify:artist:3vidJsiALgVC5ZuweJgeDT,3
1674,spotify:artist:2zTCLiQ8OUIWEyV6eZWzFy,spotify:artist:0rZpNCCYOe06am554MyKRu,3
1675,spotify:artist:2zTCLiQ8OUIWEyV6eZWzFy,spotify:artist:0M02NJYkmh4eYhsKVAgVbJ,3
1676,spotify:artist:2zTCLiQ8OUIWEyV6eZWzFy,spotify:artist:4Ajgo7nAsTzjSFymIfBjZ1,3
1677,spotify:artist:2zTCLiQ8OUIWEyV6eZWzFy,spotify:artist:0tyLMmQvEuyQR4qjGBdbem,3
1678,spotify:artist:2zTCLiQ8OUIWEyV6eZWzFy,spotify:artist:7AhDVqsNA5q46WKsRPXvoe,3
1679,spotify:artist:2zTCLiQ8OUIWEyV6eZWzFy,spotify:artist:5U1pEBuiFLycsQ4mYP3nmK,3
1680,spotify:artist:2Lhs0asnFQiLuntn3s8p78,spotify:artist:339qxEdD8z8okRAiTp1HKf,3
1681,spotify:artist:2Lhs0asnFQiLuntn3s8p78,spotify:artist:2oAKV8mT3NB1hZbGbGcdYB,3
1682,spotify:artist:2Lhs0asnFQiLuntn3s8p78,spotify:artist:2zAvisjImPICTNsRgagqlV,3
1683,spotify:artist:2Lhs0asnFQiLuntn3s8p78,spotify:artist:2l7DkzVuYJW700mR7r43un,3
1684,spotify:artist:2Lhs0asnFQiLuntn3s8p78,spotify:artist:3uQ5cxFHxXddqPL58egs1z,3
1685,spotify:artist:2Lhs0asnFQiLuntn3s8p78,spotify:artist:2k07pWgpJiFIbb9q1yJ36B,3
1686,spotify:artist:2Lhs0asnFQiLuntn3s8p78,spotify:artist:7EFfGZiKL1Ud3cspnlMq4H,3
1687,spotify:artist:2Lhs0asnFQiLuntn3s8p78,spotify:artist:3dmSPhg0tdao8ePj4pySJ5,3
1688,spotify:artist:2Lhs0asnFQiLuntn3s8p78,spotify:artist:79JJCxCCfJ8HufX6w8q2k4,3
1689,spotify:artist:2Lhs0asnFQiLuntn3s8p78,spotify:artist:0qt6QSruHshcWT9QOzyfZp,3
1690,spotify:artist:2Lhs0asnFQiLuntn3s8p78,spotify:artist:7gqsi6aBSkRMJoL9psKqMr,3
1691,spotify:artist:2Lhs0asnFQiLuntn3s8p78,spotify:artist:2ajVJyxI4sHmTMtTA3ENko,3
1692,spotify:artist:2Lhs0asnFQiLuntn3s8p78,spotify:artist:2EEw2tt8AJcH9qXUeB96Oc,3
1693,spotify:artist:2Lhs0asnFQiLuntn3s8p78,spotify:artist:4G0XDEk7RbA4BBCTs917U9,3
1694,spotify:artist:2Lhs0asnFQiLuntn3s8p78,spotify:artist:70gvc4NvTwgBpEB1goYy8z,3
1695,spotify:artist:2Lhs0asnFQiLuntn3s8p78,spotify:artist:2rDxtYUzTAYJJE3Bl3Z5IN,3
1696,spotify:artist:2Lhs0asnFQiLuntn3s8p78,spotify:artist:1OmdWpAh1pucAuZPzJaxIJ,3
1697,spotify:artist:2Lhs0asnFQiLuntn3s8p78,spotify:artist:2zTCLiQ8OUIWEyV6eZWzFy,3
1698,spotify:artist:2Lhs0asnFQiLuntn3s8p78,spotify:artist:4ePunOqQbOYoQwd1298g3Z,3
1699,spotify:artist:2Lhs0asnFQiLuntn3s8p78,spotify:artist:4yvuCAFk8vERXXBf138h8S,3
1700,spotify:artist:5tgz5nUmXzQkGo7i0RczvC,spotify:artist:2oAKV8mT3NB1hZbGbGcdYB,3
1701,spotify:artist:5tgz5nUmXzQkGo7i0RczvC,spotify:artist:339qxEdD8z8okRAiTp1HKf,3
1702,spotify:artist:5tgz5nUmXzQkGo7i0RczvC,spotify:artist:6MnQV8O2R0Oci41F4HLB59,3
1703,spotify:artist:5tgz5nUmXzQkGo7i0RczvC,spotify:artist:7EFfGZiKL1Ud3cspnlMq4H,3
1704,spotify:artist:5tgz5nUmXzQkGo7i0RczvC,spotify:artist:3Rdkj77BOQHj5dTLveCJvI,3
1705,spotify:artist:5tgz5nUmXzQkGo7i0RczvC,spotify:artist:2Lhs0asnFQiLuntn3s8p78,3
1706,spotify:artist:5tgz5nUmXzQkGo7i0RczvC,spotify:artist:5cVphcm0FP2N0GXVl9csxh,3
1707,spotify:artist:5tgz5nUmXzQkGo7i0RczvC,spotify:artist:70gvc4NvTwgBpEB1goYy8z,3
1708,spotify:artist:5tgz5nUmXzQkGo7i0RczvC,spotify:artist:2k07pWgpJiFIbb9q1yJ36B,3
1709,spotify:artist:5tgz5nUmXzQkGo7i0RczvC,spotify:artist:08w6KQXL60XUftg3Ds3177,3
1710,spotify:artist:5tgz5nUmXzQkGo7i0RczvC,spotify:artist:1OmdWpAh1pucAuZPzJaxIJ,3
1711,spotify:artist:5tgz5nUmXzQkGo7i0RczvC,spotify:artist:2zTCLiQ8OUIWEyV6eZWzFy,3
1712,spotify:artist:5tgz5nUmXzQkGo7i0RczvC,spotify:artist:6uHjKRsYGaElOrKWlSEji3,3
1713,spotify:artist:5tgz5nUmXzQkGo7i0RczvC,spotify:artist:72ZTVVsOrHbZps2XgHuvGa,3
1714,spotify:artist:5tgz5nUmXzQkGo7i0RczvC,spotify:artist:3uQ5cxFHxXddqPL58egs1z,3
1715,spotify:artist:5tgz5nUmXzQkGo7i0RczvC,spotify:artist:2zAvisjImPICTNsRgagqlV,3
1716,spotify:artist:5tgz5nUmXzQkGo7i0RczvC,spotify:artist:0C8DFnoT192R5pDy0kRnrP,3
1717,spotify:artist:5tgz5nUmXzQkGo7i0RczvC,spotify:artist:188gwh9RnRT58ZQPwqwHE3,3
1718,spotify:artist:5tgz5nUmXzQkGo7i0RczvC,spotify:artist:1XW5L5zIBqMw7sqkkuIi5n,3
1719,spotify:artist:5tgz5nUmXzQkGo7i0RczvC,spotify:artist:6M5FR3JkFFVDkgwtO6Vtz6,3
1720,spotify:artist:7EFfGZiKL1Ud3cspnlMq4H,spotify:artist:4tBNwdhdWAXGzzaPTp9dRE,3
1721,spotify:artist:7EFfGZiKL1Ud3cspnlMq4H,spotify:artist:339qxEdD8z8okRAiTp1HKf,3
1722,spotify:artist:7EFfGZiKL1Ud3cspnlMq4H,spotify:artist:3uQ5cxFHxXddqPL58egs1z,3
1723,spotify:artist:7EFfGZiKL1Ud3cspnlMq4H,spotify:artist:2oAKV8mT3NB1hZbGbGcdYB,3
1724,spotify:artist:7EFfGZiKL1Ud3cspnlMq4H,spotify:artist:2k07pWgpJiFIbb9q1yJ36B,3
1725,spotify:artist:7EFfGZiKL1Ud3cspnlMq4H,spotify:artist:2Lhs0asnFQiLuntn3s8p78,3
1726,spotify:artist:7EFfGZiKL1Ud3cspnlMq4H,spotify:artist:2l7DkzVuYJW700mR7r43un,3
1727,spotify:artist:7EFfGZiKL1Ud3cspnlMq4H,spotify:artist:2zAvisjImPICTNsRgagqlV,3
1728,spotify:artist:7EFfGZiKL1Ud3cspnlMq4H,spotify:artist:6MnQV8O2R0Oci41F4HLB59,3
1729,spotify:artist:7EFfGZiKL1Ud3cspnlMq4H,spotify:artist:2EEw2tt8AJcH9qXUeB96Oc,3
1730,spotify:artist:7EFfGZiKL1Ud3cspnlMq4H,spotify:artist:2ajVJyxI4sHmTMtTA3ENko,3
1731,spotify:artist:7EFfGZiKL1Ud3cspnlMq4H,spotify:artist:0qt6QSruHshcWT9QOzyfZp,3
1732,spotify:artist:7EFfGZiKL1Ud3cspnlMq4H,spotify:artist:6uHjKRsYGaElOrKWlSEji3,3
1733,spotify:artist:7EFfGZiKL1Ud3cspnlMq4H,spotify:artist:2zTCLiQ8OUIWEyV6eZWzFy,3
1734,spotify:artist:7EFfGZiKL1Ud3cspnlMq4H,spotify:artist:6M5FR3JkFFVDkgwtO6Vtz6,3
1735,spotify:artist:7EFfGZiKL1Ud3cspnlMq4H,spotify:artist:3Rdkj77BOQHj5dTLveCJvI,3
1736,spotify:artist:7EFfGZiKL1Ud3cspnlMq4H,spotify:artist:64tVHZVSAZhDEiOJxnb6hE,3
1737,spotify:artist:7EFfGZiKL1Ud3cspnlMq4H,spotify:artist:3mv2eHwrIONSkviASDMRMa,3
1738,spotify:artist:7EFfGZiKL1Ud3cspnlMq4H,spotify:artist:7gqsi6aBSkRMJoL9psKqMr,3
1739,spotify:artist:7EFfGZiKL1Ud3cspnlMq4H,spotify:artist:6Jg1WSoV27sDj7N2WRFPqo,3
1740,spotify:artist:2k07pWgpJiFIbb9q1yJ36B,spotify:artist:3uQ5cxFHxXddqPL58egs1z,3
1741,spotify:artist:2k07pWgpJiFIbb9q1yJ36B,spotify:artist:4tBNwdhdWAXGzzaPTp9dRE,3
1742,spotify:artist:2k07pWgpJiFIbb9q1yJ36B,spotify:artist:2l7DkzVuYJW700mR7r43un,3
1743,spotify:artist:2k07pWgpJiFIbb9q1yJ36B,spotify:artist:2zAvisjImPICTNsRgagqlV,3
1744,spotify:artist:2k07pWgpJiFIbb9q1yJ36B,spotify:artist:2zTCLiQ8OUIWEyV6eZWzFy,3
1745,spotify:artist:2k07pWgpJiFIbb9q1yJ36B,spotify:artist:339qxEdD8z8okRAiTp1HKf,3
1746,spotify:artist:2k07pWgpJiFIbb9q1yJ36B,spotify:artist:43qdXLql01k9JPTeqBG22H,3
1747,spotify:artist:2k07pWgpJiFIbb9q1yJ36B,spotify:artist:7EFfGZiKL1Ud3cspnlMq4H,3
1748,spotify:artist:2k07pWgpJiFIbb9q1yJ36B,spotify:artist:0qt6QSruHshcWT9QOzyfZp,3
1749,spotify:artist:2k07pWgpJiFIbb9q1yJ36B,spotify:artist:2Lhs0asnFQiLuntn3s8p78,3
1750,spotify:artist:2k07pWgpJiFIbb9q1yJ36B,spotify:artist:79JJCxCCfJ8HufX6w8q2k4,3
1751,spotify:artist:2k07pWgpJiFIbb9q1yJ36B,spotify:artist:4G0XDEk7RbA4BBCTs917U9,3
1752,spotify:artist:2k07pWgpJiFIbb9q1yJ36B,spotify:artist:0GkLlslI4LMVTTuUkyQp57,3
1753,spotify:artist:2k07pWgpJiFIbb9q1yJ36B,spotify:artist:2rDxtYUzTAYJJE3Bl3Z5IN,3
1754,spotify:artist:2k07pWgpJiFIbb9q1yJ36B,spotify:artist:6vrwcJbfs2QyRtApdx1hXX,3
1755,spotify:artist:2k07pWgpJiFIbb9q1yJ36B,spotify:artist:2EEw2tt8AJcH9qXUeB96Oc,3
1756,spotify:artist:2k07pWgpJiFIbb9q1yJ36B,spotify:artist:2ajVJyxI4sHmTMtTA3ENko,3
1757,spotify:artist:2k07pWgpJiFIbb9q1yJ36B,spotify:artist:2oAKV8mT3NB1hZbGbGcdYB,3
1758,spotify:artist:2k07pWgpJiFIbb9q1yJ36B,spotify:artist:57kIMCLPgkzQlXjblX7XXP,3
1759,spotify:artist:2k07pWgpJiFIbb9q1yJ36B,spotify:artist:6BV1QOFqWihVnBllS5naPh,3
1760,spotify:artist:08w6KQXL60XUftg3Ds3177,spotify:artist:6MnQV8O2R0Oci41F4HLB59,3
1761,spotify:artist:08w6KQXL60XUftg3Ds3177,spotify:artist:339qxEdD8z8okRAiTp1HKf,3
1762,spotify:artist:08w6KQXL60XUftg3Ds3177,spotify:artist:6i5q5T7CbwuAyAMdDIkhvQ,3
1763,spotify:artist:08w6KQXL60XUftg3Ds3177,spotify:artist:188gwh9RnRT58ZQPwqwHE3,3
1764,spotify:artist:08w6KQXL60XUftg3Ds3177,spotify:artist:2oAKV8mT3NB1hZbGbGcdYB,3
1765,spotify:artist:08w6KQXL60XUftg3Ds3177,spotify:artist:0C8DFnoT192R5pDy0kRnrP,3
1766,spotify:artist:08w6KQXL60XUftg3Ds3177,spotify:artist:70gvc4NvTwgBpEB1goYy8z,3
1767,spotify:artist:08w6KQXL60XUftg3Ds3177,spotify:artist:72PnPUc1qv9UjRPaGVZ1jq,3
1768,spotify:artist:08w6KQXL60XUftg3Ds3177,spotify:artist:2Lc049MATwWRm2VpfB74YW,3
1769,spotify:artist:08w6KQXL60XUftg3Ds3177,spotify:artist:2zTCLiQ8OUIWEyV6eZWzFy,3
1770,spotify:artist:08w6KQXL60XUftg3Ds3177,spotify:artist:5JFS60r6NwiQfX8Ue29JHL,3
1771,spotify:artist:08w6KQXL60XUftg3Ds3177,spotify:artist:7EFfGZiKL1Ud3cspnlMq4H,3
1772,spotify:artist:08w6KQXL60XUftg3Ds3177,spotify:artist:3Rdkj77BOQHj5dTLveCJvI,3
1773,spotify:artist:08w6KQXL60XUftg3Ds3177,spotify:artist:1XW5L5zIBqMw7sqkkuIi5n,3
1774,spotify:artist:08w6KQXL60XUftg3Ds3177,spotify:artist:3dmSPhg0tdao8ePj4pySJ5,3
1775,spotify:artist:08w6KQXL60XUftg3Ds3177,spotify:artist:3WNuXg2cfUF1m2ol7bh5ff,3
1776,spotify:artist:08w6KQXL60XUftg3Ds3177,spotify:artist:2Lhs0asnFQiLuntn3s8p78,3
1777,spotify:artist:08w6KQXL60XUftg3Ds3177,spotify:artist:0TeVWuc8Sw05X4Qkl3AA5r,3
1778,spotify:artist:08w6KQXL60XUftg3Ds3177,spotify:artist:0dpglhdTlof5BS5LX7uJmg,3
1779,spotify:artist:08w6KQXL60XUftg3Ds3177,spotify:artist:31ir0nQWMLTowZmZO8CiBw,3
1780,spotify:artist:72PnPUc1qv9UjRPaGVZ1jq,spotify:artist:3Rdkj77BOQHj5dTLveCJvI,3
1781,spotify:artist:72PnPUc1qv9UjRPaGVZ1jq,spotify:artist:339qxEdD8z8okRAiTp1HKf,3
1782,spotify:artist:72PnPUc1qv9UjRPaGVZ1jq,spotify:artist:6MnQV8O2R0Oci41F4HLB59,3
1783,spotify:artist:72PnPUc1qv9UjRPaGVZ1jq,spotify:artist:188gwh9RnRT58ZQPwqwHE3,3
1784,spotify:artist:72PnPUc1qv9UjRPaGVZ1jq,spotify:artist:2zTCLiQ8OUIWEyV6eZWzFy,3
1785,spotify:artist:72PnPUc1qv9UjRPaGVZ1jq,spotify:artist:2oAKV8mT3NB1hZbGbGcdYB,3
1786,spotify:artist:72PnPUc1qv9UjRPaGVZ1jq,spotify:artist:2k07pWgpJiFIbb9q1yJ36B,3
1787,spotify:artist:72PnPUc1qv9UjRPaGVZ1jq,spotify:artist:08w6KQXL60XUftg3Ds3177,3
1788,spotify:artist:72PnPUc1qv9UjRPaGVZ1jq,spotify:artist:2Lhs0asnFQiLuntn3s8p78,3
1789,spotify:artist:72PnPUc1qv9UjRPaGVZ1jq,spotify:artist:3uQ5cxFHxXddqPL58egs1z,3
1790,spotify:artist:72PnPUc1qv9UjRPaGVZ1jq,spotify:artist:3x0LgZSPgNh91O6NBMtqTs,3
1791,spotify:artist:72PnPUc1qv9UjRPaGVZ1jq,spotify:artist:1OmdWpAh1pucAuZPzJaxIJ,3
1792,spotify:artist:72PnPUc1qv9UjRPaGVZ1jq,spotify:artist:0dpglhdTlof5BS5LX7uJmg,3
1793,spotify:artist:72PnPUc1qv9UjRPaGVZ1jq,spotify:artist:4Ajgo7nAsTzjSFymIfBjZ1,3
1794,spotify:artist:72PnPUc1qv9UjRPaGVZ1jq,spotify:artist:2zAvisjImPICTNsRgagqlV,3
1795,spotify:artist:72PnPUc1qv9UjRPaGVZ1jq,spotify:artist:3ZWab2LEVkNKiBPIClTwof,3
1796,spotify:artist:72PnPUc1qv9UjRPaGVZ1jq,spotify:artist:2Plkkomsc4DKawkCioLKjc,3
1797,spotify:artist:72PnPUc1qv9UjRPaGVZ1jq,spotify:artist:60ht0hWRy1yjUDfNsLuHuP,3
1798,spotify:artist:72PnPUc1qv9UjRPaGVZ1jq,spotify:artist:4Cedjq5BQL3MhapRvDpFED,3
1799,spotify:artist:72PnPUc1qv9UjRPaGVZ1jq,spotify:artist:7caMdiwqwg1WefL7Jjm23M,3
1800,spotify:artist:1OmdWpAh1pucAuZPzJaxIJ,spotify:artist:339qxEdD8z8okRAiTp1HKf,3
1801,spotify:artist:1OmdWpAh1pucAuZPzJaxIJ,spotify:artist:2Lhs0asnFQiLuntn3s8p78,3
1802,spotify:artist:1OmdWpAh1pucAuZPzJaxIJ,spotify:artist:2oAKV8mT3NB1hZbGbGcdYB,3
1803,spotify:artist:1OmdWpAh1pucAuZPzJaxIJ,spotify:artist:2k07pWgpJiFIbb9q1yJ36B,3
1804,spotify:artist:1OmdWpAh1pucAuZPzJaxIJ,spotify:artist:2zAvisjImPICTNsRgagqlV,3
1805,spotify:artist:1OmdWpAh1pucAuZPzJaxIJ,spotify:artist:3uQ5cxFHxXddqPL58egs1z,3
1806,spotify:artist:1OmdWpAh1pucAuZPzJaxIJ,spotify:artist:3dmSPhg0tdao8ePj4pySJ5,3
1807,spotify:artist:1OmdWpAh1pucAuZPzJaxIJ,spotify:artist:2rDxtYUzTAYJJE3Bl3Z5IN,3
1808,spotify:artist:1OmdWpAh1pucAuZPzJaxIJ,spotify:artist:6nXSnNEdLuKTzAQozRtqiI,3
1809,spotify:artist:1OmdWpAh1pucAuZPzJaxIJ,spotify:artist:79JJCxCCfJ8HufX6w8q2k4,3
1810,spotify:artist:1OmdWpAh1pucAuZPzJaxIJ,spotify:artist:57kIMCLPgkzQlXjblX7XXP,3
1811,spotify:artist:1OmdWpAh1pucAuZPzJaxIJ,spotify:artist:188gwh9RnRT58ZQPwqwHE3,3
1812,spotify:artist:1OmdWpAh1pucAuZPzJaxIJ,spotify:artist:4Cedjq5BQL3MhapRvDpFED,3
1813,spotify:artist:1OmdWpAh1pucAuZPzJaxIJ,spotify:artist:2ajVJyxI4sHmTMtTA3ENko,3
1814,spotify:artist:1OmdWpAh1pucAuZPzJaxIJ,spotify:artist:72PnPUc1qv9UjRPaGVZ1jq,3
1815,spotify:artist:1OmdWpAh1pucAuZPzJaxIJ,spotify:artist:2UDplVRprMbazU74Hq8OLl,3
1816,spotify:artist:1OmdWpAh1pucAuZPzJaxIJ,spotify:artist:7gqsi6aBSkRMJoL9psKqMr,3
1817,spotify:artist:1OmdWpAh1pucAuZPzJaxIJ,spotify:artist:2Plkkomsc4DKawkCioLKjc,3
1818,spotify:artist:1OmdWpAh1pucAuZPzJaxIJ,spotify:artist:4Ajgo7nAsTzjSFymIfBjZ1,3
1819,spotify:artist:1OmdWpAh1pucAuZPzJaxIJ,spotify:artist:0TeVWuc8Sw05X4Qkl3AA5r,3
1820,spotify:artist:188gwh9RnRT58ZQPwqwHE3,spotify:artist:0dXkA269miPJqkZ61mgO3T,3
1821,spotify:artist:188gwh9RnRT58ZQPwqwHE3,spotify:artist:0dpglhdTlof5BS5LX7uJmg,3
1822,spotify:artist:188gwh9RnRT58ZQPwqwHE3,spotify:artist:4T8Z2MuOWpnhGzTTSOz0Rj,3
1823,spotify:artist:188gwh9RnRT58ZQPwqwHE3,spotify:artist:4hadRvyBwQwfETFBEUUaru,3
1824,spotify:artist:188gwh9RnRT58ZQPwqwHE3,spotify:artist:7kbuMLWTrPXRXDkIYHUk9u,3
1825,spotify:artist:188gwh9RnRT58ZQPwqwHE3,spotify:artist:72PnPUc1qv9UjRPaGVZ1jq,3
1826,spotify:artist:188gwh9RnRT58ZQPwqwHE3,spotify:artist:0qwWMVIcy32f3sw0OfvP9f,3
1827,spotify:artist:188gwh9RnRT58ZQPwqwHE3,spotify:artist:339qxEdD8z8okRAiTp1HKf,3
1828,spotify:artist:188gwh9RnRT58ZQPwqwHE3,spotify:artist:3Rdkj77BOQHj5dTLveCJvI,3
1829,spotify:artist:188gwh9RnRT58ZQPwqwHE3,spotify:artist:6MnQV8O2R0Oci41F4HLB59,3
1830,spotify:artist:188gwh9RnRT58ZQPwqwHE3,spotify:artist:5oTGxE6TDRsEr0jfbIlp7O,3
1831,spotify:artist:188gwh9RnRT58ZQPwqwHE3,spotify:artist:08w6KQXL60XUftg3Ds3177,3
1832,spotify:artist:188gwh9RnRT58ZQPwqwHE3,spotify:artist:0GYgu8NyVpXbTmqJ5Rqwsu,3
1833,spotify:artist:188gwh9RnRT58ZQPwqwHE3,spotify:artist:1E9TNv40XvUPBKsueQZ7Ix,3
1834,spotify:artist:188gwh9RnRT58ZQPwqwHE3,spotify:artist:3uQ5cxFHxXddqPL58egs1z,3
1835,spotify:artist:188gwh9RnRT58ZQPwqwHE3,spotify:artist:3fwCB7lIrdjKWiFN4vz99j,3
1836,spotify:artist:188gwh9RnRT58ZQPwqwHE3,spotify:artist:2lnVaJjmDvrFi3Pyf1sGxI,3
1837,spotify:artist:188gwh9RnRT58ZQPwqwHE3,spotify:artist:3dmSPhg0tdao8ePj4pySJ5,3
1838,spotify:artist:188gwh9RnRT58ZQPwqwHE3,spotify:artist:2k07pWgpJiFIbb9q1yJ36B,3
1839,spotify:artist:188gwh9RnRT58ZQPwqwHE3,spotify:artist:1OmdWpAh1pucAuZPzJaxIJ,3
1840,spotify:artist:70gvc4NvTwgBpEB1goYy8z,spotify:artist:3dmSPhg0tdao8ePj4pySJ5,3
1841,spotify:artist:70gvc4NvTwgBpEB1goYy8z,spotify:artist:339qxEdD8z8okRAiTp1HKf,3
1842,spotify:artist:70gvc4NvTwgBpEB1goYy8z,spotify:artist:2Lhs0asnFQiLuntn3s8p78,3
1843,spotify:artist:70gvc4NvTwgBpEB1goYy8z,spotify:artist:2oAKV8mT3NB1hZbGbGcdYB,3
1844,spotify:artist:70gvc4NvTwgBpEB1goYy8z,spotify:artist:6MnQV8O2R0Oci41F4HLB59,3
1845,spotify:artist:70gvc4NvTwgBpEB1goYy8z,spotify:artist:1XW5L5zIBqMw7sqkkuIi5n,3
1846,spotify:artist:70gvc4NvTwgBpEB1goYy8z,spotify:artist:5RyAbJ3y4yw8EbDcRblB8S,3
1847,spotify:artist:70gvc4NvTwgBpEB1goYy8z,spotify:artist:0qt6QSruHshcWT9QOzyfZp,3
1848,spotify:artist:70gvc4NvTwgBpEB1goYy8z,spotify:artist:2zAvisjImPICTNsRgagqlV,3
1849,spotify:artist:70gvc4NvTwgBpEB1goYy8z,spotify:artist:6M5FR3JkFFVDkgwtO6Vtz6,3
1850,spotify:artist:70gvc4NvTwgBpEB1goYy8z,spotify:artist:7EFfGZiKL1Ud3cspnlMq4H,3
1851,spotify:artist:70gvc4NvTwgBpEB1goYy8z,spotify:artist:08w6KQXL60XUftg3Ds3177,3
1852,spotify:artist:70gvc4NvTwgBpEB1goYy8z,spotify:artist:4tBNwdhdWAXGzzaPTp9dRE,3
1853,spotify:artist:70gvc4NvTwgBpEB1goYy8z,spotify:artist:4HEIKb9PGw8MG7Am50ev98,3
1854,spotify:artist:70gvc4NvTwgBpEB1goYy8z,spotify:artist:5tgz5nUmXzQkGo7i0RczvC,3
1855,spotify:artist:70gvc4NvTwgBpEB1goYy8z,spotify:artist:3uQ5cxFHxXddqPL58egs1z,3
1856,spotify:artist:70gvc4NvTwgBpEB1goYy8z,spotify:artist:2l7DkzVuYJW700mR7r43un,3
1857,spotify:artist:70gvc4NvTwgBpEB1goYy8z,spotify:artist:2ajVJyxI4sHmTMtTA3ENko,3
1858,spotify:artist:70gvc4NvTwgBpEB1goYy8z,spotify:artist:7gqsi6aBSkRMJoL9psKqMr,3
1859,spotify:artist:70gvc4NvTwgBpEB1goYy8z,spotify:artist:1RM5gp0RFfjpJhCYFPB30p,3
1860,spotify:artist:6uHjKRsYGaElOrKWlSEji3,spotify:artist:4W1poTLCG6XjhBUVehcaMB,3
1861,spotify:artist:6uHjKRsYGaElOrKWlSEji3,spotify:artist:2GATzeg62cr6sH29wSOVWe,3
1862,spotify:artist:6uHjKRsYGaElOrKWlSEji3,spotify:artist:0qt6QSruHshcWT9QOzyfZp,3
1863,spotify:artist:6uHjKRsYGaElOrKWlSEji3,spotify:artist:339qxEdD8z8okRAiTp1HKf,3
1864,spotify:artist:6uHjKRsYGaElOrKWlSEji3,spotify:artist:7EFfGZiKL1Ud3cspnlMq4H,3
1865,spotify:artist:6uHjKRsYGaElOrKWlSEji3,spotify:artist:1XW5L5zIBqMw7sqkkuIi5n,3
1866,spotify:artist:6uHjKRsYGaElOrKWlSEji3,spotify:artist:5lQ9ygSr6WMqXYsG00nNNY,3
1867,spotify:artist:6uHjKRsYGaElOrKWlSEji3,spotify:artist:2Lhs0asnFQiLuntn3s8p78,3
1868,spotify:artist:6uHjKRsYGaElOrKWlSEji3,spotify:artist:31ir0nQWMLTowZmZO8CiBw,3
1869,spotify:artist:6uHjKRsYGaElOrKWlSEji3,spotify:artist:2zTCLiQ8OUIWEyV6eZWzFy,3
1870,spotify:artist:6uHjKRsYGaElOrKWlSEji3,spotify:artist:7IDrRpDz0cOuUVC32c8PKD,3
1871,spotify:artist:6uHjKRsYGaElOrKWlSEji3,spotify:artist:1CgvL3gASrnuI8SKXr8K7F,3
1872,spotify:artist:6uHjKRsYGaElOrKWlSEji3,spotify:artist:2dxi3wnJ9h9kNioaWyIpYd,3
1873,spotify:artist:6uHjKRsYGaElOrKWlSEji3,spotify:artist:0O0g9JMOVNoIgLG6dgaYMY,3
1874,spotify:artist:6uHjKRsYGaElOrKWlSEji3,spotify:artist:4yvuCAFk8vERXXBf138h8S,3
1875,spotify:artist:6uHjKRsYGaElOrKWlSEji3,spotify:artist:60CBjmRpwr02JwAd3Ho25U,3
1876,spotify:artist:6uHjKRsYGaElOrKWlSEji3,spotify:artist:0wz0jO9anccPzH04N7FLBH,3
1877,spotify:artist:6uHjKRsYGaElOrKWlSEji3,spotify:artist:1555UFA4CyCnJEzCKikGHe,3
1878,spotify:artist:6uHjKRsYGaElOrKWlSEji3,spotify:artist:6paRdA1dkAEb0dWcIS4TOp,3
1879,spotify:artist:6uHjKRsYGaElOrKWlSEji3,spotify:artist:2l7DkzVuYJW700mR7r43un,3
1880,spotify:artist:3uQ5cxFHxXddqPL58egs1z,spotify:artist:4tBNwdhdWAXGzzaPTp9dRE,3
1881,spotify:artist:3uQ5cxFHxXddqPL58egs1z,spotify:artist:2k07pWgpJiFIbb9q1yJ36B,3
1882,spotify:artist:3uQ5cxFHxXddqPL58egs1z,spotify:artist:2l7DkzVuYJW700mR7r43un,3
1883,spotify:artist:3uQ5cxFHxXddqPL58egs1z,spotify:artist:2zAvisjImPICTNsRgagqlV,3
1884,spotify:artist:3uQ5cxFHxXddqPL58egs1z,spotify:artist:0qt6QSruHshcWT9QOzyfZp,3
1885,spotify:artist:3uQ5cxFHxXddqPL58egs1z,spotify:artist:4G0XDEk7RbA4BBCTs917U9,3
1886,spotify:artist:3uQ5cxFHxXddqPL58egs1z,spotify:artist:2ajVJyxI4sHmTMtTA3ENko,3
1887,spotify:artist:3uQ5cxFHxXddqPL58egs1z,spotify:artist:7EFfGZiKL1Ud3cspnlMq4H,3
1888,spotify:artist:3uQ5cxFHxXddqPL58egs1z,spotify:artist:79JJCxCCfJ8HufX6w8q2k4,3
1889,spotify:artist:3uQ5cxFHxXddqPL58egs1z,spotify:artist:2Lhs0asnFQiLuntn3s8p78,3
1890,spotify:artist:3uQ5cxFHxXddqPL58egs1z,spotify:artist:2EEw2tt8AJcH9qXUeB96Oc,3
1891,spotify:artist:3uQ5cxFHxXddqPL58egs1z,spotify:artist:2GATzeg62cr6sH29wSOVWe,3
1892,spotify:artist:3uQ5cxFHxXddqPL58egs1z,spotify:artist:3gSfOAPCvsDDVDBeSLl9v6,3
1893,spotify:artist:3uQ5cxFHxXddqPL58egs1z,spotify:artist:0wz0jO9anccPzH04N7FLBH,3
1894,spotify:artist:3uQ5cxFHxXddqPL58egs1z,spotify:artist:57kIMCLPgkzQlXjblX7XXP,3
1895,spotify:artist:3uQ5cxFHxXddqPL58egs1z,spotify:artist:7gqsi6aBSkRMJoL9psKqMr,3
1896,spotify:artist:3uQ5cxFHxXddqPL58egs1z,spotify:artist:0Z6hyoqGpchajBS8Gt3c0l,3
1897,spotify:artist:3uQ5cxFHxXddqPL58egs1z,spotify:artist:2rDxtYUzTAYJJE3Bl3Z5IN,3
1898,spotify:artist:3uQ5cxFHxXddqPL58egs1z,spotify:artist:3mv2eHwrIONSkviASDMRMa,3
1899,spotify:artist:3uQ5cxFHxXddqPL58egs1z,spotify:artist:64tVHZVSAZhDEiOJxnb6hE,3
1900,spotify:artist:2zAvisjImPICTNsRgagqlV,spotify:artist:3uQ5cxFHxXddqPL58egs1z,3
1901,spotify:artist:2zAvisjImPICTNsRgagqlV,spotify:artist:2EEw2tt8AJcH9qXUeB96Oc,3
1902,spotify:artist:2zAvisjImPICTNsRgagqlV,spotify:artist:2l7DkzVuYJW700mR7r43un,3
1903,spotify:artist:2zAvisjImPICTNsRgagqlV,spotify:artist:2k07pWgpJiFIbb9q1yJ36B,3
1904,spotify:artist:2zAvisjImPICTNsRgagqlV,spotify:artist:2Lhs0asnFQiLuntn3s8p78,3
1905,spotify:artist:2zAvisjImPICTNsRgagqlV,spotify:artist:4tBNwdhdWAXGzzaPTp9dRE,3
1906,spotify:artist:2zAvisjImPICTNsRgagqlV,spotify:artist:2ajVJyxI4sHmTMtTA3ENko,3
1907,spotify:artist:2zAvisjImPICTNsRgagqlV,spotify:artist:79JJCxCCfJ8HufX6w8q2k4,3
1908,spotify:artist:2zAvisjImPICTNsRgagqlV,spotify:artist:0qt6QSruHshcWT9QOzyfZp,3
1909,spotify:artist:2zAvisjImPICTNsRgagqlV,spotify:artist:4G0XDEk7RbA4BBCTs917U9,3
1910,spotify:artist:2zAvisjImPICTNsRgagqlV,spotify:artist:7EFfGZiKL1Ud3cspnlMq4H,3
1911,spotify:artist:2zAvisjImPICTNsRgagqlV,spotify:artist:7gqsi6aBSkRMJoL9psKqMr,3
1912,spotify:artist:2zAvisjImPICTNsRgagqlV,spotify:artist:3mv2eHwrIONSkviASDMRMa,3
1913,spotify:artist:2zAvisjImPICTNsRgagqlV,spotify:artist:0Z6hyoqGpchajBS8Gt3c0l,3
1914,spotify:artist:2zAvisjImPICTNsRgagqlV,spotify:artist:57kIMCLPgkzQlXjblX7XXP,3
1915,spotify:artist:2zAvisjImPICTNsRgagqlV,spotify:artist:4ePunOqQbOYoQwd1298g3Z,3
1916,spotify:artist:2zAvisjImPICTNsRgagqlV,spotify:artist:2rDxtYUzTAYJJE3Bl3Z5IN,3
1917,spotify:artist:2zAvisjImPICTNsRgagqlV,spotify:artist:3dmSPhg0tdao8ePj4pySJ5,3
1918,spotify:artist:2zAvisjImPICTNsRgagqlV,spotify:artist:339qxEdD8z8okRAiTp1HKf,3
1919,spotify:artist:2zAvisjImPICTNsRgagqlV,spotify:artist:6Jg1WSoV27sDj7N2WRFPqo,3
1920,spotify:artist:4tBNwdhdWAXGzzaPTp9dRE,spotify:artist:3uQ5cxFHxXddqPL58egs1z,3
1921,spotify:artist:4tBNwdhdWAXGzzaPTp9dRE,spotify:artist:2k07pWgpJiFIbb9q1yJ36B,3
1922,spotify:artist:4tBNwdhdWAXGzzaPTp9dRE,spotify:artist:43qdXLql01k9JPTeqBG22H,3
1923,spotify:artist:4tBNwdhdWAXGzzaPTp9dRE,spotify:artist:2l7DkzVuYJW700mR7r43un,3
1924,spotify:artist:4tBNwdhdWAXGzzaPTp9dRE,spotify:artist:0qt6QSruHshcWT9QOzyfZp,3
1925,spotify:artist:4tBNwdhdWAXGzzaPTp9dRE,spotify:artist:2zAvisjImPICTNsRgagqlV,3
1926,spotify:artist:4tBNwdhdWAXGzzaPTp9dRE,spotify:artist:7EFfGZiKL1Ud3cspnlMq4H,3
1927,spotify:artist:4tBNwdhdWAXGzzaPTp9dRE,spotify:artist:2EEw2tt8AJcH9qXUeB96Oc,3
1928,spotify:artist:4tBNwdhdWAXGzzaPTp9dRE,spotify:artist:4G0XDEk7RbA4BBCTs917U9,3
1929,spotify:artist:4tBNwdhdWAXGzzaPTp9dRE,spotify:artist:79JJCxCCfJ8HufX6w8q2k4,3
1930,spotify:artist:4tBNwdhdWAXGzzaPTp9dRE,spotify:artist:2oAKV8mT3NB1hZbGbGcdYB,3
1931,spotify:artist:4tBNwdhdWAXGzzaPTp9dRE,spotify:artist:339qxEdD8z8okRAiTp1HKf,3
1932,spotify:artist:4tBNwdhdWAXGzzaPTp9dRE,spotify:artist:2ajVJyxI4sHmTMtTA3ENko,3
1933,spotify:artist:4tBNwdhdWAXGzzaPTp9dRE,spotify:artist:2Lhs0asnFQiLuntn3s8p78,3
1934,spotify:artist:4tBNwdhdWAXGzzaPTp9dRE,spotify:artist:3gSfOAPCvsDDVDBeSLl9v6,3
1935,spotify:artist:4tBNwdhdWAXGzzaPTp9dRE,spotify:artist:7gqsi6aBSkRMJoL9psKqMr,3
1936,spotify:artist:4tBNwdhdWAXGzzaPTp9dRE,spotify:artist:0GkLlslI4LMVTTuUkyQp57,3
1937,spotify:artist:4tBNwdhdWAXGzzaPTp9dRE,spotify:artist:6M5FR3JkFFVDkgwtO6Vtz6,3
1938,spotify:artist:4tBNwdhdWAXGzzaPTp9dRE,spotify:artist:6Jg1WSoV27sDj7N2WRFPqo,3
1939,spotify:artist:4tBNwdhdWAXGzzaPTp9dRE,spotify:artist:0Z6hyoqGpchajBS8Gt3c0l,3
1940,spotify:artist:0TeVWuc8Sw05X4Qkl3AA5r,spotify:artist:3vidJsiALgVC5ZuweJgeDT,3
1941,spotify:artist:0TeVWuc8Sw05X4Qkl3AA5r,spotify:artist:3Rdkj77BOQHj5dTLveCJvI,3
1942,spotify:artist:0TeVWuc8Sw05X4Qkl3AA5r,spotify:artist:2zTCLiQ8OUIWEyV6eZWzFy,3
1943,spotify:artist:0TeVWuc8Sw05X4Qkl3AA5r,spotify:artist:1Cc79YAHP7xvQAVQSjveP6,3
1944,spotify:artist:0TeVWuc8Sw05X4Qkl3AA5r,spotify:artist:2wXBWJhbm1gfEVjyEEuhDH,3
1945,spotify:artist:0TeVWuc8Sw05X4Qkl3AA5r,spotify:artist:2oAKV8mT3NB1hZbGbGcdYB,3
1946,spotify:artist:0TeVWuc8Sw05X4Qkl3AA5r,spotify:artist:7caMdiwqwg1WefL7Jjm23M,3
1947,spotify:artist:0TeVWuc8Sw05X4Qkl3AA5r,spotify:artist:6zKkaqMGGmaKLUSLTcsrls,3
1948,spotify:artist:0TeVWuc8Sw05X4Qkl3AA5r,spotify:artist:61YXt5O4gENijzfR9cjjSV,3
1949,spotify:artist:0TeVWuc8Sw05X4Qkl3AA5r,spotify:artist:1Fp2fNrv2udkdpOqFWn8IY,3
1950,spotify:artist:0TeVWuc8Sw05X4Qkl3AA5r,spotify:artist:2UDplVRprMbazU74Hq8OLl,3
1951,spotify:artist:0TeVWuc8Sw05X4Qkl3AA5r,spotify:artist:339qxEdD8z8okRAiTp1HKf,3
1952,spotify:artist:0TeVWuc8Sw05X4Qkl3AA5r,spotify:artist:4zMX9gWf1DKhvsYHUCbBF7,3
1953,spotify:artist:0TeVWuc8Sw05X4Qkl3AA5r,spotify:artist:4QonkOS6ybWrJVYFWEHMZY,3
1954,spotify:artist:0TeVWuc8Sw05X4Qkl3AA5r,spotify:artist:0nnDCl6emTFoWtygqSs4Jy,3
1955,spotify:artist:0TeVWuc8Sw05X4Qkl3AA5r,spotify:artist:4SK1IgkcWWc5HC1TOBq1VS,3
1956,spotify:artist:0TeVWuc8Sw05X4Qkl3AA5r,spotify:artist:60ht0hWRy1yjUDfNsLuHuP,3
1957,spotify:artist:0TeVWuc8Sw05X4Qkl3AA5r,spotify:artist:4PM86aECDhcdwuJNZNrR22,3
1958,spotify:artist:0TeVWuc8Sw05X4Qkl3AA5r,spotify:artist:3PCC1w6AJvKLFpZbDJrsGe,3
1959,spotify:artist:0TeVWuc8Sw05X4Qkl3AA5r,spotify:artist:0bDtDHLE3cBlqZxyLUDf90,3
1960,spotify:artist:6M5FR3JkFFVDkgwtO6Vtz6,spotify:artist:339qxEdD8z8okRAiTp1HKf,3
1961,spotify:artist:6M5FR3JkFFVDkgwtO6Vtz6,spotify:artist:2oAKV8mT3NB1hZbGbGcdYB,3
1962,spotify:artist:6M5FR3JkFFVDkgwtO6Vtz6,spotify:artist:2zAvisjImPICTNsRgagqlV,3
1963,spotify:artist:6M5FR3JkFFVDkgwtO6Vtz6,spotify:artist:4tBNwdhdWAXGzzaPTp9dRE,3
1964,spotify:artist:6M5FR3JkFFVDkgwtO6Vtz6,spotify:artist:2Lhs0asnFQiLuntn3s8p78,3
1965,spotify:artist:6M5FR3JkFFVDkgwtO6Vtz6,spotify:artist:7EFfGZiKL1Ud3cspnlMq4H,3
1966,spotify:artist:6M5FR3JkFFVDkgwtO6Vtz6,spotify:artist:79JJCxCCfJ8HufX6w8q2k4,3
1967,spotify:artist:6M5FR3JkFFVDkgwtO6Vtz6,spotify:artist:3uQ5cxFHxXddqPL58egs1z,3
1968,spotify:artist:6M5FR3JkFFVDkgwtO6Vtz6,spotify:artist:04Lk4wB0qijus8AOGYiHg8,3
1969,spotify:artist:6M5FR3JkFFVDkgwtO6Vtz6,spotify:artist:3dmSPhg0tdao8ePj4pySJ5,3
1970,spotify:artist:6M5FR3JkFFVDkgwtO6Vtz6,spotify:artist:0qt6QSruHshcWT9QOzyfZp,3
1971,spotify:artist:6M5FR3JkFFVDkgwtO6Vtz6,spotify:artist:7gqsi6aBSkRMJoL9psKqMr,3
1972,spotify:artist:6M5FR3JkFFVDkgwtO6Vtz6,spotify:artist:2k07pWgpJiFIbb9q1yJ36B,3
1973,spotify:artist:6M5FR3JkFFVDkgwtO6Vtz6,spotify:artist:2ajVJyxI4sHmTMtTA3ENko,3
1974,spotify:artist:6M5FR3JkFFVDkgwtO6Vtz6,spotify:artist:70eE3MS4oHZvZVLLY2fU8B,3
1975,spotify:artist:6M5FR3JkFFVDkgwtO6Vtz6,spotify:artist:70gvc4NvTwgBpEB1goYy8z,3
1976,spotify:artist:6M5FR3JkFFVDkgwtO6Vtz6,spotify:artist:14CMndDKSsMSvZYXFLZRfn,3
1977,spotify:artist:6M5FR3JkFFVDkgwtO6Vtz6,spotify:artist:6MnQV8O2R0Oci41F4HLB59,3
1978,spotify:artist:6M5FR3JkFFVDkgwtO6Vtz6,spotify:artist:3bEHj6WUeCJey0vLrffSQp,3
1979,spotify:artist:6M5FR3JkFFVDkgwtO6Vtz6,spotify:artist:0N1TIXCk9Q9JbEPXQDclEL,3
1980,spotify:artist:3x0LgZSPgNh91O6NBMtqTs,spotify:artist:2Plkkomsc4DKawkCioLKjc,3
1981,spotify:artist:3x0LgZSPgNh91O6NBMtqTs,spotify:artist:2UDplVRprMbazU74Hq8OLl,3
1982,spotify:artist:3x0LgZSPgNh91O6NBMtqTs,spotify:artist:1Cc79YAHP7xvQAVQSjveP6,3
1983,spotify:artist:3x0LgZSPgNh91O6NBMtqTs,spotify:artist:0BLh5cn4nqfqoVUREx3hLj,3
1984,spotify:artist:3x0LgZSPgNh91O6NBMtqTs,spotify:artist:2zTCLiQ8OUIWEyV6eZWzFy,3
1985,spotify:artist:3x0LgZSPgNh91O6NBMtqTs,spotify:artist:0utGdg6jsUnLXl9CAxJcjk,3
1986,spotify:artist:3x0LgZSPgNh91O6NBMtqTs,spotify:artist:4uyMcYXJM1rO5fvC9lOKwF,3
1987,spotify:artist:3x0LgZSPgNh91O6NBMtqTs,spotify:artist:3vidJsiALgVC5ZuweJgeDT,3
1988,spotify:artist:3x0LgZSPgNh91O6NBMtqTs,spotify:artist:27AzFtMZhRN78bAMPntbpF,3
1989,spotify:artist:3x0LgZSPgNh91O6NBMtqTs,spotify:artist:5YsFZtitLEPVCFjixwBIkW,3
1990,spotify:artist:3x0LgZSPgNh91O6NBMtqTs,spotify:artist:7AhDVqsNA5q46WKsRPXvoe,3
1991,spotify:artist:3x0LgZSPgNh91O6NBMtqTs,spotify:artist:339qxEdD8z8okRAiTp1HKf,3
1992,spotify:artist:3x0LgZSPgNh91O6NBMtqTs,spotify:artist:72PnPUc1qv9UjRPaGVZ1jq,3
1993,spotify:artist:3x0LgZSPgNh91O6NBMtqTs,spotify:artist:1rXr1ZnvbRoYBaedIl9v4v,3
1994,spotify:artist:3x0LgZSPgNh91O6NBMtqTs,spotify:artist:4Cedjq5BQL3MhapRvDpFED,3
1995,spotify:artist:3x0LgZSPgNh91O6NBMtqTs,spotify:artist:2rDxtYUzTAYJJE3Bl3Z5IN,3
1996,spotify:artist:3x0LgZSPgNh91O6NBMtqTs,spotify:artist:1FJkZkRR5uu59CuuBh1cyu,3
1997,spotify:artist:3x0LgZSPgNh91O6NBMtqTs,spotify:artist:3znXuXT3xkCtjgOxXBBVnq,3
1998,spotify:artist:3x0LgZSPgNh91O6NBMtqTs,spotify:artist:2k07pWgpJiFIbb9q1yJ36B,3
1999,spotify:artist:3x0LgZSPgNh91O6NBMtqTs,spotify:artist:26mSNyxjAsV5HSb7vAHu1W,3
2000,spotify:artist:339qxEdD8z8okRAiTp1HKf,spotify:artist:2oAKV8mT3NB1hZbGbGcdYB,3
2001,spotify:artist:339qxEdD8z8okRAiTp1HKf,spotify:artist:6MnQV8O2R0Oci41F4HLB59,3
2002,spotify:artist:339qxEdD8z8okRAiTp1HKf,spotify:artist:3Rdkj77BOQHj5dTLveCJvI,3
2003,spotify:artist:339qxEdD8z8okRAiTp1HKf,spotify:artist:2zTCLiQ8OUIWEyV6eZWzFy,3
2004,spotify:artist:339qxEdD8z8okRAiTp1HKf,spotify:artist:2Lhs0asnFQiLuntn3s8p78,3
2005,spotify:artist:339qxEdD8z8okRAiTp1HKf,spotify:artist:5tgz5nUmXzQkGo7i0RczvC,3
2006,spotify:artist:339qxEdD8z8okRAiTp1HKf,spotify:artist:7EFfGZiKL1Ud3cspnlMq4H,3
2007,spotify:artist:339qxEdD8z8okRAiTp1HKf,spotify:artist:2k07pWgpJiFIbb9q1yJ36B,3
2008,spotify:artist:339qxEdD8z8okRAiTp1HKf,spotify:artist:08w6KQXL60XUftg3Ds3177,3
2009,spotify:artist:339qxEdD8z8okRAiTp1HKf,spotify:artist:72PnPUc1qv9UjRPaGVZ1jq,3
2010,spotify:artist:339qxEdD8z8okRAiTp1HKf,spotify:artist:1OmdWpAh1pucAuZPzJaxIJ,3
2011,spotify:artist:339qxEdD8z8okRAiTp1HKf,spotify:artist:188gwh9RnRT58ZQPwqwHE3,3
2012,spotify:artist:339qxEdD8z8okRAiTp1HKf,spotify:artist:70gvc4NvTwgBpEB1goYy8z,3
2013,spotify:artist:339qxEdD8z8okRAiTp1HKf,spotify:artist:6uHjKRsYGaElOrKWlSEji3,3
2014,spotify:artist:339qxEdD8z8okRAiTp1HKf,spotify:artist:3uQ5cxFHxXddqPL58egs1z,3
2015,spotify:artist:339qxEdD8z8okRAiTp1HKf,spotify:artist:2zAvisjImPICTNsRgagqlV,3
2016,spotify:artist:339qxEdD8z8okRAiTp1HKf,spotify:artist:4tBNwdhdWAXGzzaPTp9dRE,3
2017,spotify:artist:339qxEdD8z8okRAiTp1HKf,spotify:artist:0TeVWuc8Sw05X4Qkl3AA5r,3
2018,spotify:artist:339qxEdD8z8okRAiTp1HKf,spotify:artist:6M5FR3JkFFVDkgwtO6Vtz6,3
2019,spotify:artist:339qxEdD8z8okRAiTp1HKf,spotify:artist:3x0LgZSPgNh91O6NBMtqTs,3
2020,spotify:artist:2oAKV8mT3NB1hZbGbGcdYB,spotify:artist:339qxEdD8z8okRAiTp1HKf,3
2021,spotify:artist:2oAKV8mT3NB1hZbGbGcdYB,spotify:artist:6MnQV8O2R0Oci41F4HLB59,3
2022,spotify:artist:2oAKV8mT3NB1hZbGbGcdYB,spotify:artist:3Rdkj77BOQHj5dTLveCJvI,3
2023,spotify:artist:2oAKV8mT3NB1hZbGbGcdYB,spotify:artist:2Lhs0asnFQiLuntn3s8p78,3
2024,spotify:artist:2oAKV8mT3NB1hZbGbGcdYB,spotify:artist:5tgz5nUmXzQkGo7i0RczvC,3
2025,spotify:artist:2oAKV8mT3NB1hZbGbGcdYB,spotify:artist:2zTCLiQ8OUIWEyV6eZWzFy,3
2026,spotify:artist:2oAKV8mT3NB1hZbGbGcdYB,spotify:artist:7EFfGZiKL1Ud3cspnlMq4H,3
2027,spotify:artist:2oAKV8mT3NB1hZbGbGcdYB,spotify:artist:2k07pWgpJiFIbb9q1yJ36B,3
2028,spotify:artist:2oAKV8mT3NB1hZbGbGcdYB,spotify:artist:4tBNwdhdWAXGzzaPTp9dRE,3
2029,spotify:artist:2oAKV8mT3NB1hZbGbGcdYB,spotify:artist:70gvc4NvTwgBpEB1goYy8z,3
2030,spotify:artist:2oAKV8mT3NB1hZbGbGcdYB,spotify:artist:1OmdWpAh1pucAuZPzJaxIJ,3
2031,spotify:artist:2oAKV8mT3NB1hZbGbGcdYB,spotify:artist:2zAvisjImPICTNsRgagqlV,3
2032,spotify:artist:2oAKV8mT3NB1hZbGbGcdYB,spotify:artist:0TeVWuc8Sw05X4Qkl3AA5r,3
2033,spotify:artist:2oAKV8mT3NB1hZbGbGcdYB,spotify:artist:3uQ5cxFHxXddqPL58egs1z,3
2034,spotify:artist:2oAKV8mT3NB1hZbGbGcdYB,spotify:artist:2l7DkzVuYJW700mR7r43un,3
2035,spotify:artist:2oAKV8mT3NB1hZbGbGcdYB,spotify:artist:6M5FR3JkFFVDkgwtO6Vtz6,3
2036,spotify:artist:2oAKV8mT3NB1hZbGbGcdYB,spotify:artist:08w6KQXL60XUftg3Ds3177,3
2037,spotify:artist:2oAKV8mT3NB1hZbGbGcdYB,spotify:artist:72PnPUc1qv9UjRPaGVZ1jq,3
2038,spotify:artist:2oAKV8mT3NB1hZbGbGcdYB,spotify:artist:0qt6QSruHshcWT9QOzyfZp,3
2039,spotify:artist:2oAKV8mT3NB1hZbGbGcdYB,spotify:artist:2EEw2tt8AJcH9qXUeB96Oc,3
2040,spotify:artist:2zAvisjImPICTNsRgagqlV,spotify:artist:3uQ5cxFHxXddqPL58egs1z,3
2041,spotify:artist:2zAvisjImPICTNsRgagqlV,spotify:artist:2EEw2tt8AJcH9qXUeB96Oc,3
2042,spotify:artist:2zAvisjImPICTNsRgagqlV,spotify:artist:2l7DkzVuYJW700mR7r43un,3
2043,spotify:artist:2zAvisjImPICTNsRgagqlV,spotify:artist:2k07pWgpJiFIbb9q1yJ36B,3
2044,spotify:artist:2zAvisjImPICTNsRgagqlV,spotify:artist:2Lhs0asnFQiLuntn3s8p78,3
2045,spotify:artist:2zAvisjImPICTNsRgagqlV,spotify:artist:4tBNwdhdWAXGzzaPTp9dRE,3
2046,spotify:artist:2zAvisjImPICTNsRgagqlV,spotify:artist:2ajVJyxI4sHmTMtTA3ENko,3
2047,spotify:artist:2zAvisjImPICTNsRgagqlV,spotify:artist:79JJCxCCfJ8HufX6w8q2k4,3
2048,spotify:artist:2zAvisjImPICTNsRgagqlV,spotify:artist:0qt6QSruHshcWT9QOzyfZp,3
2049,spotify:artist:2zAvisjImPICTNsRgagqlV,spotify:artist:4G0XDEk7RbA4BBCTs917U9,3
2050,spotify:artist:2zAvisjImPICTNsRgagqlV,spotify:artist:7EFfGZiKL1Ud3cspnlMq4H,3
2051,spotify:artist:2zAvisjImPICTNsRgagqlV,spotify:artist:7gqsi6aBSkRMJoL9psKqMr,3
2052,spotify:artist:2zAvisjImPICTNsRgagqlV,spotify:artist:3mv2eHwrIONSkviASDMRMa,3
2053,spotify:artist:2zAvisjImPICTNsRgagqlV,spotify:artist:0Z6hyoqGpchajBS8Gt3c0l,3
2054,spotify:artist:2zAvisjImPICTNsRgagqlV,spotify:artist:57kIMCLPgkzQlXjblX7XXP,3
2055,spotify:artist:2zAvisjImPICTNsRgagqlV,spotify:artist:4ePunOqQbOYoQwd1298g3Z,3
2056,spotify:artist:2zAvisjImPICTNsRgagqlV,spotify:artist:2rDxtYUzTAYJJE3Bl3Z5IN,3
2057,spotify:artist:2zAvisjImPICTNsRgagqlV,spotify:artist:3dmSPhg0tdao8ePj4pySJ5,3
2058,spotify:artist:2zAvisjImPICTNsRgagqlV,spotify:artist:339qxEdD8z8okRAiTp1HKf,3
2059,spotify:artist:2zAvisjImPICTNsRgagqlV,spotify:artist:6Jg1WSoV27sDj7N2WRFPqo,3
2060,spotify:artist:2l7DkzVuYJW700mR7r43un,spotify:artist:6Jg1WSoV27sDj7N2WRFPqo,3
2061,spotify:artist:2l7DkzVuYJW700mR7r43un,spotify:artist:7gqsi6aBSkRMJoL9psKqMr,3
2062,spotify:artist:2l7DkzVuYJW700mR7r43un,spotify:artist:4ePunOqQbOYoQwd1298g3Z,3
2063,spotify:artist:2l7DkzVuYJW700mR7r43un,spotify:artist:2zAvisjImPICTNsRgagqlV,3
2064,spotify:artist:2l7DkzVuYJW700mR7r43un,spotify:artist:3uQ5cxFHxXddqPL58egs1z,3
2065,spotify:artist:2l7DkzVuYJW700mR7r43un,spotify:artist:2k07pWgpJiFIbb9q1yJ36B,3
2066,spotify:artist:2l7DkzVuYJW700mR7r43un,spotify:artist:4tBNwdhdWAXGzzaPTp9dRE,3
2067,spotify:artist:2l7DkzVuYJW700mR7r43un,spotify:artist:4OogVxC2vWAsXsTYXctXi1,3
2068,spotify:artist:2l7DkzVuYJW700mR7r43un,spotify:artist:2EEw2tt8AJcH9qXUeB96Oc,3
2069,spotify:artist:2l7DkzVuYJW700mR7r43un,spotify:artist:2ajVJyxI4sHmTMtTA3ENko,3
2070,spotify:artist:2l7DkzVuYJW700mR7r43un,spotify:artist:2Lhs0asnFQiLuntn3s8p78,3
2071,spotify:artist:2l7DkzVuYJW700mR7r43un,spotify:artist:7EFfGZiKL1Ud3cspnlMq4H,3
2072,spotify:artist:2l7DkzVuYJW700mR7r43un,spotify:artist:0Z6hyoqGpchajBS8Gt3c0l,3
2073,spotify:artist:2l7DkzVuYJW700mR7r43un,spotify:artist:0qt6QSruHshcWT9QOzyfZp,3
2074,spotify:artist:2l7DkzVuYJW700mR7r43un,spotify:artist:6ZWMXMg25PGVCaoYZXQSyn,3
2075,spotify:artist:2l7DkzVuYJW700mR7r43un,spotify:artist:3mv2eHwrIONSkviASDMRMa,3
2076,spotify:artist:2l7DkzVuYJW700mR7r43un,spotify:artist:2GATzeg62cr6sH29wSOVWe,3
2077,spotify:artist:2l7DkzVuYJW700mR7r43un,spotify:artist:53PYmJ7bACIX8gkVoTkCIr,3
2078,spotify:artist:2l7DkzVuYJW700mR7r43un,spotify:artist:4G0XDEk7RbA4BBCTs917U9,3
2079,spotify:artist:2l7DkzVuYJW700mR7r43un,spotify:artist:3gSfOAPCvsDDVDBeSLl9v6,3
2080,spotify:artist:3uQ5cxFHxXddqPL58egs1z,spotify:artist:4tBNwdhdWAXGzzaPTp9dRE,3
2081,spotify:artist:3uQ5cxFHxXddqPL58egs1z,spotify:artist:2k07pWgpJiFIbb9q1yJ36B,3
2082,spotify:artist:3uQ5cxFHxXddqPL58egs1z,spotify:artist:2l7DkzVuYJW700mR7r43un,3
2083,spotify:artist:3uQ5cxFHxXddqPL58egs1z,spotify:artist:2zAvisjImPICTNsRgagqlV,3
2084,spotify:artist:3uQ5cxFHxXddqPL58egs1z,spotify:artist:0qt6QSruHshcWT9QOzyfZp,3
2085,spotify:artist:3uQ5cxFHxXddqPL58egs1z,spotify:artist:4G0XDEk7RbA4BBCTs917U9,3
2086,spotify:artist:3uQ5cxFHxXddqPL58egs1z,spotify:artist:2ajVJyxI4sHmTMtTA3ENko,3
2087,spotify:artist:3uQ5cxFHxXddqPL58egs1z,spotify:artist:7EFfGZiKL1Ud3cspnlMq4H,3
2088,spotify:artist:3uQ5cxFHxXddqPL58egs1z,spotify:artist:79JJCxCCfJ8HufX6w8q2k4,3
2089,spotify:artist:3uQ5cxFHxXddqPL58egs1z,spotify:artist:2Lhs0asnFQiLuntn3s8p78,3
2090,spotify:artist:3uQ5cxFHxXddqPL58egs1z,spotify:artist:2EEw2tt8AJcH9qXUeB96Oc,3
2091,spotify:artist:3uQ5cxFHxXddqPL58egs1z,spotify:artist:2GATzeg62cr6sH29wSOVWe,3
2092,spotify:artist:3uQ5cxFHxXddqPL58egs1z,spotify:artist:3gSfOAPCvsDDVDBeSLl9v6,3
2093,spotify:artist:3uQ5cxFHxXddqPL58egs1z,spotify:artist:0wz0jO9anccPzH04N7FLBH,3
2094,spotify:artist:3uQ5cxFHxXddqPL58egs1z,spotify:artist:57kIMCLPgkzQlXjblX7XXP,3
2095,spotify:artist:3uQ5cxFHxXddqPL58egs1z,spotify:artist:7gqsi6aBSkRMJoL9psKqMr,3
2096,spotify:artist:3uQ5cxFHxXddqPL58egs1z,spotify:artist:0Z6hyoqGpchajBS8Gt3c0l,3
2097,spotify:artist:3uQ5cxFHxXddqPL58egs1z,spotify:artist:2rDxtYUzTAYJJE3Bl3Z5IN,3
2098,spotify:artist:3uQ5cxFHxXddqPL58egs1z,spotify:artist:3mv2eHwrIONSkviASDMRMa,3
2099,spotify:artist:3uQ5cxFHxXddqPL58egs1z,spotify:artist:64tVHZVSAZhDEiOJxnb6hE,3
2100,spotify:artist:2k07pWgpJiFIbb9q1yJ36B,spotify:artist:3uQ5cxFHxXddqPL58egs1z,3
2101,spotify:artist:2k07pWgpJiFIbb9q1yJ36B,spotify:artist:4tBNwdhdWAXGzzaPTp9dRE,3
2102,spotify:artist:2k07pWgpJiFIbb9q1yJ36B,spotify:artist:2l7DkzVuYJW700mR7r43un,3
2103,spotify:artist:2k07pWgpJiFIbb9q1yJ36B,spotify:artist:2zAvisjImPICTNsRgagqlV,3
2104,spotify:artist:2k07pWgpJiFIbb9q1yJ36B,spotify:artist:2zTCLiQ8OUIWEyV6eZWzFy,3
2105,spotify:artist:2k07pWgpJiFIbb9q1yJ36B,spotify:artist:339qxEdD8z8okRAiTp1HKf,3
2106,spotify:artist:2k07pWgpJiFIbb9q1yJ36B,spotify:artist:43qdXLql01k9JPTeqBG22H,3
2107,spotify:artist:2k07pWgpJiFIbb9q1yJ36B,spotify:artist:7EFfGZiKL1Ud3cspnlMq4H,3
2108,spotify:artist:2k07pWgpJiFIbb9q1yJ36B,spotify:artist:0qt6QSruHshcWT9QOzyfZp,3
2109,spotify:artist:2k07pWgpJiFIbb9q1yJ36B,spotify:artist:2Lhs0asnFQiLuntn3s8p78,3
2110,spotify:artist:2k07pWgpJiFIbb9q1yJ36B,spotify:artist:79JJCxCCfJ8HufX6w8q2k4,3
2111,spotify:artist:2k07pWgpJiFIbb9q1yJ36B,spotify:artist:4G0XDEk7RbA4BBCTs917U9,3
2112,spotify:artist:2k07pWgpJiFIbb9q1yJ36B,spotify:artist:0GkLlslI4LMVTTuUkyQp57,3
2113,spotify:artist:2k07pWgpJiFIbb9q1yJ36B,spotify:artist:2rDxtYUzTAYJJE3Bl3Z5IN,3
2114,spotify:artist:2k07pWgpJiFIbb9q1yJ36B,spotify:artist:6vrwcJbfs2QyRtApdx1hXX,3
2115,spotify:artist:2k07pWgpJiFIbb9q1yJ36B,spotify:artist:2EEw2tt8AJcH9qXUeB96Oc,3
2116,spotify:artist:2k07pWgpJiFIbb9q1yJ36B,spotify:artist:2ajVJyxI4sHmTMtTA3ENko,3
2117,spotify:artist:2k07pWgpJiFIbb9q1yJ36B,spotify:artist:2oAKV8mT3NB1hZbGbGcdYB,3
2118,spotify:artist:2k07pWgpJiFIbb9q1yJ36B,spotify:artist:57kIMCLPgkzQlXjblX7XXP,3
2119,spotify:artist:2k07pWgpJiFIbb9q1yJ36B,spotify:artist:6BV1QOFqWihVnBllS5naPh,3
2120,spotify:artist:7EFfGZiKL1Ud3cspnlMq4H,spotify:artist:4tBNwdhdWAXGzzaPTp9dRE,3
2121,spotify:artist:7EFfGZiKL1Ud3cspnlMq4H,spotify:artist:339qxEdD8z8okRAiTp1HKf,3
2122,spotify:artist:7EFfGZiKL1Ud3cspnlMq4H,spotify:artist:3uQ5cxFHxXddqPL58egs1z,3
2123,spotify:artist:7EFfGZiKL1Ud3cspnlMq4H,spotify:artist:2oAKV8mT3NB1hZbGbGcdYB,3
2124,spotify:artist:7EFfGZiKL1Ud3cspnlMq4H,spotify:artist:2k07pWgpJiFIbb9q1yJ36B,3
2125,spotify:artist:7EFfGZiKL1Ud3cspnlMq4H,spotify:artist:2Lhs0asnFQiLuntn3s8p78,3
2126,spotify:artist:7EFfGZiKL1Ud3cspnlMq4H,spotify:artist:2l7DkzVuYJW700mR7r43un,3
2127,spotify:artist:7EFfGZiKL1Ud3cspnlMq4H,spotify:artist:2zAvisjImPICTNsRgagqlV,3
2128,spotify:artist:7EFfGZiKL1Ud3cspnlMq4H,spotify:artist:6MnQV8O2R0Oci41F4HLB59,3
2129,spotify:artist:7EFfGZiKL1Ud3cspnlMq4H,spotify:artist:2EEw2tt8AJcH9qXUeB96Oc,3
2130,spotify:artist:7EFfGZiKL1Ud3cspnlMq4H,spotify:artist:2ajVJyxI4sHmTMtTA3ENko,3
2131,spotify:artist:7EFfGZiKL1Ud3cspnlMq4H,spotify:artist:0qt6QSruHshcWT9QOzyfZp,3
2132,spotify:artist:7EFfGZiKL1Ud3cspnlMq4H,spotify:artist:6uHjKRsYGaElOrKWlSEji3,3
2133,spotify:artist:7EFfGZiKL1Ud3cspnlMq4H,spotify:artist:2zTCLiQ8OUIWEyV6eZWzFy,3
2134,spotify:artist:7EFfGZiKL1Ud3cspnlMq4H,spotify:artist:6M5FR3JkFFVDkgwtO6Vtz6,3
2135,spotify:artist:7EFfGZiKL1Ud3cspnlMq4H,spotify:artist:3Rdkj77BOQHj5dTLveCJvI,3
2136,spotify:artist:7EFfGZiKL1Ud3cspnlMq4H,spotify:artist:64tVHZVSAZhDEiOJxnb6hE,3
2137,spotify:artist:7EFfGZiKL1Ud3cspnlMq4H,spotify:artist:3mv2eHwrIONSkviASDMRMa,3
2138,spotify:artist:7EFfGZiKL1Ud3cspnlMq4H,spotify:artist:7gqsi6aBSkRMJoL9psKqMr,3
2139,spotify:artist:7EFfGZiKL1Ud3cspnlMq4H,spotify:artist:6Jg1WSoV27sDj7N2WRFPqo,3
2140,spotify:artist:3dmSPhg0tdao8ePj4pySJ5,spotify:artist:70gvc4NvTwgBpEB1goYy8z,3
2141,spotify:artist:3dmSPhg0tdao8ePj4pySJ5,spotify:artist:2Lhs0asnFQiLuntn3s8p78,3
2142,spotify:artist:3dmSPhg0tdao8ePj4pySJ5,spotify:artist:77oD8X9qLXZhpbCjv53l5n,3
2143,spotify:artist:3dmSPhg0tdao8ePj4pySJ5,spotify:artist:2zAvisjImPICTNsRgagqlV,3
2144,spotify:artist:3dmSPhg0tdao8ePj4pySJ5,spotify:artist:2ajVJyxI4sHmTMtTA3ENko,3
2145,spotify:artist:3dmSPhg0tdao8ePj4pySJ5,spotify:artist:339qxEdD8z8okRAiTp1HKf,3
2146,spotify:artist:3dmSPhg0tdao8ePj4pySJ5,spotify:artist:1ZsnHGOLYFg8CAHQQBc1ut,3
2147,spotify:artist:3dmSPhg0tdao8ePj4pySJ5,spotify:artist:1XW5L5zIBqMw7sqkkuIi5n,3
2148,spotify:artist:3dmSPhg0tdao8ePj4pySJ5,spotify:artist:1fpXM23IoNckJ7NDAm8YJQ,3
2149,spotify:artist:3dmSPhg0tdao8ePj4pySJ5,spotify:artist:0wz0jO9anccPzH04N7FLBH,3
2150,spotify:artist:3dmSPhg0tdao8ePj4pySJ5,spotify:artist:55dlp5I9jyc4UjzlrcKMnq,3
2151,spotify:artist:3dmSPhg0tdao8ePj4pySJ5,spotify:artist:2oAKV8mT3NB1hZbGbGcdYB,3
2152,spotify:artist:3dmSPhg0tdao8ePj4pySJ5,spotify:artist:2dxi3wnJ9h9kNioaWyIpYd,3
2153,spotify:artist:3dmSPhg0tdao8ePj4pySJ5,spotify:artist:3uQ5cxFHxXddqPL58egs1z,3
2154,spotify:artist:3dmSPhg0tdao8ePj4pySJ5,spotify:artist:0IpDaO9A1OW1h0YChKzVaX,3
2155,spotify:artist:3dmSPhg0tdao8ePj4pySJ5,spotify:artist:04tBaW21jyUfeP5iqiKBVq,3
2156,spotify:artist:3dmSPhg0tdao8ePj4pySJ5,spotify:artist:08w6KQXL60XUftg3Ds3177,3
2157,spotify:artist:3dmSPhg0tdao8ePj4pySJ5,spotify:artist:7gqsi6aBSkRMJoL9psKqMr,3
2158,spotify:artist:3dmSPhg0tdao8ePj4pySJ5,spotify:artist:6g8Jqb5JMfv92eB2r0awTN,3
2159,spotify:artist:3dmSPhg0tdao8ePj4pySJ5,spotify:artist:1OmdWpAh1pucAuZPzJaxIJ,3
2160,spotify:artist:79JJCxCCfJ8HufX6w8q2k4,spotify:artist:57kIMCLPgkzQlXjblX7XXP,3
2161,spotify:artist:79JJCxCCfJ8HufX6w8q2k4,spotify:artist:0qt6QSruHshcWT9QOzyfZp,3
2162,spotify:artist:79JJCxCCfJ8HufX6w8q2k4,spotify:artist:4G0XDEk7RbA4BBCTs917U9,3
2163,spotify:artist:79JJCxCCfJ8HufX6w8q2k4,spotify:artist:2zAvisjImPICTNsRgagqlV,3
2164,spotify:artist:79JJCxCCfJ8HufX6w8q2k4,spotify:artist:3uQ5cxFHxXddqPL58egs1z,3
2165,spotify:artist:79JJCxCCfJ8HufX6w8q2k4,spotify:artist:2k07pWgpJiFIbb9q1yJ36B,3
2166,spotify:artist:79JJCxCCfJ8HufX6w8q2k4,spotify:artist:2Lhs0asnFQiLuntn3s8p78,3
2167,spotify:artist:79JJCxCCfJ8HufX6w8q2k4,spotify:artist:4l8UbJGiXxbfyDJPvcVH23,3
2168,spotify:artist:79JJCxCCfJ8HufX6w8q2k4,spotify:artist:4tBNwdhdWAXGzzaPTp9dRE,3
2169,spotify:artist:79JJCxCCfJ8HufX6w8q2k4,spotify:artist:2ajVJyxI4sHmTMtTA3ENko,3
2170,spotify:artist:79JJCxCCfJ8HufX6w8q2k4,spotify:artist:7fSjnDr8tBO37Xbb2UXuYr,3
2171,spotify:artist:79JJCxCCfJ8HufX6w8q2k4,spotify:artist:6nXSnNEdLuKTzAQozRtqiI,3
2172,spotify:artist:79JJCxCCfJ8HufX6w8q2k4,spotify:artist:7gqsi6aBSkRMJoL9psKqMr,3
2173,spotify:artist:79JJCxCCfJ8HufX6w8q2k4,spotify:artist:2HcZuUtnktqMHm4H1R9gAR,3
2174,spotify:artist:79JJCxCCfJ8HufX6w8q2k4,spotify:artist:2rDxtYUzTAYJJE3Bl3Z5IN,3
2175,spotify:artist:79JJCxCCfJ8HufX6w8q2k4,spotify:artist:0t4oHObO3FImWvIhMimaSL,3
2176,spotify:artist:79JJCxCCfJ8HufX6w8q2k4,spotify:artist:21XbnrbEMUTZelIfoV12hC,3
2177,spotify:artist:79JJCxCCfJ8HufX6w8q2k4,spotify:artist:2iUVQjheBnvOt8vaBrxXJz,3
2178,spotify:artist:79JJCxCCfJ8HufX6w8q2k4,spotify:artist:7ACSlU8kTcQIbvpwLWze8E,3
2179,spotify:artist:79JJCxCCfJ8HufX6w8q2k4,spotify:artist:5vwWDRwjVCilY1uYVfJfLL,3
2180,spotify:artist:0qt6QSruHshcWT9QOzyfZp,spotify:artist:4G0XDEk7RbA4BBCTs917U9,3
2181,spotify:artist:0qt6QSruHshcWT9QOzyfZp,spotify:artist:2GATzeg62cr6sH29wSOVWe,3
2182,spotify:artist:0qt6QSruHshcWT9QOzyfZp,spotify:artist:4tBNwdhdWAXGzzaPTp9dRE,3
2183,spotify:artist:0qt6QSruHshcWT9QOzyfZp,spotify:artist:3uQ5cxFHxXddqPL58egs1z,3
2184,spotify:artist:0qt6QSruHshcWT9QOzyfZp,spotify:artist:79JJCxCCfJ8HufX6w8q2k4,3
2185,spotify:artist:0qt6QSruHshcWT9QOzyfZp,spotify:artist:2k07pWgpJiFIbb9q1yJ36B,3
2186,spotify:artist:0qt6QSruHshcWT9QOzyfZp,spotify:artist:2l7DkzVuYJW700mR7r43un,3
2187,spotify:artist:0qt6QSruHshcWT9QOzyfZp,spotify:artist:2zAvisjImPICTNsRgagqlV,3
2188,spotify:artist:0qt6QSruHshcWT9QOzyfZp,spotify:artist:2ajVJyxI4sHmTMtTA3ENko,3
2189,spotify:artist:0qt6QSruHshcWT9QOzyfZp,spotify:artist:5pYsvK3zKJT4wzt2L399H4,3
2190,spotify:artist:0qt6QSruHshcWT9QOzyfZp,spotify:artist:2Lhs0asnFQiLuntn3s8p78,3
2191,spotify:artist:0qt6QSruHshcWT9QOzyfZp,spotify:artist:0wz0jO9anccPzH04N7FLBH,3
2192,spotify:artist:0qt6QSruHshcWT9QOzyfZp,spotify:artist:5lQ9ygSr6WMqXYsG00nNNY,3
2193,spotify:artist:0qt6QSruHshcWT9QOzyfZp,spotify:artist:6uHjKRsYGaElOrKWlSEji3,3
2194,spotify:artist:0qt6QSruHshcWT9QOzyfZp,spotify:artist:7EFfGZiKL1Ud3cspnlMq4H,3
2195,spotify:artist:0qt6QSruHshcWT9QOzyfZp,spotify:artist:6TTJ0xLPPNDyv4bXyukzU4,3
2196,spotify:artist:0qt6QSruHshcWT9QOzyfZp,spotify:artist:2EEw2tt8AJcH9qXUeB96Oc,3
2197,spotify:artist:0qt6QSruHshcWT9QOzyfZp,spotify:artist:7gqsi6aBSkRMJoL9psKqMr,3
2198,spotify:artist:0qt6QSruHshcWT9QOzyfZp,spotify:artist:2oAKV8mT3NB1hZbGbGcdYB,3
2199,spotify:artist:0qt6QSruHshcWT9QOzyfZp,spotify:artist:1555UFA4CyCnJEzCKikGHe,3
2200,spotify:artist:7gqsi6aBSkRMJoL9psKqMr,spotify:artist:2l7DkzVuYJW700mR7r43un,3
2201,spotify:artist:7gqsi6aBSkRMJoL9psKqMr,spotify:artist:4ePunOqQbOYoQwd1298g3Z,3
2202,spotify:artist:7gqsi6aBSkRMJoL9psKqMr,spotify:artist:3lmR0qMiGuoIF9UC54egcG,3
2203,spotify:artist:7gqsi6aBSkRMJoL9psKqMr,spotify:artist:5poU7FPEYoBlwjzOEWMbX5,3
2204,spotify:artist:7gqsi6aBSkRMJoL9psKqMr,spotify:artist:6fxk3UXHTFYET8qCT9WlBF,3
2205,spotify:artist:7gqsi6aBSkRMJoL9psKqMr,spotify:artist:2zAvisjImPICTNsRgagqlV,3
2206,spotify:artist:7gqsi6aBSkRMJoL9psKqMr,spotify:artist:2Lhs0asnFQiLuntn3s8p78,3
2207,spotify:artist:7gqsi6aBSkRMJoL9psKqMr,spotify:artist:2ajVJyxI4sHmTMtTA3ENko,3
2208,spotify:artist:7gqsi6aBSkRMJoL9psKqMr,spotify:artist:2iUVQjheBnvOt8vaBrxXJz,3
2209,spotify:artist:7gqsi6aBSkRMJoL9psKqMr,spotify:artist:79JJCxCCfJ8HufX6w8q2k4,3
2210,spotify:artist:7gqsi6aBSkRMJoL9psKqMr,spotify:artist:1VfgWum48nwYJcCfdPwWgs,3
2211,spotify:artist:7gqsi6aBSkRMJoL9psKqMr,spotify:artist:2rDxtYUzTAYJJE3Bl3Z5IN,3
2212,spotify:artist:7gqsi6aBSkRMJoL9psKqMr,spotify:artist:3uQ5cxFHxXddqPL58egs1z,3
2213,spotify:artist:7gqsi6aBSkRMJoL9psKqMr,spotify:artist:1ll45mCZIveI9KHNZx2DdS,3
2214,spotify:artist:7gqsi6aBSkRMJoL9psKqMr,spotify:artist:4G0XDEk7RbA4BBCTs917U9,3
2215,spotify:artist:7gqsi6aBSkRMJoL9psKqMr,spotify:artist:7uLXW75DlTRahz2WKJZGeO,3
2216,spotify:artist:7gqsi6aBSkRMJoL9psKqMr,spotify:artist:5O5V29YvM6AzAQ0rNt59fy,3
2217,spotify:artist:7gqsi6aBSkRMJoL9psKqMr,spotify:artist:0qt6QSruHshcWT9QOzyfZp,3
2218,spotify:artist:7gqsi6aBSkRMJoL9psKqMr,spotify:artist:0LZac5VicY19QLaIUvIB0G,3
2219,spotify:artist:7gqsi6aBSkRMJoL9psKqMr,spotify:artist:2k07pWgpJiFIbb9q1yJ36B,3
2220,spotify:artist:2ajVJyxI4sHmTMtTA3ENko,spotify:artist:3uQ5cxFHxXddqPL58egs1z,3
2221,spotify:artist:2ajVJyxI4sHmTMtTA3ENko,spotify:artist:2zAvisjImPICTNsRgagqlV,3
2222,spotify:artist:2ajVJyxI4sHmTMtTA3ENko,spotify:artist:2EEw2tt8AJcH9qXUeB96Oc,3
2223,spotify:artist:2ajVJyxI4sHmTMtTA3ENko,spotify:artist:2l7DkzVuYJW700mR7r43un,3
2224,spotify:artist:2ajVJyxI4sHmTMtTA3ENko,spotify:artist:4tBNwdhdWAXGzzaPTp9dRE,3
2225,spotify:artist:2ajVJyxI4sHmTMtTA3ENko,spotify:artist:2GATzeg62cr6sH29wSOVWe,3
2226,spotify:artist:2ajVJyxI4sHmTMtTA3ENko,spotify:artist:2k07pWgpJiFIbb9q1yJ36B,3
2227,spotify:artist:2ajVJyxI4sHmTMtTA3ENko,spotify:artist:2Lhs0asnFQiLuntn3s8p78,3
2228,spotify:artist:2ajVJyxI4sHmTMtTA3ENko,spotify:artist:0qt6QSruHshcWT9QOzyfZp,3
2229,spotify:artist:2ajVJyxI4sHmTMtTA3ENko,spotify:artist:4G0XDEk7RbA4BBCTs917U9,3
2230,spotify:artist:2ajVJyxI4sHmTMtTA3ENko,spotify:artist:7gqsi6aBSkRMJoL9psKqMr,3
2231,spotify:artist:2ajVJyxI4sHmTMtTA3ENko,spotify:artist:0Z6hyoqGpchajBS8Gt3c0l,3
2232,spotify:artist:2ajVJyxI4sHmTMtTA3ENko,spotify:artist:4ePunOqQbOYoQwd1298g3Z,3
2233,spotify:artist:2ajVJyxI4sHmTMtTA3ENko,spotify:artist:7EFfGZiKL1Ud3cspnlMq4H,3
2234,spotify:artist:2ajVJyxI4sHmTMtTA3ENko,spotify:artist:79JJCxCCfJ8HufX6w8q2k4,3
2235,spotify:artist:2ajVJyxI4sHmTMtTA3ENko,spotify:artist:64tVHZVSAZhDEiOJxnb6hE,3
2236,spotify:artist:2ajVJyxI4sHmTMtTA3ENko,spotify:artist:2iUVQjheBnvOt8vaBrxXJz,3
2237,spotify:artist:2ajVJyxI4sHmTMtTA3ENko,spotify:artist:5O5V29YvM6AzAQ0rNt59fy,3
2238,spotify:artist:2ajVJyxI4sHmTMtTA3ENko,spotify:artist:6hkch2KhRl0tywpeVK5xR5,3
2239,spotify:artist:2ajVJyxI4sHmTMtTA3ENko,spotify:artist:3XHvzfKFZkSXEUiZE4WrIz,3
2240,spotify:artist:2EEw2tt8AJcH9qXUeB96Oc,spotify:artist:2zAvisjImPICTNsRgagqlV,3
2241,spotify:artist:2EEw2tt8AJcH9qXUeB96Oc,spotify:artist:2ajVJyxI4sHmTMtTA3ENko,3
2242,spotify:artist:2EEw2tt8AJcH9qXUeB96Oc,spotify:artist:3uQ5cxFHxXddqPL58egs1z,3
2243,spotify:artist:2EEw2tt8AJcH9qXUeB96Oc,spotify:artist:4tBNwdhdWAXGzzaPTp9dRE,3
2244,spotify:artist:2EEw2tt8AJcH9qXUeB96Oc,spotify:artist:2l7DkzVuYJW700mR7r43un,3
2245,spotify:artist:2EEw2tt8AJcH9qXUeB96Oc,spotify:artist:2k07pWgpJiFIbb9q1yJ36B,3
2246,spotify:artist:2EEw2tt8AJcH9qXUeB96Oc,spotify:artist:3gSfOAPCvsDDVDBeSLl9v6,3
2247,spotify:artist:2EEw2tt8AJcH9qXUeB96Oc,spotify:artist:7EFfGZiKL1Ud3cspnlMq4H,3
2248,spotify:artist:2EEw2tt8AJcH9qXUeB96Oc,spotify:artist:2Lhs0asnFQiLuntn3s8p78,3
2249,spotify:artist:2EEw2tt8AJcH9qXUeB96Oc,spotify:artist:0qt6QSruHshcWT9QOzyfZp,3
2250,spotify:artist:2EEw2tt8AJcH9qXUeB96Oc,spotify:artist:0Z6hyoqGpchajBS8Gt3c0l,3
2251,spotify:artist:2EEw2tt8AJcH9qXUeB96Oc,spotify:artist:2oAKV8mT3NB1hZbGbGcdYB,3
2252,spotify:artist:2EEw2tt8AJcH9qXUeB96Oc,spotify:artist:7gqsi6aBSkRMJoL9psKqMr,3
2253,spotify:artist:2EEw2tt8AJcH9qXUeB96Oc,spotify:artist:4G0XDEk7RbA4BBCTs917U9,3
2254,spotify:artist:2EEw2tt8AJcH9qXUeB96Oc,spotify:artist:79JJCxCCfJ8HufX6w8q2k4,3
2255,spotify:artist:2EEw2tt8AJcH9qXUeB96Oc,spotify:artist:339qxEdD8z8okRAiTp1HKf,3
2256,spotify:artist:2EEw2tt8AJcH9qXUeB96Oc,spotify:artist:6Jg1WSoV27sDj7N2WRFPqo,3
2257,spotify:artist:2EEw2tt8AJcH9qXUeB96Oc,spotify:artist:4ePunOqQbOYoQwd1298g3Z,3
2258,spotify:artist:2EEw2tt8AJcH9qXUeB96Oc,spotify:artist:57kIMCLPgkzQlXjblX7XXP,3
2259,spotify:artist:2EEw2tt8AJcH9qXUeB96Oc,spotify:artist:53PYmJ7bACIX8gkVoTkCIr,3
2260,spotify:artist:4G0XDEk7RbA4BBCTs917U9,spotify:artist:0qt6QSruHshcWT9QOzyfZp,3
2261,spotify:artist:4G0XDEk7RbA4BBCTs917U9,spotify:artist:2GATzeg62cr6sH29wSOVWe,3
2262,spotify:artist:4G0XDEk7RbA4BBCTs917U9,spotify:artist:3uQ5cxFHxXddqPL58egs1z,3
2263,spotify:artist:4G0XDEk7RbA4BBCTs917U9,spotify:artist:2zAvisjImPICTNsRgagqlV,3
2264,spotify:artist:4G0XDEk7RbA4BBCTs917U9,spotify:artist:79JJCxCCfJ8HufX6w8q2k4,3
2265,spotify:artist:4G0XDEk7RbA4BBCTs917U9,spotify:artist:2ajVJyxI4sHmTMtTA3ENko,3
2266,spotify:artist:4G0XDEk7RbA4BBCTs917U9,spotify:artist:4tBNwdhdWAXGzzaPTp9dRE,3
2267,spotify:artist:4G0XDEk7RbA4BBCTs917U9,spotify:artist:2k07pWgpJiFIbb9q1yJ36B,3
2268,spotify:artist:4G0XDEk7RbA4BBCTs917U9,spotify:artist:0wz0jO9anccPzH04N7FLBH,3
2269,spotify:artist:4G0XDEk7RbA4BBCTs917U9,spotify:artist:4Sw0SFu1fFdYXdAEVdrqnO,3
2270,spotify:artist:4G0XDEk7RbA4BBCTs917U9,spotify:artist:2Lhs0asnFQiLuntn3s8p78,3
2271,spotify:artist:4G0XDEk7RbA4BBCTs917U9,spotify:artist:7gqsi6aBSkRMJoL9psKqMr,3
2272,spotify:artist:4G0XDEk7RbA4BBCTs917U9,spotify:artist:5VnYwYnG7QmpzQtxyubIwh,3
2273,spotify:artist:4G0XDEk7RbA4BBCTs917U9,spotify:artist:64tVHZVSAZhDEiOJxnb6hE,3
2274,spotify:artist:4G0XDEk7RbA4BBCTs917U9,spotify:artist:4ePunOqQbOYoQwd1298g3Z,3
2275,spotify:artist:4G0XDEk7RbA4BBCTs917U9,spotify:artist:2l7DkzVuYJW700mR7r43un,3
2276,spotify:artist:4G0XDEk7RbA4BBCTs917U9,spotify:artist:7Ht57YadlBXcFJDK3plmhO,3
2277,spotify:artist:4G0XDEk7RbA4BBCTs917U9,spotify:artist:1555UFA4CyCnJEzCKikGHe,3
2278,spotify:artist:4G0XDEk7RbA4BBCTs917U9,spotify:artist:5AyEXCtu3xnnsTGCo4RVZh,3
2279,spotify:artist:4G0XDEk7RbA4BBCTs917U9,spotify:artist:31uyAcnY0kjjKKIQZMKX4i,3
2280,spotify:artist:70gvc4NvTwgBpEB1goYy8z,spotify:artist:3dmSPhg0tdao8ePj4pySJ5,3
2281,spotify:artist:70gvc4NvTwgBpEB1goYy8z,spotify:artist:339qxEdD8z8okRAiTp1HKf,3
2282,spotify:artist:70gvc4NvTwgBpEB1goYy8z,spotify:artist:2Lhs0asnFQiLuntn3s8p78,3
2283,spotify:artist:70gvc4NvTwgBpEB1goYy8z,spotify:artist:2oAKV8mT3NB1hZbGbGcdYB,3
2284,spotify:artist:70gvc4NvTwgBpEB1goYy8z,spotify:artist:6MnQV8O2R0Oci41F4HLB59,3
2285,spotify:artist:70gvc4NvTwgBpEB1goYy8z,spotify:artist:1XW5L5zIBqMw7sqkkuIi5n,3
2286,spotify:artist:70gvc4NvTwgBpEB1goYy8z,spotify:artist:5RyAbJ3y4yw8EbDcRblB8S,3
2287,spotify:artist:70gvc4NvTwgBpEB1goYy8z,spotify:artist:0qt6QSruHshcWT9QOzyfZp,3
2288,spotify:artist:70gvc4NvTwgBpEB1goYy8z,spotify:artist:2zAvisjImPICTNsRgagqlV,3
2289,spotify:artist:70gvc4NvTwgBpEB1goYy8z,spotify:artist:6M5FR3JkFFVDkgwtO6Vtz6,3
2290,spotify:artist:70gvc4NvTwgBpEB1goYy8z,spotify:artist:7EFfGZiKL1Ud3cspnlMq4H,3
2291,spotify:artist:70gvc4NvTwgBpEB1goYy8z,spotify:artist:08w6KQXL60XUftg3Ds3177,3
2292,spotify:artist:70gvc4NvTwgBpEB1goYy8z,spotify:artist:4tBNwdhdWAXGzzaPTp9dRE,3
2293,spotify:artist:70gvc4NvTwgBpEB1goYy8z,spotify:artist:4HEIKb9PGw8MG7Am50ev98,3
2294,spotify:artist:70gvc4NvTwgBpEB1goYy8z,spotify:artist:5tgz5nUmXzQkGo7i0RczvC,3
2295,spotify:artist:70gvc4NvTwgBpEB1goYy8z,spotify:artist:3uQ5cxFHxXddqPL58egs1z,3
2296,spotify:artist:70gvc4NvTwgBpEB1goYy8z,spotify:artist:2l7DkzVuYJW700mR7r43un,3
2297,spotify:artist:70gvc4NvTwgBpEB1goYy8z,spotify:artist:2ajVJyxI4sHmTMtTA3ENko,3
2298,spotify:artist:70gvc4NvTwgBpEB1goYy8z,spotify:artist:7gqsi6aBSkRMJoL9psKqMr,3
2299,spotify:artist:70gvc4NvTwgBpEB1goYy8z,spotify:artist:1RM5gp0RFfjpJhCYFPB30p,3
2300,spotify:artist:2rDxtYUzTAYJJE3Bl3Z5IN,spotify:artist:4OogVxC2vWAsXsTYXctXi1,3
2301,spotify:artist:2rDxtYUzTAYJJE3Bl3Z5IN,spotify:artist:3F4PBcfdeFdmxjRPS2UdMl,3
2302,spotify:artist:2rDxtYUzTAYJJE3Bl3Z5IN,spotify:artist:2Plkkomsc4DKawkCioLKjc,3
2303,spotify:artist:2rDxtYUzTAYJJE3Bl3Z5IN,spotify:artist:0BLh5cn4nqfqoVUREx3hLj,3
2304,spotify:artist:2rDxtYUzTAYJJE3Bl3Z5IN,spotify:artist:7AhDVqsNA5q46WKsRPXvoe,3
2305,spotify:artist:2rDxtYUzTAYJJE3Bl3Z5IN,spotify:artist:2k07pWgpJiFIbb9q1yJ36B,3
2306,spotify:artist:2rDxtYUzTAYJJE3Bl3Z5IN,spotify:artist:5GHv1pBOWOQxIE6WQBq88Q,3
2307,spotify:artist:2rDxtYUzTAYJJE3Bl3Z5IN,spotify:artist:0tyLMmQvEuyQR4qjGBdbem,3
2308,spotify:artist:2rDxtYUzTAYJJE3Bl3Z5IN,spotify:artist:2UDplVRprMbazU74Hq8OLl,3
2309,spotify:artist:2rDxtYUzTAYJJE3Bl3Z5IN,spotify:artist:4Ajgo7nAsTzjSFymIfBjZ1,3
2310,spotify:artist:2rDxtYUzTAYJJE3Bl3Z5IN,spotify:artist:6BV1QOFqWihVnBllS5naPh,3
2311,spotify:artist:2rDxtYUzTAYJJE3Bl3Z5IN,spotify:artist:2QoU3awHVdcHS8LrZEKvSM,3
2312,spotify:artist:2rDxtYUzTAYJJE3Bl3Z5IN,spotify:artist:2Lhs0asnFQiLuntn3s8p78,3
2313,spotify:artist:2rDxtYUzTAYJJE3Bl3Z5IN,spotify:artist:3znXuXT3xkCtjgOxXBBVnq,3
2314,spotify:artist:2rDxtYUzTAYJJE3Bl3Z5IN,spotify:artist:2zAvisjImPICTNsRgagqlV,3
2315,spotify:artist:2rDxtYUzTAYJJE3Bl3Z5IN,spotify:artist:6nXSnNEdLuKTzAQozRtqiI,3
2316,spotify:artist:2rDxtYUzTAYJJE3Bl3Z5IN,spotify:artist:2zTCLiQ8OUIWEyV6eZWzFy,3
2317,spotify:artist:2rDxtYUzTAYJJE3Bl3Z5IN,spotify:artist:79JJCxCCfJ8HufX6w8q2k4,3
2318,spotify:artist:2rDxtYUzTAYJJE3Bl3Z5IN,spotify:artist:3uQ5cxFHxXddqPL58egs1z,3
2319,spotify:artist:2rDxtYUzTAYJJE3Bl3Z5IN,spotify:artist:1rXr1ZnvbRoYBaedIl9v4v,3
2320,spotify:artist:1OmdWpAh1pucAuZPzJaxIJ,spotify:artist:339qxEdD8z8okRAiTp1HKf,3
2321,spotify:artist:1OmdWpAh1pucAuZPzJaxIJ,spotify:artist:2Lhs0asnFQiLuntn3s8p78,3
2322,spotify:artist:1OmdWpAh1pucAuZPzJaxIJ,spotify:artist:2oAKV8mT3NB1hZbGbGcdYB,3
2323,spotify:artist:1OmdWpAh1pucAuZPzJaxIJ,spotify:artist:2k07pWgpJiFIbb9q1yJ36B,3
2324,spotify:artist:1OmdWpAh1pucAuZPzJaxIJ,spotify:artist:2zAvisjImPICTNsRgagqlV,3
2325,spotify:artist:1OmdWpAh1pucAuZPzJaxIJ,spotify:artist:3uQ5cxFHxXddqPL58egs1z,3
2326,spotify:artist:1OmdWpAh1pucAuZPzJaxIJ,spotify:artist:3dmSPhg0tdao8ePj4pySJ5,3
2327,spotify:artist:1OmdWpAh1pucAuZPzJaxIJ,spotify:artist:2rDxtYUzTAYJJE3Bl3Z5IN,3
2328,spotify:artist:1OmdWpAh1pucAuZPzJaxIJ,spotify:artist:6nXSnNEdLuKTzAQozRtqiI,3
2329,spotify:artist:1OmdWpAh1pucAuZPzJaxIJ,spotify:artist:79JJCxCCfJ8HufX6w8q2k4,3
2330,spotify:artist:1OmdWpAh1pucAuZPzJaxIJ,spotify:artist:57kIMCLPgkzQlXjblX7XXP,3
2331,spotify:artist:1OmdWpAh1pucAuZPzJaxIJ,spotify:artist:188gwh9RnRT58ZQPwqwHE3,3
2332,spotify:artist:1OmdWpAh1pucAuZPzJaxIJ,spotify:artist:4Cedjq5BQL3MhapRvDpFED,3
2333,spotify:artist:1OmdWpAh1pucAuZPzJaxIJ,spotify:artist:2ajVJyxI4sHmTMtTA3ENko,3
2334,spotify:artist:1OmdWpAh1pucAuZPzJaxIJ,spotify:artist:72PnPUc1qv9UjRPaGVZ1jq,3
2335,spotify:artist:1OmdWpAh1pucAuZPzJaxIJ,spotify:artist:2UDplVRprMbazU74Hq8OLl,3
2336,spotify:artist:1OmdWpAh1pucAuZPzJaxIJ,spotify:artist:7gqsi6aBSkRMJoL9psKqMr,3
2337,spotify:artist:1OmdWpAh1pucAuZPzJaxIJ,spotify:artist:2Plkkomsc4DKawkCioLKjc,3
2338,spotify:artist:1OmdWpAh1pucAuZPzJaxIJ,spotify:artist:4Ajgo7nAsTzjSFymIfBjZ1,3
2339,spotify:artist:1OmdWpAh1pucAuZPzJaxIJ,spotify:artist:0TeVWuc8Sw05X4Qkl3AA5r,3
2340,spotify:artist:2zTCLiQ8OUIWEyV6eZWzFy,spotify:artist:6MnQV8O2R0Oci41F4HLB59,3
2341,spotify:artist:2zTCLiQ8OUIWEyV6eZWzFy,spotify:artist:3Rdkj77BOQHj5dTLveCJvI,3
2342,spotify:artist:2zTCLiQ8OUIWEyV6eZWzFy,spotify:artist:6vrwcJbfs2QyRtApdx1hXX,3
2343,spotify:artist:2zTCLiQ8OUIWEyV6eZWzFy,spotify:artist:339qxEdD8z8okRAiTp1HKf,3
2344,spotify:artist:2zTCLiQ8OUIWEyV6eZWzFy,spotify:artist:3eKN3A1F9LHWa2fHo3m1rd,3
2345,spotify:artist:2zTCLiQ8OUIWEyV6eZWzFy,spotify:artist:0BLh5cn4nqfqoVUREx3hLj,3
2346,spotify:artist:2zTCLiQ8OUIWEyV6eZWzFy,spotify:artist:6qQpSCDIS4V5Md1sfgaCkh,3
2347,spotify:artist:2zTCLiQ8OUIWEyV6eZWzFy,spotify:artist:2k07pWgpJiFIbb9q1yJ36B,3
2348,spotify:artist:2zTCLiQ8OUIWEyV6eZWzFy,spotify:artist:2oAKV8mT3NB1hZbGbGcdYB,3
2349,spotify:artist:2zTCLiQ8OUIWEyV6eZWzFy,spotify:artist:2Plkkomsc4DKawkCioLKjc,3
2350,spotify:artist:2zTCLiQ8OUIWEyV6eZWzFy,spotify:artist:1Cc79YAHP7xvQAVQSjveP6,3
2351,spotify:artist:2zTCLiQ8OUIWEyV6eZWzFy,spotify:artist:0GkLlslI4LMVTTuUkyQp57,3
2352,spotify:artist:2zTCLiQ8OUIWEyV6eZWzFy,spotify:artist:2UDplVRprMbazU74Hq8OLl,3
2353,spotify:artist:2zTCLiQ8OUIWEyV6eZWzFy,spotify:artist:3vidJsiALgVC5ZuweJgeDT,3
2354,spotify:artist:2zTCLiQ8OUIWEyV6eZWzFy,spotify:artist:0rZpNCCYOe06am554MyKRu,3
2355,spotify:artist:2zTCLiQ8OUIWEyV6eZWzFy,spotify:artist:0M02NJYkmh4eYhsKVAgVbJ,3
2356,spotify:artist:2zTCLiQ8OUIWEyV6eZWzFy,spotify:artist:4Ajgo7nAsTzjSFymIfBjZ1,3
2357,spotify:artist:2zTCLiQ8OUIWEyV6eZWzFy,spotify:artist:0tyLMmQvEuyQR4qjGBdbem,3
2358,spotify:artist:2zTCLiQ8OUIWEyV6eZWzFy,spotify:artist:7AhDVqsNA5q46WKsRPXvoe,3
2359,spotify:artist:2zTCLiQ8OUIWEyV6eZWzFy,spotify:artist:5U1pEBuiFLycsQ4mYP3nmK,3
2360,spotify:artist:4ePunOqQbOYoQwd1298g3Z,spotify:artist:2l7DkzVuYJW700mR7r43un,3
2361,spotify:artist:4ePunOqQbOYoQwd1298g3Z,spotify:artist:7gqsi6aBSkRMJoL9psKqMr,3
2362,spotify:artist:4ePunOqQbOYoQwd1298g3Z,spotify:artist:3inCNiUr4R6XQ3W43s9Aqi,3
2363,spotify:artist:4ePunOqQbOYoQwd1298g3Z,spotify:artist:2ajVJyxI4sHmTMtTA3ENko,3
2364,spotify:artist:4ePunOqQbOYoQwd1298g3Z,spotify:artist:7wyRA7deGRxozTyBc6QXPe,3
2365,spotify:artist:4ePunOqQbOYoQwd1298g3Z,spotify:artist:0WISkx0PwT6lYWdPqKUJY8,3
2366,spotify:artist:4ePunOqQbOYoQwd1298g3Z,spotify:artist:4oV5EVJ0XFWsJKoOvdRPvl,3
2367,spotify:artist:4ePunOqQbOYoQwd1298g3Z,spotify:artist:2wrhBKGC3DTNNNDRJPaxW6,3
2368,spotify:artist:4ePunOqQbOYoQwd1298g3Z,spotify:artist:2k07pWgpJiFIbb9q1yJ36B,3
2369,spotify:artist:4ePunOqQbOYoQwd1298g3Z,spotify:artist:2zAvisjImPICTNsRgagqlV,3
2370,spotify:artist:4ePunOqQbOYoQwd1298g3Z,spotify:artist:2GATzeg62cr6sH29wSOVWe,3
2371,spotify:artist:4ePunOqQbOYoQwd1298g3Z,spotify:artist:3uQ5cxFHxXddqPL58egs1z,3
2372,spotify:artist:4ePunOqQbOYoQwd1298g3Z,spotify:artist:22ojy4H4ZVpowC4lRRC8In,3
2373,spotify:artist:4ePunOqQbOYoQwd1298g3Z,spotify:artist:3kbBWco9PZ5eSQsNScwG6U,3
2374,spotify:artist:4ePunOqQbOYoQwd1298g3Z,spotify:artist:4G0XDEk7RbA4BBCTs917U9,3
2375,spotify:artist:4ePunOqQbOYoQwd1298g3Z,spotify:artist:2rDxtYUzTAYJJE3Bl3Z5IN,3
2376,spotify:artist:4ePunOqQbOYoQwd1298g3Z,spotify:artist:6hkch2KhRl0tywpeVK5xR5,3
2377,spotify:artist:4ePunOqQbOYoQwd1298g3Z,spotify:artist:7lmde7T1WJPFwv1eR6melP,3
2378,spotify:artist:4ePunOqQbOYoQwd1298g3Z,spotify:artist:64tVHZVSAZhDEiOJxnb6hE,3
2379,spotify:artist:4ePunOqQbOYoQwd1298g3Z,spotify:artist:0Z6hyoqGpchajBS8Gt3c0l,3
2380,spotify:artist:4yvuCAFk8vERXXBf138h8S,spotify:artist:7tfS18oUEffScrxryTgwyC,3
2381,spotify:artist:4yvuCAFk8vERXXBf138h8S,spotify:artist:4HCubdy7diarb4KZo8etrq,3
2382,spotify:artist:4yvuCAFk8vERXXBf138h8S,spotify:artist:2kTn692duPSkqN6czSilyk,3
2383,spotify:artist:4yvuCAFk8vERXXBf138h8S,spotify:artist:5CXWXFfhDhFN5uzbfUwAKt,3
2384,spotify:artist:4yvuCAFk8vERXXBf138h8S,spotify:artist:1cMcFL2NdeUDYg0OtD1GeA,3
2385,spotify:artist:4yvuCAFk8vERXXBf138h8S,spotify:artist:71erjwGhr3OtCqtmKuy7qr,3
2386,spotify:artist:4yvuCAFk8vERXXBf138h8S,spotify:artist:0O0g9JMOVNoIgLG6dgaYMY,3
2387,spotify:artist:4yvuCAFk8vERXXBf138h8S,spotify:artist:6ktzu3KxlqOqd3eKnqTCyb,3
2388,spotify:artist:4yvuCAFk8vERXXBf138h8S,spotify:artist:5Qlt3zQ63Z99mNhuun0JAT,3
2389,spotify:artist:4yvuCAFk8vERXXBf138h8S,spotify:artist:2Lhs0asnFQiLuntn3s8p78,3
2390,spotify:artist:4yvuCAFk8vERXXBf138h8S,spotify:artist:339qxEdD8z8okRAiTp1HKf,3
2391,spotify:artist:4yvuCAFk8vERXXBf138h8S,spotify:artist:2YvNi4oPdBgD45gc1UycxW,3
2392,spotify:artist:4yvuCAFk8vERXXBf138h8S,spotify:artist:6soJo0dtX31T30OxtS4A39,3
2393,spotify:artist:4yvuCAFk8vERXXBf138h8S,spotify:artist:1ZsnHGOLYFg8CAHQQBc1ut,3
2394,spotify:artist:4yvuCAFk8vERXXBf138h8S,spotify:artist:1l0eT7EY5r7U1gMVm2SyoS,3
2395,spotify:artist:4yvuCAFk8vERXXBf138h8S,spotify:artist:6uHjKRsYGaElOrKWlSEji3,3
2396,spotify:artist:4yvuCAFk8vERXXBf138h8S,spotify:artist:4W1poTLCG6XjhBUVehcaMB,3
2397,spotify:artist:4yvuCAFk8vERXXBf138h8S,spotify:artist:3dmSPhg0tdao8ePj4pySJ5,3
2398,spotify:artist:4yvuCAFk8vERXXBf138h8S,spotify:artist:5S76x1RQk1FgHwX3y4giOO,3
2399,spotify:artist:4yvuCAFk8vERXXBf138h8S,spotify:artist:1CgvL3gASrnuI8SKXr8K7F,3
2400,spotify:artist:7tfS18oUEffScrxryTgwyC,spotify:artist:4yvuCAFk8vERXXBf138h8S,3
2401,spotify:artist:7tfS18oUEffScrxryTgwyC,spotify:artist:4HCubdy7diarb4KZo8etrq,3
2402,spotify:artist:7tfS18oUEffScrxryTgwyC,spotify:artist:2kTn692duPSkqN6czSilyk,3
2403,spotify:artist:7tfS18oUEffScrxryTgwyC,spotify:artist:71erjwGhr3OtCqtmKuy7qr,3
2404,spotify:artist:7tfS18oUEffScrxryTgwyC,spotify:artist:5CXWXFfhDhFN5uzbfUwAKt,3
2405,spotify:artist:7tfS18oUEffScrxryTgwyC,spotify:artist:0O0g9JMOVNoIgLG6dgaYMY,3
2406,spotify:artist:7tfS18oUEffScrxryTgwyC,spotify:artist:1cMcFL2NdeUDYg0OtD1GeA,3
2407,spotify:artist:7tfS18oUEffScrxryTgwyC,spotify:artist:73RfKk8YdbdXckjcMBCAd4,3
2408,spotify:artist:7tfS18oUEffScrxryTgwyC,spotify:artist:4MTSrVgHNfGtYV9pek8vY5,3
2409,spotify:artist:7tfS18oUEffScrxryTgwyC,spotify:artist:6AlyT7VEJYn0cuDMbjPaOn,3
2410,spotify:artist:7tfS18oUEffScrxryTgwyC,spotify:artist:6Elz2qLFnoivKS0AqEqdWu,3
2411,spotify:artist:7tfS18oUEffScrxryTgwyC,spotify:artist:4GMP7hq7VXDmFiQ3KgiNtY,3
2412,spotify:artist:7tfS18oUEffScrxryTgwyC,spotify:artist:0Y7wP2hcWMz4jQeG8dAc9Y,3
2413,spotify:artist:7tfS18oUEffScrxryTgwyC,spotify:artist:1cbOix9QbWe1UMGtXOa5cI,3
2414,spotify:artist:7tfS18oUEffScrxryTgwyC,spotify:artist:2ZfogSsOWP4mVfEqfpLXCt,3
2415,spotify:artist:7tfS18oUEffScrxryTgwyC,spotify:artist:2YvNi4oPdBgD45gc1UycxW,3
2416,spotify:artist:7tfS18oUEffScrxryTgwyC,spotify:artist:0i2IEcWvtHUBYPkYWwCgjC,3
2417,spotify:artist:7tfS18oUEffScrxryTgwyC,spotify:artist:7zi9v3F5KzAuS3MkJtm5dc,3
2418,spotify:artist:7tfS18oUEffScrxryTgwyC,spotify:artist:6soJo0dtX31T30OxtS4A39,3
2419,spotify:artist:7tfS18oUEffScrxryTgwyC,spotify:artist:4tfyTbsNNN5xfxKDwG4VfP,3
2420,spotify:artist:4HCubdy7diarb4KZo8etrq,spotify:artist:2kTn692duPSkqN6czSilyk,3
2421,spotify:artist:4HCubdy7diarb4KZo8etrq,spotify:artist:4yvuCAFk8vERXXBf138h8S,3
2422,spotify:artist:4HCubdy7diarb4KZo8etrq,spotify:artist:7tfS18oUEffScrxryTgwyC,3
2423,spotify:artist:4HCubdy7diarb4KZo8etrq,spotify:artist:2u7xZP39dtED9EuRX9MUwu,3
2424,spotify:artist:4HCubdy7diarb4KZo8etrq,spotify:artist:2YvNi4oPdBgD45gc1UycxW,3
2425,spotify:artist:4HCubdy7diarb4KZo8etrq,spotify:artist:6soJo0dtX31T30OxtS4A39,3
2426,spotify:artist:4HCubdy7diarb4KZo8etrq,spotify:artist:4tfyTbsNNN5xfxKDwG4VfP,3
2427,spotify:artist:4HCubdy7diarb4KZo8etrq,spotify:artist:4tyCvqG48h4LdcbFfWBjR9,3
2428,spotify:artist:4HCubdy7diarb4KZo8etrq,spotify:artist:4MlLVFHiA4e7BU7vQ4r5Lh,3
2429,spotify:artist:4HCubdy7diarb4KZo8etrq,spotify:artist:6juuiuCv8jRHZOcvP2BqKp,3
2430,spotify:artist:4HCubdy7diarb4KZo8etrq,spotify:artist:7sbwBqdkynNUDgiWU3TQ5J,3
2431,spotify:artist:4HCubdy7diarb4KZo8etrq,spotify:artist:6v8lYzIVcmeuPkoobFl7Dx,3
2432,spotify:artist:4HCubdy7diarb4KZo8etrq,spotify:artist:2ZfogSsOWP4mVfEqfpLXCt,3
2433,spotify:artist:4HCubdy7diarb4KZo8etrq,spotify:artist:6LRmgzRManplPQghd2BMqz,3
2434,spotify:artist:4HCubdy7diarb4KZo8etrq,spotify:artist:71erjwGhr3OtCqtmKuy7qr,3
2435,spotify:artist:4HCubdy7diarb4KZo8etrq,spotify:artist:5CXWXFfhDhFN5uzbfUwAKt,3
2436,spotify:artist:4HCubdy7diarb4KZo8etrq,spotify:artist:4UETUdF77BfyJ7fEFVztr3,3
2437,spotify:artist:4HCubdy7diarb4KZo8etrq,spotify:artist:4Nu0EL8c5d2vFHPOcNjlBP,3
2438,spotify:artist:4HCubdy7diarb4KZo8etrq,spotify:artist:2Sp19cOHSqAUlE64hekARW,3
2439,spotify:artist:4HCubdy7diarb4KZo8etrq,spotify:artist:0O0g9JMOVNoIgLG6dgaYMY,3
2440,spotify:artist:2kTn692duPSkqN6czSilyk,spotify:artist:4GMP7hq7VXDmFiQ3KgiNtY,3
2441,spotify:artist:2kTn692duPSkqN6czSilyk,spotify:artist:4yvuCAFk8vERXXBf138h8S,3
2442,spotify:artist:2kTn692duPSkqN6czSilyk,spotify:artist:4HCubdy7diarb4KZo8etrq,3
2443,spotify:artist:2kTn692duPSkqN6czSilyk,spotify:artist:7tfS18oUEffScrxryTgwyC,3
2444,spotify:artist:2kTn692duPSkqN6czSilyk,spotify:artist:0Y7wP2hcWMz4jQeG8dAc9Y,3
2445,spotify:artist:2kTn692duPSkqN6czSilyk,spotify:artist:2ZfogSsOWP4mVfEqfpLXCt,3
2446,spotify:artist:2kTn692duPSkqN6czSilyk,spotify:artist:1cbOix9QbWe1UMGtXOa5cI,3
2447,spotify:artist:2kTn692duPSkqN6czSilyk,spotify:artist:6AlyT7VEJYn0cuDMbjPaOn,3
2448,spotify:artist:2kTn692duPSkqN6czSilyk,spotify:artist:6sAh1RUpXblYP320gZ91LC,3
2449,spotify:artist:2kTn692duPSkqN6czSilyk,spotify:artist:71erjwGhr3OtCqtmKuy7qr,3
2450,spotify:artist:2kTn692duPSkqN6czSilyk,spotify:artist:5sMku8iI6FH3ypZTErz4kv,3
2451,spotify:artist:2kTn692duPSkqN6czSilyk,spotify:artist:2vJJ54Fm8loT4abayMYgRi,3
2452,spotify:artist:2kTn692duPSkqN6czSilyk,spotify:artist:6juuiuCv8jRHZOcvP2BqKp,3
2453,spotify:artist:2kTn692duPSkqN6czSilyk,spotify:artist:6Elz2qLFnoivKS0AqEqdWu,3
2454,spotify:artist:2kTn692duPSkqN6czSilyk,spotify:artist:4AIo9dEYhuS3AtwhhKgA0M,3
2455,spotify:artist:2kTn692duPSkqN6czSilyk,spotify:artist:4mZlgrDsGRgWXy7T5ke3hP,3
2456,spotify:artist:2kTn692duPSkqN6czSilyk,spotify:artist:6OWPd5ByKaNSFAZ3TCe5AO,3
2457,spotify:artist:2kTn692duPSkqN6czSilyk,spotify:artist:7GvCdRq4iHNQDsGlPWOycw,3
2458,spotify:artist:2kTn692duPSkqN6czSilyk,spotify:artist:6soJo0dtX31T30OxtS4A39,3
2459,spotify:artist:2kTn692duPSkqN6czSilyk,spotify:artist:5CXWXFfhDhFN5uzbfUwAKt,3
2460,spotify:artist:5CXWXFfhDhFN5uzbfUwAKt,spotify:artist:4w3QqrcmBv8dasemwBXmxf,3
2461,spotify:artist:5CXWXFfhDhFN5uzbfUwAKt,spotify:artist:1cMcFL2NdeUDYg0OtD1GeA,3
2462,spotify:artist:5CXWXFfhDhFN5uzbfUwAKt,spotify:artist:1GWV70Reko15eV2nHCm0bM,3
2463,spotify:artist:5CXWXFfhDhFN5uzbfUwAKt,spotify:artist:7sbwBqdkynNUDgiWU3TQ5J,3
2464,spotify:artist:5CXWXFfhDhFN5uzbfUwAKt,spotify:artist:6juuiuCv8jRHZOcvP2BqKp,3
2465,spotify:artist:5CXWXFfhDhFN5uzbfUwAKt,spotify:artist:4yvuCAFk8vERXXBf138h8S,3
2466,spotify:artist:5CXWXFfhDhFN5uzbfUwAKt,spotify:artist:3XdsvDqukVnHTVUhI3cB2c,3
2467,spotify:artist:5CXWXFfhDhFN5uzbfUwAKt,spotify:artist:0THUMJMWUd5L8os9K6O4FE,3
2468,spotify:artist:5CXWXFfhDhFN5uzbfUwAKt,spotify:artist:7tfS18oUEffScrxryTgwyC,3
2469,spotify:artist:5CXWXFfhDhFN5uzbfUwAKt,spotify:artist:5Qlt3zQ63Z99mNhuun0JAT,3
2470,spotify:artist:5CXWXFfhDhFN5uzbfUwAKt,spotify:artist:4HCubdy7diarb4KZo8etrq,3
2471,spotify:artist:5CXWXFfhDhFN5uzbfUwAKt,spotify:artist:7cKtqv9cYVlOwnuCFH95ce,3
2472,spotify:artist:5CXWXFfhDhFN5uzbfUwAKt,spotify:artist:2kTn692duPSkqN6czSilyk,3
2473,spotify:artist:5CXWXFfhDhFN5uzbfUwAKt,spotify:artist:4tfyTbsNNN5xfxKDwG4VfP,3
2474,spotify:artist:5CXWXFfhDhFN5uzbfUwAKt,spotify:artist:0i2IEcWvtHUBYPkYWwCgjC,3
2475,spotify:artist:5CXWXFfhDhFN5uzbfUwAKt,spotify:artist:7ckJvU525aRrorybAq1Rcg,3
2476,spotify:artist:5CXWXFfhDhFN5uzbfUwAKt,spotify:artist:5TnuP42pw475UrjjeabtwZ,3
2477,spotify:artist:5CXWXFfhDhFN5uzbfUwAKt,spotify:artist:5sMku8iI6FH3ypZTErz4kv,3
2478,spotify:artist:5CXWXFfhDhFN5uzbfUwAKt,spotify:artist:3loflELg7MzgrOyNqERolN,3
2479,spotify:artist:5CXWXFfhDhFN5uzbfUwAKt,spotify:artist:1ZsnHGOLYFg8CAHQQBc1ut,3
2480,spotify:artist:1cMcFL2NdeUDYg0OtD1GeA,spotify:artist:5CXWXFfhDhFN5uzbfUwAKt,3
2481,spotify:artist:1cMcFL2NdeUDYg0OtD1GeA,spotify:artist:7ckJvU525aRrorybAq1Rcg,3
2482,spotify:artist:1cMcFL2NdeUDYg0OtD1GeA,spotify:artist:0i2IEcWvtHUBYPkYWwCgjC,3
2483,spotify:artist:1cMcFL2NdeUDYg0OtD1GeA,spotify:artist:3yvNAZbCyhOTQpkICM2etO,3
2484,spotify:artist:1cMcFL2NdeUDYg0OtD1GeA,spotify:artist:7sbwBqdkynNUDgiWU3TQ5J,3
2485,spotify:artist:1cMcFL2NdeUDYg0OtD1GeA,spotify:artist:7zi9v3F5KzAuS3MkJtm5dc,3
2486,spotify:artist:1cMcFL2NdeUDYg0OtD1GeA,spotify:artist:4w3QqrcmBv8dasemwBXmxf,3
2487,spotify:artist:1cMcFL2NdeUDYg0OtD1GeA,spotify:artist:3XdsvDqukVnHTVUhI3cB2c,3
2488,spotify:artist:1cMcFL2NdeUDYg0OtD1GeA,spotify:artist:4yvuCAFk8vERXXBf138h8S,3
2489,spotify:artist:1cMcFL2NdeUDYg0OtD1GeA,spotify:artist:6An62UauVVUH7OCxt5bnZu,3
2490,spotify:artist:1cMcFL2NdeUDYg0OtD1GeA,spotify:artist:2G5cWvHkX9WSrGv6OnmpWD,3
2491,spotify:artist:1cMcFL2NdeUDYg0OtD1GeA,spotify:artist:6juuiuCv8jRHZOcvP2BqKp,3
2492,spotify:artist:1cMcFL2NdeUDYg0OtD1GeA,spotify:artist:4HCubdy7diarb4KZo8etrq,3
2493,spotify:artist:1cMcFL2NdeUDYg0OtD1GeA,spotify:artist:2DmyIp3IBWUwRukba22G3n,3
2494,spotify:artist:1cMcFL2NdeUDYg0OtD1GeA,spotify:artist:4tfyTbsNNN5xfxKDwG4VfP,3
2495,spotify:artist:1cMcFL2NdeUDYg0OtD1GeA,spotify:artist:7tfS18oUEffScrxryTgwyC,3
2496,spotify:artist:1cMcFL2NdeUDYg0OtD1GeA,spotify:artist:3LMbBNkcscWjRZr0TrqHMT,3
2497,spotify:artist:1cMcFL2NdeUDYg0OtD1GeA,spotify:artist:1GWV70Reko15eV2nHCm0bM,3
2498,spotify:artist:1cMcFL2NdeUDYg0OtD1GeA,spotify:artist:0lanWnqevUdaLHZT3jPyhs,3
2499,spotify:artist:1cMcFL2NdeUDYg0OtD1GeA,spotify:artist:0b5EqFBUKekB0M1YRlmwUo,3
2500,spotify:artist:71erjwGhr3OtCqtmKuy7qr,spotify:artist:4HCubdy7diarb4KZo8etrq,3
2501,spotify:artist:71erjwGhr3OtCqtmKuy7qr,spotify:artist:2kTn692duPSkqN6czSilyk,3
2502,spotify:artist:71erjwGhr3OtCqtmKuy7qr,spotify:artist:4yvuCAFk8vERXXBf138h8S,3
2503,spotify:artist:71erjwGhr3OtCqtmKuy7qr,spotify:artist:7tfS18oUEffScrxryTgwyC,3
2504,spotify:artist:71erjwGhr3OtCqtmKuy7qr,spotify:artist:7ckJvU525aRrorybAq1Rcg,3
2505,spotify:artist:71erjwGhr3OtCqtmKuy7qr,spotify:artist:7zi9v3F5KzAuS3MkJtm5dc,3
2506,spotify:artist:71erjwGhr3OtCqtmKuy7qr,spotify:artist:2YvNi4oPdBgD45gc1UycxW,3
2507,spotify:artist:71erjwGhr3OtCqtmKuy7qr,spotify:artist:3JFJv3UdQ35gVU9Nccw4Ii,3
2508,spotify:artist:71erjwGhr3OtCqtmKuy7qr,spotify:artist:6soJo0dtX31T30OxtS4A39,3
2509,spotify:artist:71erjwGhr3OtCqtmKuy7qr,spotify:artist:6v8lYzIVcmeuPkoobFl7Dx,3
2510,spotify:artist:71erjwGhr3OtCqtmKuy7qr,spotify:artist:38RLX1nwz4aF9CQPTizSXb,3
2511,spotify:artist:71erjwGhr3OtCqtmKuy7qr,spotify:artist:6TR7TYiDiS5okigndyMIpK,3
2512,spotify:artist:71erjwGhr3OtCqtmKuy7qr,spotify:artist:1cMcFL2NdeUDYg0OtD1GeA,3
2513,spotify:artist:71erjwGhr3OtCqtmKuy7qr,spotify:artist:4tfyTbsNNN5xfxKDwG4VfP,3
2514,spotify:artist:71erjwGhr3OtCqtmKuy7qr,spotify:artist:0lanWnqevUdaLHZT3jPyhs,3
2515,spotify:artist:71erjwGhr3OtCqtmKuy7qr,spotify:artist:5CXWXFfhDhFN5uzbfUwAKt,3
2516,spotify:artist:71erjwGhr3OtCqtmKuy7qr,spotify:artist:6W8VbSclDd31QHMBwoC84H,3
2517,spotify:artist:71erjwGhr3OtCqtmKuy7qr,spotify:artist:4MlLVFHiA4e7BU7vQ4r5Lh,3
2518,spotify:artist:71erjwGhr3OtCqtmKuy7qr,spotify:artist:0i2IEcWvtHUBYPkYWwCgjC,3
2519,spotify:artist:71erjwGhr3OtCqtmKuy7qr,spotify:artist:2u7xZP39dtED9EuRX9MUwu,3
2520,spotify:artist:0O0g9JMOVNoIgLG6dgaYMY,spotify:artist:3B1VQErUlM3ZZ6d1EwYd2K,3
2521,spotify:artist:0O0g9JMOVNoIgLG6dgaYMY,spotify:artist:046wtejcUX9rhlzw2nlveT,3
2522,spotify:artist:0O0g9JMOVNoIgLG6dgaYMY,spotify:artist:7CW5MYWUsyUYiHbiTmVZHe,3
2523,spotify:artist:0O0g9JMOVNoIgLG6dgaYMY,spotify:artist:1CYmYyxlWBVY80Kvq5lTDg,3
2524,spotify:artist:0O0g9JMOVNoIgLG6dgaYMY,spotify:artist:1JXB7XQ9hjLB5pnr1eowKR,3
2525,spotify:artist:0O0g9JMOVNoIgLG6dgaYMY,spotify:artist:4yvuCAFk8vERXXBf138h8S,3
2526,spotify:artist:0O0g9JMOVNoIgLG6dgaYMY,spotify:artist:1l0eT7EY5r7U1gMVm2SyoS,3
2527,spotify:artist:0O0g9JMOVNoIgLG6dgaYMY,spotify:artist:1ilhXoWIlGxz3fM4B24mNo,3
2528,spotify:artist:0O0g9JMOVNoIgLG6dgaYMY,spotify:artist:5sMku8iI6FH3ypZTErz4kv,3
2529,spotify:artist:0O0g9JMOVNoIgLG6dgaYMY,spotify:artist:1Ag6UM6dow2OH9V06mxzV5,3
2530,spotify:artist:0O0g9JMOVNoIgLG6dgaYMY,spotify:artist:4UETUdF77BfyJ7fEFVztr3,3
2531,spotify:artist:0O0g9JMOVNoIgLG6dgaYMY,spotify:artist:1e9cOgMYTLJ0KFOjmTx13F,3
2532,spotify:artist:0O0g9JMOVNoIgLG6dgaYMY,spotify:artist:3UvcmAOZt64oKpP95f6MMM,3
2533,spotify:artist:0O0g9JMOVNoIgLG6dgaYMY,spotify:artist:4rxXqaQUe5udkRsGRDDDIY,3
2534,spotify:artist:0O0g9JMOVNoIgLG6dgaYMY,spotify:artist:4HCubdy7diarb4KZo8etrq,3
2535,spotify:artist:0O0g9JMOVNoIgLG6dgaYMY,spotify:artist:3aCS3JvkoSr84i7ge9pA9o,3
2536,spotify:artist:0O0g9JMOVNoIgLG6dgaYMY,spotify:artist:5MWBg16f5UYiaSlyVhzlIW,3
2537,spotify:artist:0O0g9JMOVNoIgLG6dgaYMY,spotify:artist:7k8oHbK8ratXIVlYX7fVRU,3
2538,spotify:artist:0O0g9JMOVNoIgLG6dgaYMY,spotify:artist:4MlLVFHiA4e7BU7vQ4r5Lh,3
2539,spotify:artist:0O0g9JMOVNoIgLG6dgaYMY,spotify:artist:3BqaUtuQmqIHg7B5Bc7fP7,3
2540,spotify:artist:6ktzu3KxlqOqd3eKnqTCyb,spotify:artist:5EtBXjUUyPJmiljpRdN6RJ,3
2541,spotify:artist:6ktzu3KxlqOqd3eKnqTCyb,spotify:artist:6Hd3xhv1sj3rlojjvGLkGR,3
2542,spotify:artist:6ktzu3KxlqOqd3eKnqTCyb,spotify:artist:3Kf7VEIRWquxrNIuyJZnfF,3
2543,spotify:artist:6ktzu3KxlqOqd3eKnqTCyb,spotify:artist:4yvuCAFk8vERXXBf138h8S,3
2544,spotify:artist:6ktzu3KxlqOqd3eKnqTCyb,spotify:artist:1cMcFL2NdeUDYg0OtD1GeA,3
2545,spotify:artist:6ktzu3KxlqOqd3eKnqTCyb,spotify:artist:7aK3HPZsL7YboqDz7EB2uy,3
2546,spotify:artist:6ktzu3KxlqOqd3eKnqTCyb,spotify:artist:0Uuw1MHNH56xL76bTOVJE8,3
2547,spotify:artist:6ktzu3KxlqOqd3eKnqTCyb,spotify:artist:5sMku8iI6FH3ypZTErz4kv,3
2548,spotify:artist:6ktzu3KxlqOqd3eKnqTCyb,spotify:artist:5P1tdwsQdI6z9MXXfmYRDS,3
2549,spotify:artist:6ktzu3KxlqOqd3eKnqTCyb,spotify:artist:6hBQq083tyW3yrF1gdVt4Q,3
2550,spotify:artist:6ktzu3KxlqOqd3eKnqTCyb,spotify:artist:2dxi3wnJ9h9kNioaWyIpYd,3
2551,spotify:artist:6ktzu3KxlqOqd3eKnqTCyb,spotify:artist:4ytlQaboYeSgqbrrBiQOwk,3
2552,spotify:artist:6ktzu3KxlqOqd3eKnqTCyb,spotify:artist:0O0g9JMOVNoIgLG6dgaYMY,3
2553,spotify:artist:6ktzu3KxlqOqd3eKnqTCyb,spotify:artist:1QFSWSYQpinYxsaAMG8jF2,3
2554,spotify:artist:6ktzu3KxlqOqd3eKnqTCyb,spotify:artist:4RIOH6XCUt1Xr8NLUj2u66,3
2555,spotify:artist:6ktzu3KxlqOqd3eKnqTCyb,spotify:artist:0SlVADXyBtjRHkoKyZEtho,3
2556,spotify:artist:6ktzu3KxlqOqd3eKnqTCyb,spotify:artist:4tSxfdWuRgYtlPQ1d4kjYE,3
2557,spotify:artist:6ktzu3KxlqOqd3eKnqTCyb,spotify:artist:3dmSPhg0tdao8ePj4pySJ5,3
2558,spotify:artist:6ktzu3KxlqOqd3eKnqTCyb,spotify:artist:7wbZFLV3wwTqyrKNCJ8Y8D,3
2559,spotify:artist:6ktzu3KxlqOqd3eKnqTCyb,spotify:artist:0dLSQG3IV62UNVhWUe6mx6,3
2560,spotify:artist:5Qlt3zQ63Z99mNhuun0JAT,spotify:artist:5CXWXFfhDhFN5uzbfUwAKt,3
2561,spotify:artist:5Qlt3zQ63Z99mNhuun0JAT,spotify:artist:7sbwBqdkynNUDgiWU3TQ5J,3
2562,spotify:artist:5Qlt3zQ63Z99mNhuun0JAT,spotify:artist:2u7xZP39dtED9EuRX9MUwu,3
2563,spotify:artist:5Qlt3zQ63Z99mNhuun0JAT,spotify:artist:3XdsvDqukVnHTVUhI3cB2c,3
2564,spotify:artist:5Qlt3zQ63Z99mNhuun0JAT,spotify:artist:4HCubdy7diarb4KZo8etrq,3
2565,spotify:artist:5Qlt3zQ63Z99mNhuun0JAT,spotify:artist:4yvuCAFk8vERXXBf138h8S,3
2566,spotify:artist:5Qlt3zQ63Z99mNhuun0JAT,spotify:artist:4w3QqrcmBv8dasemwBXmxf,3
2567,spotify:artist:5Qlt3zQ63Z99mNhuun0JAT,spotify:artist:1GWV70Reko15eV2nHCm0bM,3
2568,spotify:artist:5Qlt3zQ63Z99mNhuun0JAT,spotify:artist:6juuiuCv8jRHZOcvP2BqKp,3
2569,spotify:artist:5Qlt3zQ63Z99mNhuun0JAT,spotify:artist:1ZsnHGOLYFg8CAHQQBc1ut,3
2570,spotify:artist:5Qlt3zQ63Z99mNhuun0JAT,spotify:artist:1cMcFL2NdeUDYg0OtD1GeA,3
2571,spotify:artist:5Qlt3zQ63Z99mNhuun0JAT,spotify:artist:5sMku8iI6FH3ypZTErz4kv,3
2572,spotify:artist:5Qlt3zQ63Z99mNhuun0JAT,spotify:artist:4tyCvqG48h4LdcbFfWBjR9,3
2573,spotify:artist:5Qlt3zQ63Z99mNhuun0JAT,spotify:artist:3Kf7VEIRWquxrNIuyJZnfF,3
2574,spotify:artist:5Qlt3zQ63Z99mNhuun0JAT,spotify:artist:4AIo9dEYhuS3AtwhhKgA0M,3
2575,spotify:artist:5Qlt3zQ63Z99mNhuun0JAT,spotify:artist:7ckJvU525aRrorybAq1Rcg,3
2576,spotify:artist:5Qlt3zQ63Z99mNhuun0JAT,spotify:artist:6ktzu3KxlqOqd3eKnqTCyb,3
2577,spotify:artist:5Qlt3zQ63Z99mNhuun0JAT,spotify:artist:2Sp19cOHSqAUlE64hekARW,3
2578,spotify:artist:5Qlt3zQ63Z99mNhuun0JAT,spotify:artist:0dLSQG3IV62UNVhWUe6mx6,3
2579,spotify:artist:5Qlt3zQ63Z99mNhuun0JAT,spotify:artist:3pUiNPLwDNM46B8BdRspFW,3
2580,spotify:artist:2Lhs0asnFQiLuntn3s8p78,spotify:artist:339qxEdD8z8okRAiTp1HKf,3
2581,spotify:artist:2Lhs0asnFQiLuntn3s8p78,spotify:artist:2oAKV8mT3NB1hZbGbGcdYB,3
2582,spotify:artist:2Lhs0asnFQiLuntn3s8p78,spotify:artist:2zAvisjImPICTNsRgagqlV,3
2583,spotify:artist:2Lhs0asnFQiLuntn3s8p78,spotify:artist:2l7DkzVuYJW700mR7r43un,3
2584,spotify:artist:2Lhs0asnFQiLuntn3s8p78,spotify:artist:3uQ5cxFHxXddqPL58egs1z,3
2585,spotify:artist:2Lhs0asnFQiLuntn3s8p78,spotify:artist:2k07pWgpJiFIbb9q1yJ36B,3
2586,spotify:artist:2Lhs0asnFQiLuntn3s8p78,spotify:artist:7EFfGZiKL1Ud3cspnlMq4H,3
2587,spotify:artist:2Lhs0asnFQiLuntn3s8p78,spotify:artist:3dmSPhg0tdao8ePj4pySJ5,3
2588,spotify:artist:2Lhs0asnFQiLuntn3s8p78,spotify:artist:79JJCxCCfJ8HufX6w8q2k4,3
2589,spotify:artist:2Lhs0asnFQiLuntn3s8p78,spotify:artist:0qt6QSruHshcWT9QOzyfZp,3
2590,spotify:artist:2Lhs0asnFQiLuntn3s8p78,spotify:artist:7gqsi6aBSkRMJoL9psKqMr,3
2591,spotify:artist:2Lhs0asnFQiLuntn3s8p78,spotify:artist:2ajVJyxI4sHmTMtTA3ENko,3
2592,spotify:artist:2Lhs0asnFQiLuntn3s8p78,spotify:artist:2EEw2tt8AJcH9qXUeB96Oc,3
2593,spotify:artist:2Lhs0asnFQiLuntn3s8p78,spotify:artist:4G0XDEk7RbA4BBCTs917U9,3
2594,spotify:artist:2Lhs0asnFQiLuntn3s8p78,spotify:artist:70gvc4NvTwgBpEB1goYy8z,3
2595,spotify:artist:2Lhs0asnFQiLuntn3s8p78,spotify:artist:2rDxtYUzTAYJJE3Bl3Z5IN,3
2596,spotify:artist:2Lhs0asnFQiLuntn3s8p78,spotify:artist:1OmdWpAh1pucAuZPzJaxIJ,3
2597,spotify:artist:2Lhs0asnFQiLuntn3s8p78,spotify:artist:2zTCLiQ8OUIWEyV6eZWzFy,3
2598,spotify:artist:2Lhs0asnFQiLuntn3s8p78,spotify:artist:4ePunOqQbOYoQwd1298g3Z,3
2599,spotify:artist:2Lhs0asnFQiLuntn3s8p78,spotify:artist:4yvuCAFk8vERXXBf138h8S,3
2600,spotify:artist:339qxEdD8z8okRAiTp1HKf,spotify:artist:2oAKV8mT3NB1hZbGbGcdYB,3
2601,spotify:artist:339qxEdD8z8okRAiTp1HKf,spotify:artist:6MnQV8O2R0Oci41F4HLB59,3
2602,spotify:artist:339qxEdD8z8okRAiTp1HKf,spotify:artist:3Rdkj77BOQHj5dTLveCJvI,3
2603,spotify:artist:339qxEdD8z8okRAiTp1HKf,spotify:artist:2zTCLiQ8OUIWEyV6eZWzFy,3
2604,spotify:artist:339qxEdD8z8okRAiTp1HKf,spotify:artist:2Lhs0asnFQiLuntn3s8p78,3
2605,spotify:artist:339qxEdD8z8okRAiTp1HKf,spotify:artist:5tgz5nUmXzQkGo7i0RczvC,3
2606,spotify:artist:339qxEdD8z8okRAiTp1HKf,spotify:artist:7EFfGZiKL1Ud3cspnlMq4H,3
2607,spotify:artist:339qxEdD8z8okRAiTp1HKf,spotify:artist:2k07pWgpJiFIbb9q1yJ36B,3
2608,spotify:artist:339qxEdD8z8okRAiTp1HKf,spotify:artist:08w6KQXL60XUftg3Ds3177,3
2609,spotify:artist:339qxEdD8z8okRAiTp1HKf,spotify:artist:72PnPUc1qv9UjRPaGVZ1jq,3
2610,spotify:artist:339qxEdD8z8okRAiTp1HKf,spotify:artist:1OmdWpAh1pucAuZPzJaxIJ,3
2611,spotify:artist:339qxEdD8z8okRAiTp1HKf,spotify:artist:188gwh9RnRT58ZQPwqwHE3,3
2612,spotify:artist:339qxEdD8z8okRAiTp1HKf,spotify:artist:70gvc4NvTwgBpEB1goYy8z,3
2613,spotify:artist:339qxEdD8z8okRAiTp1HKf,spotify:artist:6uHjKRsYGaElOrKWlSEji3,3
2614,spotify:artist:339qxEdD8z8okRAiTp1HKf,spotify:artist:3uQ5cxFHxXddqPL58egs1z,3
2615,spotify:artist:339qxEdD8z8okRAiTp1HKf,spotify:artist:2zAvisjImPICTNsRgagqlV,3
2616,spotify:artist:339qxEdD8z8okRAiTp1HKf,spotify:artist:4tBNwdhdWAXGzzaPTp9dRE,3
2617,spotify:artist:339qxEdD8z8okRAiTp1HKf,spotify:artist:0TeVWuc8Sw05X4Qkl3AA5r,3
2618,spotify:artist:339qxEdD8z8okRAiTp1HKf,spotify:artist:6M5FR3JkFFVDkgwtO6Vtz6,3
2619,spotify:artist:339qxEdD8z8okRAiTp1HKf,spotify:artist:3x0LgZSPgNh91O6NBMtqTs,3
2620,spotify:artist:2YvNi4oPdBgD45gc1UycxW,spotify:artist:6soJo0dtX31T30OxtS4A39,3
2621,spotify:artist:2YvNi4oPdBgD45gc1UycxW,spotify:artist:4mq3N5MJRHIbGHme2Gxwn8,3
2622,spotify:artist:2YvNi4oPdBgD45gc1UycxW,spotify:artist:6LRmgzRManplPQghd2BMqz,3
2623,spotify:artist:2YvNi4oPdBgD45gc1UycxW,spotify:artist:5S76x1RQk1FgHwX3y4giOO,3
2624,spotify:artist:2YvNi4oPdBgD45gc1UycxW,spotify:artist:1ZwVncciWUroQ1SbaU4Rcg,3
2625,spotify:artist:2YvNi4oPdBgD45gc1UycxW,spotify:artist:4DKgySPRqtTAw0eUMmp3O9,3
2626,spotify:artist:2YvNi4oPdBgD45gc1UycxW,spotify:artist:1Yy0i6C3R2ubzz9CRM4JDv,3
2627,spotify:artist:2YvNi4oPdBgD45gc1UycxW,spotify:artist:5u63s2SFlGjNE1dJOVKhYZ,3
2628,spotify:artist:2YvNi4oPdBgD45gc1UycxW,spotify:artist:4EnBjY8cxqXgjAfP640aqh,3
2629,spotify:artist:2YvNi4oPdBgD45gc1UycxW,spotify:artist:2t13Pql594lu7NxU1h4DTp,3
2630,spotify:artist:2YvNi4oPdBgD45gc1UycxW,spotify:artist:5xXxYvK0cBu6BY5KWctwwf,3
2631,spotify:artist:2YvNi4oPdBgD45gc1UycxW,spotify:artist:4MlLVFHiA4e7BU7vQ4r5Lh,3
2632,spotify:artist:2YvNi4oPdBgD45gc1UycxW,spotify:artist:4HCubdy7diarb4KZo8etrq,3
2633,spotify:artist:2YvNi4oPdBgD45gc1UycxW,spotify:artist:4Nu0EL8c5d2vFHPOcNjlBP,3
2634,spotify:artist:2YvNi4oPdBgD45gc1UycxW,spotify:artist:2u7xZP39dtED9EuRX9MUwu,3
2635,spotify:artist:2YvNi4oPdBgD45gc1UycxW,spotify:artist:7KEIQKLtisCoovALuuZ8pP,3
2636,spotify:artist:2YvNi4oPdBgD45gc1UycxW,spotify:artist:1PWA0lpxep5zsUGmGD202Y,3
2637,spotify:artist:2YvNi4oPdBgD45gc1UycxW,spotify:artist:4UETUdF77BfyJ7fEFVztr3,3
2638,spotify:artist:2YvNi4oPdBgD45gc1UycxW,spotify:artist:6v8lYzIVcmeuPkoobFl7Dx,3
2639,spotify:artist:2YvNi4oPdBgD45gc1UycxW,spotify:artist:7ppwXAQNWfPDGu22hCk5Yr,3
2640,spotify:artist:6soJo0dtX31T30OxtS4A39,spotify:artist:2YvNi4oPdBgD45gc1UycxW,3
2641,spotify:artist:6soJo0dtX31T30OxtS4A39,spotify:artist:4mq3N5MJRHIbGHme2Gxwn8,3
2642,spotify:artist:6soJo0dtX31T30OxtS4A39,spotify:artist:6LRmgzRManplPQghd2BMqz,3
2643,spotify:artist:6soJo0dtX31T30OxtS4A39,spotify:artist:5S76x1RQk1FgHwX3y4giOO,3
2644,spotify:artist:6soJo0dtX31T30OxtS4A39,spotify:artist:1ZwVncciWUroQ1SbaU4Rcg,3
2645,spotify:artist:6soJo0dtX31T30OxtS4A39,spotify:artist:4EnBjY8cxqXgjAfP640aqh,3
2646,spotify:artist:6soJo0dtX31T30OxtS4A39,spotify:artist:4DKgySPRqtTAw0eUMmp3O9,3
2647,spotify:artist:6soJo0dtX31T30OxtS4A39,spotify:artist:1Yy0i6C3R2ubzz9CRM4JDv,3
2648,spotify:artist:6soJo0dtX31T30OxtS4A39,spotify:artist:2t13Pql594lu7NxU1h4DTp,3
2649,spotify:artist:6soJo0dtX31T30OxtS4A39,spotify:artist:5xXxYvK0cBu6BY5KWctwwf,3
2650,spotify:artist:6soJo0dtX31T30OxtS4A39,spotify:artist:5u63s2SFlGjNE1dJOVKhYZ,3
2651,spotify:artist:6soJo0dtX31T30OxtS4A39,spotify:artist:7KEIQKLtisCoovALuuZ8pP,3
2652,spotify:artist:6soJo0dtX31T30OxtS4A39,spotify:artist:4HCubdy7diarb4KZo8etrq,3
2653,spotify:artist:6soJo0dtX31T30OxtS4A39,spotify:artist:1PWA0lpxep5zsUGmGD202Y,3
2654,spotify:artist:6soJo0dtX31T30OxtS4A39,spotify:artist:6IYhQUa20ru5eYoFYeQurx,3
2655,spotify:artist:6soJo0dtX31T30OxtS4A39,spotify:artist:4MlLVFHiA4e7BU7vQ4r5Lh,3
2656,spotify:artist:6soJo0dtX31T30OxtS4A39,spotify:artist:046wtejcUX9rhlzw2nlveT,3
2657,spotify:artist:6soJo0dtX31T30OxtS4A39,spotify:artist:4UETUdF77BfyJ7fEFVztr3,3
2658,spotify:artist:6soJo0dtX31T30OxtS4A39,spotify:artist:2u7xZP39dtED9EuRX9MUwu,3
2659,spotify:artist:6soJo0dtX31T30OxtS4A39,spotify:artist:6TR7TYiDiS5okigndyMIpK,3
2660,spotify:artist:1ZsnHGOLYFg8CAHQQBc1ut,spotify:artist:7EV6jW6dotBdvsHj6xPixi,3
2661,spotify:artist:1ZsnHGOLYFg8CAHQQBc1ut,spotify:artist:244fcyNSuyhbRlMGfMbYrO,3
2662,spotify:artist:1ZsnHGOLYFg8CAHQQBc1ut,spotify:artist:3dmSPhg0tdao8ePj4pySJ5,3
2663,spotify:artist:1ZsnHGOLYFg8CAHQQBc1ut,spotify:artist:5EOPLr73C9nIPYwVEAsiOY,3
2664,spotify:artist:1ZsnHGOLYFg8CAHQQBc1ut,spotify:artist:77oD8X9qLXZhpbCjv53l5n,3
2665,spotify:artist:1ZsnHGOLYFg8CAHQQBc1ut,spotify:artist:3TScZ6zJkavDy0tqoGqiCf,3
2666,spotify:artist:1ZsnHGOLYFg8CAHQQBc1ut,spotify:artist:4IDoKaZIEacb3QncU8RQMp,3
2667,spotify:artist:1ZsnHGOLYFg8CAHQQBc1ut,spotify:artist:2Lhs0asnFQiLuntn3s8p78,3
2668,spotify:artist:1ZsnHGOLYFg8CAHQQBc1ut,spotify:artist:4yvuCAFk8vERXXBf138h8S,3
2669,spotify:artist:1ZsnHGOLYFg8CAHQQBc1ut,spotify:artist:5CXWXFfhDhFN5uzbfUwAKt,3
2670,spotify:artist:1ZsnHGOLYFg8CAHQQBc1ut,spotify:artist:13W7XLRXdWeLmIu9vacE1w,3
2671,spotify:artist:1ZsnHGOLYFg8CAHQQBc1ut,spotify:artist:1GWV70Reko15eV2nHCm0bM,3
2672,spotify:artist:1ZsnHGOLYFg8CAHQQBc1ut,spotify:artist:0LVrQUinPUBFvVD5pLqmWY,3
2673,spotify:artist:1ZsnHGOLYFg8CAHQQBc1ut,spotify:artist:0dLSQG3IV62UNVhWUe6mx6,3
2674,spotify:artist:1ZsnHGOLYFg8CAHQQBc1ut,spotify:artist:2wXBWJhbm1gfEVjyEEuhDH,3
2675,spotify:artist:1ZsnHGOLYFg8CAHQQBc1ut,spotify:artist:0TJB3EE2efClsYIDQ8V2Jk,3
2676,spotify:artist:1ZsnHGOLYFg8CAHQQBc1ut,spotify:artist:04tBaW21jyUfeP5iqiKBVq,3
2677,spotify:artist:1ZsnHGOLYFg8CAHQQBc1ut,spotify:artist:38euc5ce2q2MMzaoJcPstz,3
2678,spotify:artist:1ZsnHGOLYFg8CAHQQBc1ut,spotify:artist:7Lf3LOZp3U3u2f6cWMd3AH,3
2679,spotify:artist:1ZsnHGOLYFg8CAHQQBc1ut,spotify:artist:2E70ENJNHoACgzTkJ3QnO4,3
2680,spotify:artist:1l0eT7EY5r7U1gMVm2SyoS,spotify:artist:1InKQ2UHt93fQaVh1NTV0P,3
2681,spotify:artist:1l0eT7EY5r7U1gMVm2SyoS,spotify:artist:1e9cOgMYTLJ0KFOjmTx13F,3
2682,spotify:artist:1l0eT7EY5r7U1gMVm2SyoS,spotify:artist:046wtejcUX9rhlzw2nlveT,3
2683,spotify:artist:1l0eT7EY5r7U1gMVm2SyoS,spotify:artist:3WNuXg2cfUF1m2ol7bh5ff,3
2684,spotify:artist:1l0eT7EY5r7U1gMVm2SyoS,spotify:artist:5JFS60r6NwiQfX8Ue29JHL,3
2685,spotify:artist:1l0eT7EY5r7U1gMVm2SyoS,spotify:artist:3iayA3QkB3jfkUgcXqsL7C,3
2686,spotify:artist:1l0eT7EY5r7U1gMVm2SyoS,spotify:artist:4UETUdF77BfyJ7fEFVztr3,3
2687,spotify:artist:1l0eT7EY5r7U1gMVm2SyoS,spotify:artist:2cdCHBwA7oo6wkZ8uUxOb5,3
2688,spotify:artist:1l0eT7EY5r7U1gMVm2SyoS,spotify:artist:4rxXqaQUe5udkRsGRDDDIY,3
2689,spotify:artist:1l0eT7EY5r7U1gMVm2SyoS,spotify:artist:1Ag6UM6dow2OH9V06mxzV5,3
2690,spotify:artist:1l0eT7EY5r7U1gMVm2SyoS,spotify:artist:26mSNyxjAsV5HSb7vAHu1W,3
2691,spotify:artist:1l0eT7EY5r7U1gMVm2SyoS,spotify:artist:1CYmYyxlWBVY80Kvq5lTDg,3
2692,spotify:artist:1l0eT7EY5r7U1gMVm2SyoS,spotify:artist:3aCS3JvkoSr84i7ge9pA9o,3
2693,spotify:artist:1l0eT7EY5r7U1gMVm2SyoS,spotify:artist:0O0g9JMOVNoIgLG6dgaYMY,3
2694,spotify:artist:1l0eT7EY5r7U1gMVm2SyoS,spotify:artist:7CW5MYWUsyUYiHbiTmVZHe,3
2695,spotify:artist:1l0eT7EY5r7U1gMVm2SyoS,spotify:artist:2i8ynmFv4qgRksyDlBgi6d,3
2696,spotify:artist:1l0eT7EY5r7U1gMVm2SyoS,spotify:artist:1BZzsIaJrwVhoY4oNnAGjr,3
2697,spotify:artist:1l0eT7EY5r7U1gMVm2SyoS,spotify:artist:6soJo0dtX31T30OxtS4A39,3
2698,spotify:artist:1l0eT7EY5r7U1gMVm2SyoS,spotify:artist:3Un18X4NF1bpjgUk44lUzn,3
2699,spotify:artist:1l0eT7EY5r7U1gMVm2SyoS,spotify:artist:6TR7TYiDiS5okigndyMIpK,3
2700,spotify:artist:6uHjKRsYGaElOrKWlSEji3,spotify:artist:4W1poTLCG6XjhBUVehcaMB,3
2701,spotify:artist:6uHjKRsYGaElOrKWlSEji3,spotify:artist:2GATzeg62cr6sH29wSOVWe,3
2702,spotify:artist:6uHjKRsYGaElOrKWlSEji3,spotify:artist:0qt6QSruHshcWT9QOzyfZp,3
2703,spotify:artist:6uHjKRsYGaElOrKWlSEji3,spotify:artist:339qxEdD8z8okRAiTp1HKf,3
2704,spotify:artist:6uHjKRsYGaElOrKWlSEji3,spotify:artist:7EFfGZiKL1Ud3cspnlMq4H,3
2705,spotify:artist:6uHjKRsYGaElOrKWlSEji3,spotify:artist:1XW5L5zIBqMw7sqkkuIi5n,3
2706,spotify:artist:6uHjKRsYGaElOrKWlSEji3,spotify:artist:5lQ9ygSr6WMqXYsG00nNNY,3
2707,spotify:artist:6uHjKRsYGaElOrKWlSEji3,spotify:artist:2Lhs0asnFQiLuntn3s8p78,3
2708,spotify:artist:6uHjKRsYGaElOrKWlSEji3,spotify:artist:31ir0nQWMLTowZmZO8CiBw,3
2709,spotify:artist:6uHjKRsYGaElOrKWlSEji3,spotify:artist:2zTCLiQ8OUIWEyV6eZWzFy,3
2710,spotify:artist:6uHjKRsYGaElOrKWlSEji3,spotify:artist:7IDrRpDz0cOuUVC32c8PKD,3
2711,spotify:artist:6uHjKRsYGaElOrKWlSEji3,spotify:artist:1CgvL3gASrnuI8SKXr8K7F,3
2712,spotify:artist:6uHjKRsYGaElOrKWlSEji3,spotify:artist:2dxi3wnJ9h9kNioaWyIpYd,3
2713,spotify:artist:6uHjKRsYGaElOrKWlSEji3,spotify:artist:0O0g9JMOVNoIgLG6dgaYMY,3
2714,spotify:artist:6uHjKRsYGaElOrKWlSEji3,spotify:artist:4yvuCAFk8vERXXBf138h8S,3
2715,spotify:artist:6uHjKRsYGaElOrKWlSEji3,spotify:artist:60CBjmRpwr02JwAd3Ho25U,3
2716,spotify:artist:6uHjKRsYGaElOrKWlSEji3,spotify:artist:0wz0jO9anccPzH04N7FLBH,3
2717,spotify:artist:6uHjKRsYGaElOrKWlSEji3,spotify:artist:1555UFA4CyCnJEzCKikGHe,3
2718,spotify:artist:6uHjKRsYGaElOrKWlSEji3,spotify:artist:6paRdA1dkAEb0dWcIS4TOp,3
2719,spotify:artist:6uHjKRsYGaElOrKWlSEji3,spotify:artist:2l7DkzVuYJW700mR7r43un,3
2720,spotify:artist:4W1poTLCG6XjhBUVehcaMB,spotify:artist:6uHjKRsYGaElOrKWlSEji3,3
2721,spotify:artist:4W1poTLCG6XjhBUVehcaMB,spotify:artist:1XW5L5zIBqMw7sqkkuIi5n,3
2722,spotify:artist:4W1poTLCG6XjhBUVehcaMB,spotify:artist:0qt6QSruHshcWT9QOzyfZp,3
2723,spotify:artist:4W1poTLCG6XjhBUVehcaMB,spotify:artist:7EFfGZiKL1Ud3cspnlMq4H,3
2724,spotify:artist:4W1poTLCG6XjhBUVehcaMB,spotify:artist:339qxEdD8z8okRAiTp1HKf,3
2725,spotify:artist:4W1poTLCG6XjhBUVehcaMB,spotify:artist:2Lhs0asnFQiLuntn3s8p78,3
2726,spotify:artist:4W1poTLCG6XjhBUVehcaMB,spotify:artist:4yvuCAFk8vERXXBf138h8S,3
2727,spotify:artist:4W1poTLCG6XjhBUVehcaMB,spotify:artist:2zTCLiQ8OUIWEyV6eZWzFy,3
2728,spotify:artist:4W1poTLCG6XjhBUVehcaMB,spotify:artist:2GATzeg62cr6sH29wSOVWe,3
2729,spotify:artist:4W1poTLCG6XjhBUVehcaMB,spotify:artist:1CgvL3gASrnuI8SKXr8K7F,3
2730,spotify:artist:4W1poTLCG6XjhBUVehcaMB,spotify:artist:2oAKV8mT3NB1hZbGbGcdYB,3
2731,spotify:artist:4W1poTLCG6XjhBUVehcaMB,spotify:artist:0O0g9JMOVNoIgLG6dgaYMY,3
2732,spotify:artist:4W1poTLCG6XjhBUVehcaMB,spotify:artist:2dxi3wnJ9h9kNioaWyIpYd,3
2733,spotify:artist:4W1poTLCG6XjhBUVehcaMB,spotify:artist:3dmSPhg0tdao8ePj4pySJ5,3
2734,spotify:artist:4W1poTLCG6XjhBUVehcaMB,spotify:artist:5lQ9ygSr6WMqXYsG00nNNY,3
2735,spotify:artist:4W1poTLCG6XjhBUVehcaMB,spotify:artist:7tfS18oUEffScrxryTgwyC,3
2736,spotify:artist:4W1poTLCG6XjhBUVehcaMB,spotify:artist:0TeVWuc8Sw05X4Qkl3AA5r,3
2737,spotify:artist:4W1poTLCG6XjhBUVehcaMB,spotify:artist:5GIfMirlXQh4saiInbfRwm,3
2738,spotify:artist:4W1poTLCG6XjhBUVehcaMB,spotify:artist:2zAvisjImPICTNsRgagqlV,3
2739,spotify:artist:4W1poTLCG6XjhBUVehcaMB,spotify:artist:0M02NJYkmh4eYhsKVAgVbJ,3
2740,spotify:artist:3dmSPhg0tdao8ePj4pySJ5,spotify:artist:70gvc4NvTwgBpEB1goYy8z,3
2741,spotify:artist:3dmSPhg0tdao8ePj4pySJ5,spotify:artist:2Lhs0asnFQiLuntn3s8p78,3
2742,spotify:artist:3dmSPhg0tdao8ePj4pySJ5,spotify:artist:77oD8X9qLXZhpbCjv53l5n,3
2743,spotify:artist:3dmSPhg0tdao8ePj4pySJ5,spotify:artist:2zAvisjImPICTNsRgagqlV,3
2744,spotify:artist:3dmSPhg0tdao8ePj4pySJ5,spotify:artist:2ajVJyxI4sHmTMtTA3ENko,3
2745,spotify:artist:3dmSPhg0tdao8ePj4pySJ5,spotify:artist:339qxEdD8z8okRAiTp1HKf,3
2746,spotify:artist:3dmSPhg0tdao8ePj4pySJ5,spotify:artist:1ZsnHGOLYFg8CAHQQBc1ut,3
2747,spotify:artist:3dmSPhg0tdao8ePj4pySJ5,spotify:artist:1XW5L5zIBqMw7sqkkuIi5n,3
2748,spotify:artist:3dmSPhg0tdao8ePj4pySJ5,spotify:artist:1fpXM23IoNckJ7NDAm8YJQ,3
2749,spotify:artist:3dmSPhg0tdao8ePj4pySJ5,spotify:artist:0wz0jO9anccPzH04N7FLBH,3
2750,spotify:artist:3dmSPhg0tdao8ePj4pySJ5,spotify:artist:55dlp5I9jyc4UjzlrcKMnq,3
2751,spotify:artist:3dmSPhg0tdao8ePj4pySJ5,spotify:artist:2oAKV8mT3NB1hZbGbGcdYB,3
2752,spotify:artist:3dmSPhg0tdao8ePj4pySJ5,spotify:artist:2dxi3wnJ9h9kNioaWyIpYd,3
2753,spotify:artist:3dmSPhg0tdao8ePj4pySJ5,spotify:artist:3uQ5cxFHxXddqPL58egs1z,3
2754,spotify:artist:3dmSPhg0tdao8ePj4pySJ5,spotify:artist:0IpDaO9A1OW1h0YChKzVaX,3
2755,spotify:artist:3dmSPhg0tdao8ePj4pySJ5,spotify:artist:04tBaW21jyUfeP5iqiKBVq,3
2756,spotify:artist:3dmSPhg0tdao8ePj4pySJ5,spotify:artist:08w6KQXL60XUftg3Ds3177,3
2757,spotify:artist:3dmSPhg0tdao8ePj4pySJ5,spotify:artist:7gqsi6aBSkRMJoL9psKqMr,3
2758,spotify:artist:3dmSPhg0tdao8ePj4pySJ5,spotify:artist:6g8Jqb5JMfv92eB2r0awTN,3
2759,spotify:artist:3dmSPhg0tdao8ePj4pySJ5,spotify:artist:1OmdWpAh1pucAuZPzJaxIJ,3
2760,spotify:artist:5S76x1RQk1FgHwX3y4giOO,spotify:artist:1ZwVncciWUroQ1SbaU4Rcg,3
2761,spotify:artist:5S76x1RQk1FgHwX3y4giOO,spotify:artist:2YvNi4oPdBgD45gc1UycxW,3
2762,spotify:artist:5S76x1RQk1FgHwX3y4giOO,spotify:artist:6soJo0dtX31T30OxtS4A39,3
2763,spotify:artist:5S76x1RQk1FgHwX3y4giOO,spotify:artist:4mq3N5MJRHIbGHme2Gxwn8,3
2764,spotify:artist:5S76x1RQk1FgHwX3y4giOO,spotify:artist:6LRmgzRManplPQghd2BMqz,3
2765,spotify:artist:5S76x1RQk1FgHwX3y4giOO,spotify:artist:4EnBjY8cxqXgjAfP640aqh,3
2766,spotify:artist:5S76x1RQk1FgHwX3y4giOO,spotify:artist:2t13Pql594lu7NxU1h4DTp,3
2767,spotify:artist:5S76x1RQk1FgHwX3y4giOO,spotify:artist:4DKgySPRqtTAw0eUMmp3O9,3
2768,spotify:artist:5S76x1RQk1FgHwX3y4giOO,spotify:artist:5u63s2SFlGjNE1dJOVKhYZ,3
2769,spotify:artist:5S76x1RQk1FgHwX3y4giOO,spotify:artist:5xXxYvK0cBu6BY5KWctwwf,3
2770,spotify:artist:5S76x1RQk1FgHwX3y4giOO,spotify:artist:3TwGFx7u5Af2Nj8EjUH7gJ,3
2771,spotify:artist:5S76x1RQk1FgHwX3y4giOO,spotify:artist:1PWA0lpxep5zsUGmGD202Y,3
2772,spotify:artist:5S76x1RQk1FgHwX3y4giOO,spotify:artist:1Yy0i6C3R2ubzz9CRM4JDv,3
2773,spotify:artist:5S76x1RQk1FgHwX3y4giOO,spotify:artist:50JUto2R0uXMiVUSstKaAo,3
2774,spotify:artist:5S76x1RQk1FgHwX3y4giOO,spotify:artist:7KEIQKLtisCoovALuuZ8pP,3
2775,spotify:artist:5S76x1RQk1FgHwX3y4giOO,spotify:artist:6f0Gex1Wica7ysP665x70s,3
2776,spotify:artist:5S76x1RQk1FgHwX3y4giOO,spotify:artist:1GpFWCkDB1DC9WHa5zqqEa,3
2777,spotify:artist:5S76x1RQk1FgHwX3y4giOO,spotify:artist:2OhnPfICZa10hOI0HOzt7S,3
2778,spotify:artist:5S76x1RQk1FgHwX3y4giOO,spotify:artist:3QEoKehxyVCXKx6qOY0hZK,3
2779,spotify:artist:5S76x1RQk1FgHwX3y4giOO,spotify:artist:4SHrwIwTCwsAJzIhRgB3OC,3
2780,spotify:artist:1CgvL3gASrnuI8SKXr8K7F,spotify:artist:1W6z6i8gjySesldcmxtsAW,3
2781,spotify:artist:1CgvL3gASrnuI8SKXr8K7F,spotify:artist:1M7LzCFWQ3rTLiUsD6qSST,3
2782,spotify:artist:1CgvL3gASrnuI8SKXr8K7F,spotify:artist:5ZOh5D4MKLhU3GekPzNFam,3
2783,spotify:artist:1CgvL3gASrnuI8SKXr8K7F,spotify:artist:7k8oHbK8ratXIVlYX7fVRU,3
2784,spotify:artist:1CgvL3gASrnuI8SKXr8K7F,spotify:artist:0M02NJYkmh4eYhsKVAgVbJ,3
2785,spotify:artist:1CgvL3gASrnuI8SKXr8K7F,spotify:artist:2idymNTKUdnTxforkb12Mw,3
2786,spotify:artist:1CgvL3gASrnuI8SKXr8K7F,spotify:artist:3d1zFz2gPJbDaQDTsyNmbZ,3
2787,spotify:artist:1CgvL3gASrnuI8SKXr8K7F,spotify:artist:2Sp19cOHSqAUlE64hekARW,3
2788,spotify:artist:1CgvL3gASrnuI8SKXr8K7F,spotify:artist:3N6WAAPHoIjo6na008793X,3
2789,spotify:artist:1CgvL3gASrnuI8SKXr8K7F,spotify:artist:6uHjKRsYGaElOrKWlSEji3,3
2790,spotify:artist:1CgvL3gASrnuI8SKXr8K7F,spotify:artist:38euc5ce2q2MMzaoJcPstz,3
2791,spotify:artist:1CgvL3gASrnuI8SKXr8K7F,spotify:artist:5DSSaD2HBvTDwGTsxLGjHb,3
2792,spotify:artist:1CgvL3gASrnuI8SKXr8K7F,spotify:artist:2gOOxhK4K9RdxAgNDgYmlJ,3
2793,spotify:artist:1CgvL3gASrnuI8SKXr8K7F,spotify:artist:0BLh5cn4nqfqoVUREx3hLj,3
2794,spotify:artist:1CgvL3gASrnuI8SKXr8K7F,spotify:artist:2Ij97fuR3unjlboQfIYs31,3
2795,spotify:artist:1CgvL3gASrnuI8SKXr8K7F,spotify:artist:4yvuCAFk8vERXXBf138h8S,3
2796,spotify:artist:1CgvL3gASrnuI8SKXr8K7F,spotify:artist:3aCS3JvkoSr84i7ge9pA9o,3
2797,spotify:artist:1CgvL3gASrnuI8SKXr8K7F,spotify:artist:0O0g9JMOVNoIgLG6dgaYMY,3
2798,spotify:artist:1CgvL3gASrnuI8SKXr8K7F,spotify:artist:1CYmYyxlWBVY80Kvq5lTDg,3
2799,spotify:artist:1CgvL3gASrnuI8SKXr8K7F,spotify:artist:4nnvwFUhvSQ1WLcMbKJB9V,3
2800,spotify:artist:6MnQV8O2R0Oci41F4HLB59,spotify:artist:339qxEdD8z8okRAiTp1HKf,3
2801,spotify:artist:6MnQV8O2R0Oci41F4HLB59,spotify:artist:3Rdkj77BOQHj5dTLveCJvI,3
2802,spotify:artist:6MnQV8O2R0Oci41F4HLB59,spotify:artist:2oAKV8mT3NB1hZbGbGcdYB,3
2803,spotify:artist:6MnQV8O2R0Oci41F4HLB59,spotify:artist:2zTCLiQ8OUIWEyV6eZWzFy,3
2804,spotify:artist:6MnQV8O2R0Oci41F4HLB59,spotify:artist:72PnPUc1qv9UjRPaGVZ1jq,3
2805,spotify:artist:6MnQV8O2R0Oci41F4HLB59,spotify:artist:08w6KQXL60XUftg3Ds3177,3
2806,spotify:artist:6MnQV8O2R0Oci41F4HLB59,spotify:artist:0C8DFnoT192R5pDy0kRnrP,3
2807,spotify:artist:6MnQV8O2R0Oci41F4HLB59,spotify:artist:188gwh9RnRT58ZQPwqwHE3,3
2808,spotify:artist:6MnQV8O2R0Oci41F4HLB59,spotify:artist:5tgz5nUmXzQkGo7i0RczvC,3
2809,spotify:artist:6MnQV8O2R0Oci41F4HLB59,spotify:artist:2Lhs0asnFQiLuntn3s8p78,3
2810,spotify:artist:6MnQV8O2R0Oci41F4HLB59,spotify:artist:7EFfGZiKL1Ud3cspnlMq4H,3
2811,spotify:artist:6MnQV8O2R0Oci41F4HLB59,spotify:artist:70gvc4NvTwgBpEB1goYy8z,3
2812,spotify:artist:6MnQV8O2R0Oci41F4HLB59,spotify:artist:2k07pWgpJiFIbb9q1yJ36B,3
2813,spotify:artist:6MnQV8O2R0Oci41F4HLB59,spotify:artist:4T8Z2MuOWpnhGzTTSOz0Rj,3
2814,spotify:artist:6MnQV8O2R0Oci41F4HLB59,spotify:artist:37XGRhnYWhiV6o2jPB8nxt,3
2815,spotify:artist:6MnQV8O2R0Oci41F4HLB59,spotify:artist:0dpglhdTlof5BS5LX7uJmg,3
2816,spotify:artist:6MnQV8O2R0Oci41F4HLB59,spotify:artist:4tBNwdhdWAXGzzaPTp9dRE,3
2817,spotify:artist:6MnQV8O2R0Oci41F4HLB59,spotify:artist:3uQ5cxFHxXddqPL58egs1z,3
2818,spotify:artist:6MnQV8O2R0Oci41F4HLB59,spotify:artist:6vrwcJbfs2QyRtApdx1hXX,3
2819,spotify:artist:6MnQV8O2R0Oci41F4HLB59,spotify:artist:6M5FR3JkFFVDkgwtO6Vtz6,3
2820,spotify:artist:3Rdkj77BOQHj5dTLveCJvI,spotify:artist:2zTCLiQ8OUIWEyV6eZWzFy,3
2821,spotify:artist:3Rdkj77BOQHj5dTLveCJvI,spotify:artist:6MnQV8O2R0Oci41F4HLB59,3
2822,spotify:artist:3Rdkj77BOQHj5dTLveCJvI,spotify:artist:72PnPUc1qv9UjRPaGVZ1jq,3
2823,spotify:artist:3Rdkj77BOQHj5dTLveCJvI,spotify:artist:339qxEdD8z8okRAiTp1HKf,3
2824,spotify:artist:3Rdkj77BOQHj5dTLveCJvI,spotify:artist:2oAKV8mT3NB1hZbGbGcdYB,3
2825,spotify:artist:3Rdkj77BOQHj5dTLveCJvI,spotify:artist:37XGRhnYWhiV6o2jPB8nxt,3
2826,spotify:artist:3Rdkj77BOQHj5dTLveCJvI,spotify:artist:0TeVWuc8Sw05X4Qkl3AA5r,3
2827,spotify:artist:3Rdkj77BOQHj5dTLveCJvI,spotify:artist:188gwh9RnRT58ZQPwqwHE3,3
2828,spotify:artist:3Rdkj77BOQHj5dTLveCJvI,spotify:artist:2Lhs0asnFQiLuntn3s8p78,3
2829,spotify:artist:3Rdkj77BOQHj5dTLveCJvI,spotify:artist:2k07pWgpJiFIbb9q1yJ36B,3
2830,spotify:artist:3Rdkj77BOQHj5dTLveCJvI,spotify:artist:7EFfGZiKL1Ud3cspnlMq4H,3
2831,spotify:artist:3Rdkj77BOQHj5dTLveCJvI,spotify:artist:1Cc79YAHP7xvQAVQSjveP6,3
2832,spotify:artist:3Rdkj77BOQHj5dTLveCJvI,spotify:artist:3vidJsiALgVC5ZuweJgeDT,3
2833,spotify:artist:3Rdkj77BOQHj5dTLveCJvI,spotify:artist:3uQ5cxFHxXddqPL58egs1z,3
2834,spotify:artist:3Rdkj77BOQHj5dTLveCJvI,spotify:artist:2zAvisjImPICTNsRgagqlV,3
2835,spotify:artist:3Rdkj77BOQHj5dTLveCJvI,spotify:artist:1OmdWpAh1pucAuZPzJaxIJ,3
2836,spotify:artist:3Rdkj77BOQHj5dTLveCJvI,spotify:artist:08w6KQXL60XUftg3Ds3177,3
2837,spotify:artist:3Rdkj77BOQHj5dTLveCJvI,spotify:artist:0qt6QSruHshcWT9QOzyfZp,3
2838,spotify:artist:3Rdkj77BOQHj5dTLveCJvI,spotify:artist:4tBNwdhdWAXGzzaPTp9dRE,3
2839,spotify:artist:3Rdkj77BOQHj5dTLveCJvI,spotify:artist:4Ajgo7nAsTzjSFymIfBjZ1,3
2840,spotify:artist:6vrwcJbfs2QyRtApdx1hXX,spotify:artist:2zTCLiQ8OUIWEyV6eZWzFy,3
2841,spotify:artist:6vrwcJbfs2QyRtApdx1hXX,spotify:artist:3eKN3A1F9LHWa2fHo3m1rd,3
2842,spotify:artist:6vrwcJbfs2QyRtApdx1hXX,spotify:artist:0M02NJYkmh4eYhsKVAgVbJ,3
2843,spotify:artist:6vrwcJbfs2QyRtApdx1hXX,spotify:artist:0GkLlslI4LMVTTuUkyQp57,3
2844,spotify:artist:6vrwcJbfs2QyRtApdx1hXX,spotify:artist:2Plkkomsc4DKawkCioLKjc,3
2845,spotify:artist:6vrwcJbfs2QyRtApdx1hXX,spotify:artist:4tPRMBm25eaPJaceUBPqTK,3
2846,spotify:artist:6vrwcJbfs2QyRtApdx1hXX,spotify:artist:7AhDVqsNA5q46WKsRPXvoe,3
2847,spotify:artist:6vrwcJbfs2QyRtApdx1hXX,spotify:artist:4S0WYuq4dnunQV6cL3I49i,3
2848,spotify:artist:6vrwcJbfs2QyRtApdx1hXX,spotify:artist:0BLh5cn4nqfqoVUREx3hLj,3
2849,spotify:artist:6vrwcJbfs2QyRtApdx1hXX,spotify:artist:5U1pEBuiFLycsQ4mYP3nmK,3
2850,spotify:artist:6vrwcJbfs2QyRtApdx1hXX,spotify:artist:0tyLMmQvEuyQR4qjGBdbem,3
2851,spotify:artist:6vrwcJbfs2QyRtApdx1hXX,spotify:artist:2k07pWgpJiFIbb9q1yJ36B,3
2852,spotify:artist:6vrwcJbfs2QyRtApdx1hXX,spotify:artist:2rDxtYUzTAYJJE3Bl3Z5IN,3
2853,spotify:artist:6vrwcJbfs2QyRtApdx1hXX,spotify:artist:30WWg3c6Mtw9HhfwvAS0Rh,3
2854,spotify:artist:6vrwcJbfs2QyRtApdx1hXX,spotify:artist:1Cc79YAHP7xvQAVQSjveP6,3
2855,spotify:artist:6vrwcJbfs2QyRtApdx1hXX,spotify:artist:6BV1QOFqWihVnBllS5naPh,3
2856,spotify:artist:6vrwcJbfs2QyRtApdx1hXX,spotify:artist:339qxEdD8z8okRAiTp1HKf,3
2857,spotify:artist:6vrwcJbfs2QyRtApdx1hXX,spotify:artist:2UDplVRprMbazU74Hq8OLl,3
2858,spotify:artist:6vrwcJbfs2QyRtApdx1hXX,spotify:artist:27AzFtMZhRN78bAMPntbpF,3
2859,spotify:artist:6vrwcJbfs2QyRtApdx1hXX,spotify:artist:0TeVWuc8Sw05X4Qkl3AA5r,3
2860,spotify:artist:339qxEdD8z8okRAiTp1HKf,spotify:artist:2oAKV8mT3NB1hZbGbGcdYB,3
2861,spotify:artist:339qxEdD8z8okRAiTp1HKf,spotify:artist:6MnQV8O2R0Oci41F4HLB59,3
2862,spotify:artist:339qxEdD8z8okRAiTp1HKf,spotify:artist:3Rdkj77BOQHj5dTLveCJvI,3
2863,spotify:artist:339qxEdD8z8okRAiTp1HKf,spotify:artist:2zTCLiQ8OUIWEyV6eZWzFy,3
2864,spotify:artist:339qxEdD8z8okRAiTp1HKf,spotify:artist:2Lhs0asnFQiLuntn3s8p78,3
2865,spotify:artist:339qxEdD8z8okRAiTp1HKf,spotify:artist:5tgz5nUmXzQkGo7i0RczvC,3
2866,spotify:artist:339qxEdD8z8okRAiTp1HKf,spotify:artist:7EFfGZiKL1Ud3cspnlMq4H,3
2867,spotify:artist:339qxEdD8z8okRAiTp1HKf,spotify:artist:2k07pWgpJiFIbb9q1yJ36B,3
2868,spotify:artist:339qxEdD8z8okRAiTp1HKf,spotify:artist:08w6KQXL60XUftg3Ds3177,3
2869,spotify:artist:339qxEdD8z8okRAiTp1HKf,spotify:artist:72PnPUc1qv9UjRPaGVZ1jq,3
2870,spotify:artist:339qxEdD8z8okRAiTp1HKf,spotify:artist:1OmdWpAh1pucAuZPzJaxIJ,3
2871,spotify:artist:339qxEdD8z8okRAiTp1HKf,spotify:artist:188gwh9RnRT58ZQPwqwHE3,3
2872,spotify:artist:339qxEdD8z8okRAiTp1HKf,spotify:artist:70gvc4NvTwgBpEB1goYy8z,3
2873,spotify:artist:339qxEdD8z8okRAiTp1HKf,spotify:artist:6uHjKRsYGaElOrKWlSEji3,3
2874,spotify:artist:339qxEdD8z8okRAiTp1HKf,spotify:artist:3uQ5cxFHxXddqPL58egs1z,3
2875,spotify:artist:339qxEdD8z8okRAiTp1HKf,spotify:artist:2zAvisjImPICTNsRgagqlV,3
2876,spotify:artist:339qxEdD8z8okRAiTp1HKf,spotify:artist:4tBNwdhdWAXGzzaPTp9dRE,3
2877,spotify:artist:339qxEdD8z8okRAiTp1HKf,spotify:artist:0TeVWuc8Sw05X4Qkl3AA5r,3
2878,spotify:artist:339qxEdD8z8okRAiTp1HKf,spotify:artist:6M5FR3JkFFVDkgwtO6Vtz6,3
2879,spotify:artist:339qxEdD8z8okRAiTp1HKf,spotify:artist:3x0LgZSPgNh91O6NBMtqTs,3
2880,spotify:artist:3eKN3A1F9LHWa2fHo3m1rd,spotify:artist:30WWg3c6Mtw9HhfwvAS0Rh,3
2881,spotify:artist:3eKN3A1F9LHWa2fHo3m1rd,spotify:artist:0GkLlslI4LMVTTuUkyQp57,3
2882,spotify:artist:3eKN3A1F9LHWa2fHo3m1rd,spotify:artist:5U1pEBuiFLycsQ4mYP3nmK,3
2883,spotify:artist:3eKN3A1F9LHWa2fHo3m1rd,spotify:artist:6vrwcJbfs2QyRtApdx1hXX,3
2884,spotify:artist:3eKN3A1F9LHWa2fHo3m1rd,spotify:artist:2zTCLiQ8OUIWEyV6eZWzFy,3
2885,spotify:artist:3eKN3A1F9LHWa2fHo3m1rd,spotify:artist:4S0WYuq4dnunQV6cL3I49i,3
2886,spotify:artist:3eKN3A1F9LHWa2fHo3m1rd,spotify:artist:5JnjssuFBg104paXN0mKKn,3
2887,spotify:artist:3eKN3A1F9LHWa2fHo3m1rd,spotify:artist:4tPRMBm25eaPJaceUBPqTK,3
2888,spotify:artist:3eKN3A1F9LHWa2fHo3m1rd,spotify:artist:6NT250dl6zmfUpeToOwEQb,3
2889,spotify:artist:3eKN3A1F9LHWa2fHo3m1rd,spotify:artist:2Plkkomsc4DKawkCioLKjc,3
2890,spotify:artist:3eKN3A1F9LHWa2fHo3m1rd,spotify:artist:5qIewQM1fiHXXGFRSBpQvu,3
2891,spotify:artist:3eKN3A1F9LHWa2fHo3m1rd,spotify:artist:0BLh5cn4nqfqoVUREx3hLj,3
2892,spotify:artist:3eKN3A1F9LHWa2fHo3m1rd,spotify:artist:47oLtOqeDZeU4CU2Aq3M37,3
2893,spotify:artist:3eKN3A1F9LHWa2fHo3m1rd,spotify:artist:7AhDVqsNA5q46WKsRPXvoe,3
2894,spotify:artist:3eKN3A1F9LHWa2fHo3m1rd,spotify:artist:0M02NJYkmh4eYhsKVAgVbJ,3
2895,spotify:artist:3eKN3A1F9LHWa2fHo3m1rd,spotify:artist:1rXr1ZnvbRoYBaedIl9v4v,3
2896,spotify:artist:3eKN3A1F9LHWa2fHo3m1rd,spotify:artist:2k07pWgpJiFIbb9q1yJ36B,3
2897,spotify:artist:3eKN3A1F9LHWa2fHo3m1rd,spotify:artist:0tyLMmQvEuyQR4qjGBdbem,3
2898,spotify:artist:3eKN3A1F9LHWa2fHo3m1rd,spotify:artist:6reL7Hq6obyCxSqurc8i1D,3
2899,spotify:artist:3eKN3A1F9LHWa2fHo3m1rd,spotify:artist:6j9elOE3U0Fklu0ATR9nQ0,3
2900,spotify:artist:0BLh5cn4nqfqoVUREx3hLj,spotify:artist:2Plkkomsc4DKawkCioLKjc,3
2901,spotify:artist:0BLh5cn4nqfqoVUREx3hLj,spotify:artist:7AhDVqsNA5q46WKsRPXvoe,3
2902,spotify:artist:0BLh5cn4nqfqoVUREx3hLj,spotify:artist:4tPRMBm25eaPJaceUBPqTK,3
2903,spotify:artist:0BLh5cn4nqfqoVUREx3hLj,spotify:artist:2UDplVRprMbazU74Hq8OLl,3
2904,spotify:artist:0BLh5cn4nqfqoVUREx3hLj,spotify:artist:5U1pEBuiFLycsQ4mYP3nmK,3
2905,spotify:artist:0BLh5cn4nqfqoVUREx3hLj,spotify:artist:27AzFtMZhRN78bAMPntbpF,3
2906,spotify:artist:0BLh5cn4nqfqoVUREx3hLj,spotify:artist:1Cc79YAHP7xvQAVQSjveP6,3
2907,spotify:artist:0BLh5cn4nqfqoVUREx3hLj,spotify:artist:4S0WYuq4dnunQV6cL3I49i,3
2908,spotify:artist:0BLh5cn4nqfqoVUREx3hLj,spotify:artist:2zTCLiQ8OUIWEyV6eZWzFy,3
2909,spotify:artist:0BLh5cn4nqfqoVUREx3hLj,spotify:artist:2rDxtYUzTAYJJE3Bl3Z5IN,3
2910,spotify:artist:0BLh5cn4nqfqoVUREx3hLj,spotify:artist:0tyLMmQvEuyQR4qjGBdbem,3
2911,spotify:artist:0BLh5cn4nqfqoVUREx3hLj,spotify:artist:5YsFZtitLEPVCFjixwBIkW,3
2912,spotify:artist:0BLh5cn4nqfqoVUREx3hLj,spotify:artist:5GHv1pBOWOQxIE6WQBq88Q,3
2913,spotify:artist:0BLh5cn4nqfqoVUREx3hLj,spotify:artist:7k8oHbK8ratXIVlYX7fVRU,3
2914,spotify:artist:0BLh5cn4nqfqoVUREx3hLj,spotify:artist:6vrwcJbfs2QyRtApdx1hXX,3
2915,spotify:artist:0BLh5cn4nqfqoVUREx3hLj,spotify:artist:5JnjssuFBg104paXN0mKKn,3
2916,spotify:artist:0BLh5cn4nqfqoVUREx3hLj,spotify:artist:0M02NJYkmh4eYhsKVAgVbJ,3
2917,spotify:artist:0BLh5cn4nqfqoVUREx3hLj,spotify:artist:6zKkaqMGGmaKLUSLTcsrls,3
2918,spotify:artist:0BLh5cn4nqfqoVUREx3hLj,spotify:artist:6reL7Hq6obyCxSqurc8i1D,3
2919,spotify:artist:0BLh5cn4nqfqoVUREx3hLj,spotify:artist:0rZpNCCYOe06am554MyKRu,3
2920,spotify:artist:6qQpSCDIS4V5Md1sfgaCkh,spotify:artist:2zTCLiQ8OUIWEyV6eZWzFy,3
2921,spotify:artist:6qQpSCDIS4V5Md1sfgaCkh,spotify:artist:0rZpNCCYOe06am554MyKRu,3
2922,spotify:artist:6qQpSCDIS4V5Md1sfgaCkh,spotify:artist:3vidJsiALgVC5ZuweJgeDT,3
2923,spotify:artist:6qQpSCDIS4V5Md1sfgaCkh,spotify:artist:11ixEVNpyaaCW7VfC7fx8M,3
2924,spotify:artist:6qQpSCDIS4V5Md1sfgaCkh,spotify:artist:6zKkaqMGGmaKLUSLTcsrls,3
2925,spotify:artist:6qQpSCDIS4V5Md1sfgaCkh,spotify:artist:0GkLlslI4LMVTTuUkyQp57,3
2926,spotify:artist:6qQpSCDIS4V5Md1sfgaCkh,spotify:artist:7AhDVqsNA5q46WKsRPXvoe,3
2927,spotify:artist:6qQpSCDIS4V5Md1sfgaCkh,spotify:artist:0BLh5cn4nqfqoVUREx3hLj,3
2928,spotify:artist:6qQpSCDIS4V5Md1sfgaCkh,spotify:artist:73XRWWG1RmRSruCxzM69iK,3
2929,spotify:artist:6qQpSCDIS4V5Md1sfgaCkh,spotify:artist:0TeVWuc8Sw05X4Qkl3AA5r,3
2930,spotify:artist:6qQpSCDIS4V5Md1sfgaCkh,spotify:artist:4S0WYuq4dnunQV6cL3I49i,3
2931,spotify:artist:6qQpSCDIS4V5Md1sfgaCkh,spotify:artist:3eKN3A1F9LHWa2fHo3m1rd,3
2932,spotify:artist:6qQpSCDIS4V5Md1sfgaCkh,spotify:artist:3ltVtf7QHIwJBNQHqjb9UI,3
2933,spotify:artist:6qQpSCDIS4V5Md1sfgaCkh,spotify:artist:1Cc79YAHP7xvQAVQSjveP6,3
2934,spotify:artist:6qQpSCDIS4V5Md1sfgaCkh,spotify:artist:2UDplVRprMbazU74Hq8OLl,3
2935,spotify:artist:6qQpSCDIS4V5Md1sfgaCkh,spotify:artist:61YXt5O4gENijzfR9cjjSV,3
2936,spotify:artist:6qQpSCDIS4V5Md1sfgaCkh,spotify:artist:26mSNyxjAsV5HSb7vAHu1W,3
2937,spotify:artist:6qQpSCDIS4V5Md1sfgaCkh,spotify:artist:0M02NJYkmh4eYhsKVAgVbJ,3
2938,spotify:artist:6qQpSCDIS4V5Md1sfgaCkh,spotify:artist:4p5IivUAFtFlrvtVFnbK0l,3
2939,spotify:artist:6qQpSCDIS4V5Md1sfgaCkh,spotify:artist:03PGcrx7tRbp7oIfTGFsK3,3
2940,spotify:artist:2k07pWgpJiFIbb9q1yJ36B,spotify:artist:3uQ5cxFHxXddqPL58egs1z,3
2941,spotify:artist:2k07pWgpJiFIbb9q1yJ36B,spotify:artist:4tBNwdhdWAXGzzaPTp9dRE,3
2942,spotify:artist:2k07pWgpJiFIbb9q1yJ36B,spotify:artist:2l7DkzVuYJW700mR7r43un,3
2943,spotify:artist:2k07pWgpJiFIbb9q1yJ36B,spotify:artist:2zAvisjImPICTNsRgagqlV,3
2944,spotify:artist:2k07pWgpJiFIbb9q1yJ36B,spotify:artist:2zTCLiQ8OUIWEyV6eZWzFy,3
2945,spotify:artist:2k07pWgpJiFIbb9q1yJ36B,spotify:artist:339qxEdD8z8okRAiTp1HKf,3
2946,spotify:artist:2k07pWgpJiFIbb9q1yJ36B,spotify:artist:43qdXLql01k9JPTeqBG22H,3
2947,spotify:artist:2k07pWgpJiFIbb9q1yJ36B,spotify:artist:7EFfGZiKL1Ud3cspnlMq4H,3
2948,spotify:artist:2k07pWgpJiFIbb9q1yJ36B,spotify:artist:0qt6QSruHshcWT9QOzyfZp,3
2949,spotify:artist:2k07pWgpJiFIbb9q1yJ36B,spotify:artist:2Lhs0asnFQiLuntn3s8p78,3
2950,spotify:artist:2k07pWgpJiFIbb9q1yJ36B,spotify:artist:79JJCxCCfJ8HufX6w8q2k4,3
2951,spotify:artist:2k07pWgpJiFIbb9q1yJ36B,spotify:artist:4G0XDEk7RbA4BBCTs917U9,3
2952,spotify:artist:2k07pWgpJiFIbb9q1yJ36B,spotify:artist:0GkLlslI4LMVTTuUkyQp57,3
2953,spotify:artist:2k07pWgpJiFIbb9q1yJ36B,spotify:artist:2rDxtYUzTAYJJE3Bl3Z5IN,3
2954,spotify:artist:2k07pWgpJiFIbb9q1yJ36B,spotify:artist:6vrwcJbfs2QyRtApdx1hXX,3
2955,spotify:artist:2k07pWgpJiFIbb9q1yJ36B,spotify:artist:2EEw2tt8AJcH9qXUeB96Oc,3
2956,spotify:artist:2k07pWgpJiFIbb9q1yJ36B,spotify:artist:2ajVJyxI4sHmTMtTA3ENko,3
2957,spotify:artist:2k07pWgpJiFIbb9q1yJ36B,spotify:artist:2oAKV8mT3NB1hZbGbGcdYB,3
2958,spotify:artist:2k07pWgpJiFIbb9q1yJ36B,spotify:artist:57kIMCLPgkzQlXjblX7XXP,3
2959,spotify:artist:2k07pWgpJiFIbb9q1yJ36B,spotify:artist:6BV1QOFqWihVnBllS5naPh,3
2960,spotify:artist:2oAKV8mT3NB1hZbGbGcdYB,spotify:artist:339qxEdD8z8okRAiTp1HKf,3
2961,spotify:artist:2oAKV8mT3NB1hZbGbGcdYB,spotify:artist:6MnQV8O2R0Oci41F4HLB59,3
2962,spotify:artist:2oAKV8mT3NB1hZbGbGcdYB,spotify:artist:3Rdkj77BOQHj5dTLveCJvI,3
2963,spotify:artist:2oAKV8mT3NB1hZbGbGcdYB,spotify:artist:2Lhs0asnFQiLuntn3s8p78,3
2964,spotify:artist:2oAKV8mT3NB1hZbGbGcdYB,spotify:artist:5tgz5nUmXzQkGo7i0RczvC,3
2965,spotify:artist:2oAKV8mT3NB1hZbGbGcdYB,spotify:artist:2zTCLiQ8OUIWEyV6eZWzFy,3
2966,spotify:artist:2oAKV8mT3NB1hZbGbGcdYB,spotify:artist:7EFfGZiKL1Ud3cspnlMq4H,3
2967,spotify:artist:2oAKV8mT3NB1hZbGbGcdYB,spotify:artist:2k07pWgpJiFIbb9q1yJ36B,3
2968,spotify:artist:2oAKV8mT3NB1hZbGbGcdYB,spotify:artist:4tBNwdhdWAXGzzaPTp9dRE,3
2969,spotify:artist:2oAKV8mT3NB1hZbGbGcdYB,spotify:artist:70gvc4NvTwgBpEB1goYy8z,3
2970,spotify:artist:2oAKV8mT3NB1hZbGbGcdYB,spotify:artist:1OmdWpAh1pucAuZPzJaxIJ,3
2971,spotify:artist:2oAKV8mT3NB1hZbGbGcdYB,spotify:artist:2zAvisjImPICTNsRgagqlV,3
2972,spotify:artist:2oAKV8mT3NB1hZbGbGcdYB,spotify:artist:0TeVWuc8Sw05X4Qkl3AA5r,3
2973,spotify:artist:2oAKV8mT3NB1hZbGbGcdYB,spotify:artist:3uQ5cxFHxXddqPL58egs1z,3
2974,spotify:artist:2oAKV8mT3NB1hZbGbGcdYB,spotify:artist:2l7DkzVuYJW700mR7r43un,3
2975,spotify:artist:2oAKV8mT3NB1hZbGbGcdYB,spotify:artist:6M5FR3JkFFVDkgwtO6Vtz6,3
2976,spotify:artist:2oAKV8mT3NB1hZbGbGcdYB,spotify:artist:08w6KQXL60XUftg3Ds3177,3
2977,spotify:artist:2oAKV8mT3NB1hZbGbGcdYB,spotify:artist:72PnPUc1qv9UjRPaGVZ1jq,3
2978,spotify:artist:2oAKV8mT3NB1hZbGbGcdYB,spotify:artist:0qt6QSruHshcWT9QOzyfZp,3
2979,spotify:artist:2oAKV8mT3NB1hZbGbGcdYB,spotify:artist:2EEw2tt8AJcH9qXUeB96Oc,3
2980,spotify:artist:2Plkkomsc4DKawkCioLKjc,spotify:artist:2UDplVRprMbazU74Hq8OLl,3
2981,spotify:artist:2Plkkomsc4DKawkCioLKjc,spotify:artist:7AhDVqsNA5q46WKsRPXvoe,3
2982,spotify:artist:2Plkkomsc4DKawkCioLKjc,spotify:artist:0BLh5cn4nqfqoVUREx3hLj,3
2983,spotify:artist:2Plkkomsc4DKawkCioLKjc,spotify:artist:0tyLMmQvEuyQR4qjGBdbem,3
2984,spotify:artist:2Plkkomsc4DKawkCioLKjc,spotify:artist:5GHv1pBOWOQxIE6WQBq88Q,3
2985,spotify:artist:2Plkkomsc4DKawkCioLKjc,spotify:artist:27AzFtMZhRN78bAMPntbpF,3
2986,spotify:artist:2Plkkomsc4DKawkCioLKjc,spotify:artist:5YsFZtitLEPVCFjixwBIkW,3
2987,spotify:artist:2Plkkomsc4DKawkCioLKjc,spotify:artist:1rXr1ZnvbRoYBaedIl9v4v,3
2988,spotify:artist:2Plkkomsc4DKawkCioLKjc,spotify:artist:4S0WYuq4dnunQV6cL3I49i,3
2989,spotify:artist:2Plkkomsc4DKawkCioLKjc,spotify:artist:5U1pEBuiFLycsQ4mYP3nmK,3
2990,spotify:artist:2Plkkomsc4DKawkCioLKjc,spotify:artist:4tPRMBm25eaPJaceUBPqTK,3
2991,spotify:artist:2Plkkomsc4DKawkCioLKjc,spotify:artist:1Cc79YAHP7xvQAVQSjveP6,3
2992,spotify:artist:2Plkkomsc4DKawkCioLKjc,spotify:artist:2rDxtYUzTAYJJE3Bl3Z5IN,3
2993,spotify:artist:2Plkkomsc4DKawkCioLKjc,spotify:artist:3znXuXT3xkCtjgOxXBBVnq,3
2994,spotify:artist:2Plkkomsc4DKawkCioLKjc,spotify:artist:2zTCLiQ8OUIWEyV6eZWzFy,3
2995,spotify:artist:2Plkkomsc4DKawkCioLKjc,spotify:artist:3Q8wgwyVVv0z4UEh1HB0KY,3
2996,spotify:artist:2Plkkomsc4DKawkCioLKjc,spotify:artist:3Lg3FGwBxOGuefqekQzRUf,3
2997,spotify:artist:2Plkkomsc4DKawkCioLKjc,spotify:artist:6vrwcJbfs2QyRtApdx1hXX,3
2998,spotify:artist:2Plkkomsc4DKawkCioLKjc,spotify:artist:5JnjssuFBg104paXN0mKKn,3
2999,spotify:artist:2Plkkomsc4DKawkCioLKjc,spotify:artist:3vidJsiALgVC5ZuweJgeDT,3
3000,spotify:artist:1Cc79YAHP7xvQAVQSjveP6,spotify:artist:3vidJsiALgVC5ZuweJgeDT,3
3001,spotify:artist:1Cc79YAHP7xvQAVQSjveP6,spotify:artist:5YsFZtitLEPVCFjixwBIkW,3
3002,spotify:artist:1Cc79YAHP7xvQAVQSjveP6,spotify:artist:5U1pEBuiFLycsQ4mYP3nmK,3
3003,spotify:artist:1Cc79YAHP7xvQAVQSjveP6,spotify:artist:7AhDVqsNA5q46WKsRPXvoe,3
3004,spotify:artist:1Cc79YAHP7xvQAVQSjveP6,spotify:artist:4S0WYuq4dnunQV6cL3I49i,3
3005,spotify:artist:1Cc79YAHP7xvQAVQSjveP6,spotify:artist:0BLh5cn4nqfqoVUREx3hLj,3
3006,spotify:artist:1Cc79YAHP7xvQAVQSjveP6,spotify:artist:2Plkkomsc4DKawkCioLKjc,3
3007,spotify:artist:1Cc79YAHP7xvQAVQSjveP6,spotify:artist:2gk28RNJaPStV8BnugHYpF,3
3008,spotify:artist:1Cc79YAHP7xvQAVQSjveP6,spotify:artist:6uXJm6sZx9IVPrN2laTOP5,3
3009,spotify:artist:1Cc79YAHP7xvQAVQSjveP6,spotify:artist:27AzFtMZhRN78bAMPntbpF,3
3010,spotify:artist:1Cc79YAHP7xvQAVQSjveP6,spotify:artist:2UDplVRprMbazU74Hq8OLl,3
3011,spotify:artist:1Cc79YAHP7xvQAVQSjveP6,spotify:artist:0l5iOYpiSkQFYR3uPNoMDe,3
3012,spotify:artist:1Cc79YAHP7xvQAVQSjveP6,spotify:artist:6zKkaqMGGmaKLUSLTcsrls,3
3013,spotify:artist:1Cc79YAHP7xvQAVQSjveP6,spotify:artist:61YXt5O4gENijzfR9cjjSV,3
3014,spotify:artist:1Cc79YAHP7xvQAVQSjveP6,spotify:artist:2zTCLiQ8OUIWEyV6eZWzFy,3
3015,spotify:artist:1Cc79YAHP7xvQAVQSjveP6,spotify:artist:1QSEKTN8PPjVzniAkpJ90p,3
3016,spotify:artist:1Cc79YAHP7xvQAVQSjveP6,spotify:artist:1rXr1ZnvbRoYBaedIl9v4v,3
3017,spotify:artist:1Cc79YAHP7xvQAVQSjveP6,spotify:artist:6RwBVkrxTbbtS4bwxYQXcp,3
3018,spotify:artist:1Cc79YAHP7xvQAVQSjveP6,spotify:artist:0tyLMmQvEuyQR4qjGBdbem,3
3019,spotify:artist:1Cc79YAHP7xvQAVQSjveP6,spotify:artist:3znXuXT3xkCtjgOxXBBVnq,3
3020,spotify:artist:0GkLlslI4LMVTTuUkyQp57,spotify:artist:30WWg3c6Mtw9HhfwvAS0Rh,3
3021,spotify:artist:0GkLlslI4LMVTTuUkyQp57,spotify:artist:3eKN3A1F9LHWa2fHo3m1rd,3
3022,spotify:artist:0GkLlslI4LMVTTuUkyQp57,spotify:artist:2zTCLiQ8OUIWEyV6eZWzFy,3
3023,spotify:artist:0GkLlslI4LMVTTuUkyQp57,spotify:artist:6vrwcJbfs2QyRtApdx1hXX,3
3024,spotify:artist:0GkLlslI4LMVTTuUkyQp57,spotify:artist:2k07pWgpJiFIbb9q1yJ36B,3
3025,spotify:artist:0GkLlslI4LMVTTuUkyQp57,spotify:artist:4tBNwdhdWAXGzzaPTp9dRE,3
3026,spotify:artist:0GkLlslI4LMVTTuUkyQp57,spotify:artist:43qdXLql01k9JPTeqBG22H,3
3027,spotify:artist:0GkLlslI4LMVTTuUkyQp57,spotify:artist:5U1pEBuiFLycsQ4mYP3nmK,3
3028,spotify:artist:0GkLlslI4LMVTTuUkyQp57,spotify:artist:6BV1QOFqWihVnBllS5naPh,3
3029,spotify:artist:0GkLlslI4LMVTTuUkyQp57,spotify:artist:4tPRMBm25eaPJaceUBPqTK,3
3030,spotify:artist:0GkLlslI4LMVTTuUkyQp57,spotify:artist:2rDxtYUzTAYJJE3Bl3Z5IN,3
3031,spotify:artist:0GkLlslI4LMVTTuUkyQp57,spotify:artist:5JnjssuFBg104paXN0mKKn,3
3032,spotify:artist:0GkLlslI4LMVTTuUkyQp57,spotify:artist:4l8UbJGiXxbfyDJPvcVH23,3
3033,spotify:artist:0GkLlslI4LMVTTuUkyQp57,spotify:artist:6qQpSCDIS4V5Md1sfgaCkh,3
3034,spotify:artist:0GkLlslI4LMVTTuUkyQp57,spotify:artist:7EFfGZiKL1Ud3cspnlMq4H,3
3035,spotify:artist:0GkLlslI4LMVTTuUkyQp57,spotify:artist:1Ga71MIHyTN9VVuEtW57GK,3
3036,spotify:artist:0GkLlslI4LMVTTuUkyQp57,spotify:artist:0t4oHObO3FImWvIhMimaSL,3
3037,spotify:artist:0GkLlslI4LMVTTuUkyQp57,spotify:artist:3uQ5cxFHxXddqPL58egs1z,3
3038,spotify:artist:0GkLlslI4LMVTTuUkyQp57,spotify:artist:0BLh5cn4nqfqoVUREx3hLj,3
3039,spotify:artist:0GkLlslI4LMVTTuUkyQp57,spotify:artist:0TeVWuc8Sw05X4Qkl3AA5r,3
3040,spotify:artist:2UDplVRprMbazU74Hq8OLl,spotify:artist:2Plkkomsc4DKawkCioLKjc,3
3041,spotify:artist:2UDplVRprMbazU74Hq8OLl,spotify:artist:7AhDVqsNA5q46WKsRPXvoe,3
3042,spotify:artist:2UDplVRprMbazU74Hq8OLl,spotify:artist:0BLh5cn4nqfqoVUREx3hLj,3
3043,spotify:artist:2UDplVRprMbazU74Hq8OLl,spotify:artist:0tyLMmQvEuyQR4qjGBdbem,3
3044,spotify:artist:2UDplVRprMbazU74Hq8OLl,spotify:artist:27AzFtMZhRN78bAMPntbpF,3
3045,spotify:artist:2UDplVRprMbazU74Hq8OLl,spotify:artist:5YsFZtitLEPVCFjixwBIkW,3
3046,spotify:artist:2UDplVRprMbazU74Hq8OLl,spotify:artist:1Cc79YAHP7xvQAVQSjveP6,3
3047,spotify:artist:2UDplVRprMbazU74Hq8OLl,spotify:artist:5GHv1pBOWOQxIE6WQBq88Q,3
3048,spotify:artist:2UDplVRprMbazU74Hq8OLl,spotify:artist:1rXr1ZnvbRoYBaedIl9v4v,3
3049,spotify:artist:2UDplVRprMbazU74Hq8OLl,spotify:artist:3vidJsiALgVC5ZuweJgeDT,3
3050,spotify:artist:2UDplVRprMbazU74Hq8OLl,spotify:artist:2zTCLiQ8OUIWEyV6eZWzFy,3
3051,spotify:artist:2UDplVRprMbazU74Hq8OLl,spotify:artist:6zKkaqMGGmaKLUSLTcsrls,3
3052,spotify:artist:2UDplVRprMbazU74Hq8OLl,spotify:artist:60ht0hWRy1yjUDfNsLuHuP,3
3053,spotify:artist:2UDplVRprMbazU74Hq8OLl,spotify:artist:2rDxtYUzTAYJJE3Bl3Z5IN,3
3054,spotify:artist:2UDplVRprMbazU74Hq8OLl,spotify:artist:3znXuXT3xkCtjgOxXBBVnq,3
3055,spotify:artist:2UDplVRprMbazU74Hq8OLl,spotify:artist:4S0WYuq4dnunQV6cL3I49i,3
3056,spotify:artist:2UDplVRprMbazU74Hq8OLl,spotify:artist:0TeVWuc8Sw05X4Qkl3AA5r,3
3057,spotify:artist:2UDplVRprMbazU74Hq8OLl,spotify:artist:0rZpNCCYOe06am554MyKRu,3
3058,spotify:artist:2UDplVRprMbazU74Hq8OLl,spotify:artist:2qc41rNTtdLK0tV3mJn2Pm,3
3059,spotify:artist:2UDplVRprMbazU74Hq8OLl,spotify:artist:7x4So74vIUx3DaLk93JCFf,3
3060,spotify:artist:3vidJsiALgVC5ZuweJgeDT,spotify:artist:1Cc79YAHP7xvQAVQSjveP6,3
3061,spotify:artist:3vidJsiALgVC5ZuweJgeDT,spotify:artist:0TeVWuc8Sw05X4Qkl3AA5r,3
3062,spotify:artist:3vidJsiALgVC5ZuweJgeDT,spotify:artist:0rZpNCCYOe06am554MyKRu,3
3063,spotify:artist:3vidJsiALgVC5ZuweJgeDT,spotify:artist:5YsFZtitLEPVCFjixwBIkW,3
3064,spotify:artist:3vidJsiALgVC5ZuweJgeDT,spotify:artist:0BLh5cn4nqfqoVUREx3hLj,3
3065,spotify:artist:3vidJsiALgVC5ZuweJgeDT,spotify:artist:771bZ8ZHkvOqkI7baL68X3,3
3066,spotify:artist:3vidJsiALgVC5ZuweJgeDT,spotify:artist:2zTCLiQ8OUIWEyV6eZWzFy,3
3067,spotify:artist:3vidJsiALgVC5ZuweJgeDT,spotify:artist:7AhDVqsNA5q46WKsRPXvoe,3
3068,spotify:artist:3vidJsiALgVC5ZuweJgeDT,spotify:artist:42chtGdwnAdG2TECndse7J,3
3069,spotify:artist:3vidJsiALgVC5ZuweJgeDT,spotify:artist:2UDplVRprMbazU74Hq8OLl,3
3070,spotify:artist:3vidJsiALgVC5ZuweJgeDT,spotify:artist:26mSNyxjAsV5HSb7vAHu1W,3
3071,spotify:artist:3vidJsiALgVC5ZuweJgeDT,spotify:artist:6zKkaqMGGmaKLUSLTcsrls,3
3072,spotify:artist:3vidJsiALgVC5ZuweJgeDT,spotify:artist:1QSEKTN8PPjVzniAkpJ90p,3
3073,spotify:artist:3vidJsiALgVC5ZuweJgeDT,spotify:artist:61YXt5O4gENijzfR9cjjSV,3
3074,spotify:artist:3vidJsiALgVC5ZuweJgeDT,spotify:artist:3WNuXg2cfUF1m2ol7bh5ff,3
3075,spotify:artist:3vidJsiALgVC5ZuweJgeDT,spotify:artist:2Plkkomsc4DKawkCioLKjc,3
3076,spotify:artist:3vidJsiALgVC5ZuweJgeDT,spotify:artist:3znXuXT3xkCtjgOxXBBVnq,3
3077,spotify:artist:3vidJsiALgVC5ZuweJgeDT,spotify:artist:1rXr1ZnvbRoYBaedIl9v4v,3
3078,spotify:artist:3vidJsiALgVC5ZuweJgeDT,spotify:artist:7caMdiwqwg1WefL7Jjm23M,3
3079,spotify:artist:3vidJsiALgVC5ZuweJgeDT,spotify:artist:4S0WYuq4dnunQV6cL3I49i,3
3080,spotify:artist:0rZpNCCYOe06am554MyKRu,spotify:artist:6qQpSCDIS4V5Md1sfgaCkh,3
3081,spotify:artist:0rZpNCCYOe06am554MyKRu,spotify:artist:3vidJsiALgVC5ZuweJgeDT,3
3082,spotify:artist:0rZpNCCYOe06am554MyKRu,spotify:artist:2zTCLiQ8OUIWEyV6eZWzFy,3
3083,spotify:artist:0rZpNCCYOe06am554MyKRu,spotify:artist:4S0WYuq4dnunQV6cL3I49i,3
3084,spotify:artist:0rZpNCCYOe06am554MyKRu,spotify:artist:6zKkaqMGGmaKLUSLTcsrls,3
3085,spotify:artist:0rZpNCCYOe06am554MyKRu,spotify:artist:0BLh5cn4nqfqoVUREx3hLj,3
3086,spotify:artist:0rZpNCCYOe06am554MyKRu,spotify:artist:1Cc79YAHP7xvQAVQSjveP6,3
3087,spotify:artist:0rZpNCCYOe06am554MyKRu,spotify:artist:7AhDVqsNA5q46WKsRPXvoe,3
3088,spotify:artist:0rZpNCCYOe06am554MyKRu,spotify:artist:2UDplVRprMbazU74Hq8OLl,3
3089,spotify:artist:0rZpNCCYOe06am554MyKRu,spotify:artist:0TeVWuc8Sw05X4Qkl3AA5r,3
3090,spotify:artist:0rZpNCCYOe06am554MyKRu,spotify:artist:5YsFZtitLEPVCFjixwBIkW,3
3091,spotify:artist:0rZpNCCYOe06am554MyKRu,spotify:artist:0tyLMmQvEuyQR4qjGBdbem,3
3092,spotify:artist:0rZpNCCYOe06am554MyKRu,spotify:artist:5idHaEmJbiGTZ2MBmhmGMV,3
3093,spotify:artist:0rZpNCCYOe06am554MyKRu,spotify:artist:2Plkkomsc4DKawkCioLKjc,3
3094,spotify:artist:0rZpNCCYOe06am554MyKRu,spotify:artist:5JnjssuFBg104paXN0mKKn,3
3095,spotify:artist:0rZpNCCYOe06am554MyKRu,spotify:artist:3znXuXT3xkCtjgOxXBBVnq,3
3096,spotify:artist:0rZpNCCYOe06am554MyKRu,spotify:artist:5GHv1pBOWOQxIE6WQBq88Q,3
3097,spotify:artist:0rZpNCCYOe06am554MyKRu,spotify:artist:1rXr1ZnvbRoYBaedIl9v4v,3
3098,spotify:artist:0rZpNCCYOe06am554MyKRu,spotify:artist:7MnItka0A4PsGNVzO7Ad0T,3
3099,spotify:artist:0rZpNCCYOe06am554MyKRu,spotify:artist:2rDxtYUzTAYJJE3Bl3Z5IN,3
3100,spotify:artist:0M02NJYkmh4eYhsKVAgVbJ,spotify:artist:0BLh5cn4nqfqoVUREx3hLj,3
3101,spotify:artist:0M02NJYkmh4eYhsKVAgVbJ,spotify:artist:6vrwcJbfs2QyRtApdx1hXX,3
3102,spotify:artist:0M02NJYkmh4eYhsKVAgVbJ,spotify:artist:2zTCLiQ8OUIWEyV6eZWzFy,3
3103,spotify:artist:0M02NJYkmh4eYhsKVAgVbJ,spotify:artist:4tPRMBm25eaPJaceUBPqTK,3
3104,spotify:artist:0M02NJYkmh4eYhsKVAgVbJ,spotify:artist:2Plkkomsc4DKawkCioLKjc,3
3105,spotify:artist:0M02NJYkmh4eYhsKVAgVbJ,spotify:artist:2UDplVRprMbazU74Hq8OLl,3
3106,spotify:artist:0M02NJYkmh4eYhsKVAgVbJ,spotify:artist:1M7LzCFWQ3rTLiUsD6qSST,3
3107,spotify:artist:0M02NJYkmh4eYhsKVAgVbJ,spotify:artist:3eKN3A1F9LHWa2fHo3m1rd,3
3108,spotify:artist:0M02NJYkmh4eYhsKVAgVbJ,spotify:artist:5U1pEBuiFLycsQ4mYP3nmK,3
3109,spotify:artist:0M02NJYkmh4eYhsKVAgVbJ,spotify:artist:7AhDVqsNA5q46WKsRPXvoe,3
3110,spotify:artist:0M02NJYkmh4eYhsKVAgVbJ,spotify:artist:6qQpSCDIS4V5Md1sfgaCkh,3
3111,spotify:artist:0M02NJYkmh4eYhsKVAgVbJ,spotify:artist:4S0WYuq4dnunQV6cL3I49i,3
3112,spotify:artist:0M02NJYkmh4eYhsKVAgVbJ,spotify:artist:1W6z6i8gjySesldcmxtsAW,3
3113,spotify:artist:0M02NJYkmh4eYhsKVAgVbJ,spotify:artist:3x0LgZSPgNh91O6NBMtqTs,3
3114,spotify:artist:0M02NJYkmh4eYhsKVAgVbJ,spotify:artist:0tyLMmQvEuyQR4qjGBdbem,3
3115,spotify:artist:0M02NJYkmh4eYhsKVAgVbJ,spotify:artist:6JjE9yVvCNV5EbUpvS7JcQ,3
3116,spotify:artist:0M02NJYkmh4eYhsKVAgVbJ,spotify:artist:1CgvL3gASrnuI8SKXr8K7F,3
3117,spotify:artist:0M02NJYkmh4eYhsKVAgVbJ,spotify:artist:1Cc79YAHP7xvQAVQSjveP6,3
3118,spotify:artist:0M02NJYkmh4eYhsKVAgVbJ,spotify:artist:0GkLlslI4LMVTTuUkyQp57,3
3119,spotify:artist:0M02NJYkmh4eYhsKVAgVbJ,spotify:artist:2rDxtYUzTAYJJE3Bl3Z5IN,3
3120,spotify:artist:4Ajgo7nAsTzjSFymIfBjZ1,spotify:artist:3rT8xTwSOMDURtWpPyoKIO,3
3121,spotify:artist:4Ajgo7nAsTzjSFymIfBjZ1,spotify:artist:4l8UbJGiXxbfyDJPvcVH23,3
3122,spotify:artist:4Ajgo7nAsTzjSFymIfBjZ1,spotify:artist:3znXuXT3xkCtjgOxXBBVnq,3
3123,spotify:artist:4Ajgo7nAsTzjSFymIfBjZ1,spotify:artist:6igfLpd8s6DBBAuwebRUuo,3
3124,spotify:artist:4Ajgo7nAsTzjSFymIfBjZ1,spotify:artist:2rDxtYUzTAYJJE3Bl3Z5IN,3
3125,spotify:artist:4Ajgo7nAsTzjSFymIfBjZ1,spotify:artist:17cssIaAwAcgC9nZZliixv,3
3126,spotify:artist:4Ajgo7nAsTzjSFymIfBjZ1,spotify:artist:2zTCLiQ8OUIWEyV6eZWzFy,3
3127,spotify:artist:4Ajgo7nAsTzjSFymIfBjZ1,spotify:artist:2k07pWgpJiFIbb9q1yJ36B,3
3128,spotify:artist:4Ajgo7nAsTzjSFymIfBjZ1,spotify:artist:72XY3HrDdFfZXNZFCT9Zh1,3
3129,spotify:artist:4Ajgo7nAsTzjSFymIfBjZ1,spotify:artist:27aJr79YUyfK5ZrcFxF5u0,3
3130,spotify:artist:4Ajgo7nAsTzjSFymIfBjZ1,spotify:artist:6nXSnNEdLuKTzAQozRtqiI,3
3131,spotify:artist:4Ajgo7nAsTzjSFymIfBjZ1,spotify:artist:2OOAWkt15smEKXtNNLtaNG,3
3132,spotify:artist:4Ajgo7nAsTzjSFymIfBjZ1,spotify:artist:7wcYEfyBTrH0iT6J4PgSTj,3
3133,spotify:artist:4Ajgo7nAsTzjSFymIfBjZ1,spotify:artist:5au2vhHl8DViD9PUxUZBTb,3
3134,spotify:artist:4Ajgo7nAsTzjSFymIfBjZ1,spotify:artist:2BoOe7KEtWpXqnfs8yaj1V,3
3135,spotify:artist:4Ajgo7nAsTzjSFymIfBjZ1,spotify:artist:2Plkkomsc4DKawkCioLKjc,3
3136,spotify:artist:4Ajgo7nAsTzjSFymIfBjZ1,spotify:artist:1rXr1ZnvbRoYBaedIl9v4v,3
3137,spotify:artist:4Ajgo7nAsTzjSFymIfBjZ1,spotify:artist:57kIMCLPgkzQlXjblX7XXP,3
3138,spotify:artist:4Ajgo7nAsTzjSFymIfBjZ1,spotify:artist:2Z7gV3uEh1ckIaBzTUCE6R,3
3139,spotify:artist:4Ajgo7nAsTzjSFymIfBjZ1,spotify:artist:1M3BVQ36cqPQix8lQNCh4K,3
3140,spotify:artist:0tyLMmQvEuyQR4qjGBdbem,spotify:artist:2Plkkomsc4DKawkCioLKjc,3
3141,spotify:artist:0tyLMmQvEuyQR4qjGBdbem,spotify:artist:5GHv1pBOWOQxIE6WQBq88Q,3
3142,spotify:artist:0tyLMmQvEuyQR4qjGBdbem,spotify:artist:2qc41rNTtdLK0tV3mJn2Pm,3
3143,spotify:artist:0tyLMmQvEuyQR4qjGBdbem,spotify:artist:7AhDVqsNA5q46WKsRPXvoe,3
3144,spotify:artist:0tyLMmQvEuyQR4qjGBdbem,spotify:artist:2UDplVRprMbazU74Hq8OLl,3
3145,spotify:artist:0tyLMmQvEuyQR4qjGBdbem,spotify:artist:27AzFtMZhRN78bAMPntbpF,3
3146,spotify:artist:0tyLMmQvEuyQR4qjGBdbem,spotify:artist:1rXr1ZnvbRoYBaedIl9v4v,3
3147,spotify:artist:0tyLMmQvEuyQR4qjGBdbem,spotify:artist:0BLh5cn4nqfqoVUREx3hLj,3
3148,spotify:artist:0tyLMmQvEuyQR4qjGBdbem,spotify:artist:3Lg3FGwBxOGuefqekQzRUf,3
3149,spotify:artist:0tyLMmQvEuyQR4qjGBdbem,spotify:artist:3Q8wgwyVVv0z4UEh1HB0KY,3
3150,spotify:artist:0tyLMmQvEuyQR4qjGBdbem,spotify:artist:6zKkaqMGGmaKLUSLTcsrls,3
3151,spotify:artist:0tyLMmQvEuyQR4qjGBdbem,spotify:artist:3znXuXT3xkCtjgOxXBBVnq,3
3152,spotify:artist:0tyLMmQvEuyQR4qjGBdbem,spotify:artist:4S0WYuq4dnunQV6cL3I49i,3
3153,spotify:artist:0tyLMmQvEuyQR4qjGBdbem,spotify:artist:5U1pEBuiFLycsQ4mYP3nmK,3
3154,spotify:artist:0tyLMmQvEuyQR4qjGBdbem,spotify:artist:2zTCLiQ8OUIWEyV6eZWzFy,3
3155,spotify:artist:0tyLMmQvEuyQR4qjGBdbem,spotify:artist:1Cc79YAHP7xvQAVQSjveP6,3
3156,spotify:artist:0tyLMmQvEuyQR4qjGBdbem,spotify:artist:5YsFZtitLEPVCFjixwBIkW,3
3157,spotify:artist:0tyLMmQvEuyQR4qjGBdbem,spotify:artist:5JnjssuFBg104paXN0mKKn,3
3158,spotify:artist:0tyLMmQvEuyQR4qjGBdbem,spotify:artist:4tPRMBm25eaPJaceUBPqTK,3
3159,spotify:artist:0tyLMmQvEuyQR4qjGBdbem,spotify:artist:2rDxtYUzTAYJJE3Bl3Z5IN,3
3160,spotify:artist:7AhDVqsNA5q46WKsRPXvoe,spotify:artist:5U1pEBuiFLycsQ4mYP3nmK,3
3161,spotify:artist:7AhDVqsNA5q46WKsRPXvoe,spotify:artist:4tPRMBm25eaPJaceUBPqTK,3
3162,spotify:artist:7AhDVqsNA5q46WKsRPXvoe,spotify:artist:2Plkkomsc4DKawkCioLKjc,3
3163,spotify:artist:7AhDVqsNA5q46WKsRPXvoe,spotify:artist:5YsFZtitLEPVCFjixwBIkW,3
3164,spotify:artist:7AhDVqsNA5q46WKsRPXvoe,spotify:artist:4S0WYuq4dnunQV6cL3I49i,3
3165,spotify:artist:7AhDVqsNA5q46WKsRPXvoe,spotify:artist:2UDplVRprMbazU74Hq8OLl,3
3166,spotify:artist:7AhDVqsNA5q46WKsRPXvoe,spotify:artist:0BLh5cn4nqfqoVUREx3hLj,3
3167,spotify:artist:7AhDVqsNA5q46WKsRPXvoe,spotify:artist:27AzFtMZhRN78bAMPntbpF,3
3168,spotify:artist:7AhDVqsNA5q46WKsRPXvoe,spotify:artist:1rXr1ZnvbRoYBaedIl9v4v,3
3169,spotify:artist:7AhDVqsNA5q46WKsRPXvoe,spotify:artist:0tyLMmQvEuyQR4qjGBdbem,3
3170,spotify:artist:7AhDVqsNA5q46WKsRPXvoe,spotify:artist:1Cc79YAHP7xvQAVQSjveP6,3
3171,spotify:artist:7AhDVqsNA5q46WKsRPXvoe,spotify:artist:2gk28RNJaPStV8BnugHYpF,3
3172,spotify:artist:7AhDVqsNA5q46WKsRPXvoe,spotify:artist:3Lg3FGwBxOGuefqekQzRUf,3
3173,spotify:artist:7AhDVqsNA5q46WKsRPXvoe,spotify:artist:5JnjssuFBg104paXN0mKKn,3
3174,spotify:artist:7AhDVqsNA5q46WKsRPXvoe,spotify:artist:3Q8wgwyVVv0z4UEh1HB0KY,3
3175,spotify:artist:7AhDVqsNA5q46WKsRPXvoe,spotify:artist:5GHv1pBOWOQxIE6WQBq88Q,3
3176,spotify:artist:7AhDVqsNA5q46WKsRPXvoe,spotify:artist:3znXuXT3xkCtjgOxXBBVnq,3
3177,spotify:artist:7AhDVqsNA5q46WKsRPXvoe,spotify:artist:3vidJsiALgVC5ZuweJgeDT,3
3178,spotify:artist:7AhDVqsNA5q46WKsRPXvoe,spotify:artist:2zTCLiQ8OUIWEyV6eZWzFy,3
3179,spotify:artist:7AhDVqsNA5q46WKsRPXvoe,spotify:artist:6zKkaqMGGmaKLUSLTcsrls,3
3180,spotify:artist:5U1pEBuiFLycsQ4mYP3nmK,spotify:artist:4S0WYuq4dnunQV6cL3I49i,3
3181,spotify:artist:5U1pEBuiFLycsQ4mYP3nmK,spotify:artist:2iTVeMpLAHabMDCNRHsSMR,3
3182,spotify:artist:5U1pEBuiFLycsQ4mYP3nmK,spotify:artist:47oLtOqeDZeU4CU2Aq3M37,3
3183,spotify:artist:5U1pEBuiFLycsQ4mYP3nmK,spotify:artist:5JnjssuFBg104paXN0mKKn,3
3184,spotify:artist:5U1pEBuiFLycsQ4mYP3nmK,spotify:artist:5YsFZtitLEPVCFjixwBIkW,3
3185,spotify:artist:5U1pEBuiFLycsQ4mYP3nmK,spotify:artist:0KQVjH9r0Xz94gazeaYabh,3
3186,spotify:artist:5U1pEBuiFLycsQ4mYP3nmK,spotify:artist:6NT250dl6zmfUpeToOwEQb,3
3187,spotify:artist:5U1pEBuiFLycsQ4mYP3nmK,spotify:artist:7AhDVqsNA5q46WKsRPXvoe,3
3188,spotify:artist:5U1pEBuiFLycsQ4mYP3nmK,spotify:artist:3eKN3A1F9LHWa2fHo3m1rd,3
3189,spotify:artist:5U1pEBuiFLycsQ4mYP3nmK,spotify:artist:2gk28RNJaPStV8BnugHYpF,3
3190,spotify:artist:5U1pEBuiFLycsQ4mYP3nmK,spotify:artist:27AzFtMZhRN78bAMPntbpF,3
3191,spotify:artist:5U1pEBuiFLycsQ4mYP3nmK,spotify:artist:5qIewQM1fiHXXGFRSBpQvu,3
3192,spotify:artist:5U1pEBuiFLycsQ4mYP3nmK,spotify:artist:1rXr1ZnvbRoYBaedIl9v4v,3
3193,spotify:artist:5U1pEBuiFLycsQ4mYP3nmK,spotify:artist:5KQfmZXSSvisByWRzGuOwz,3
3194,spotify:artist:5U1pEBuiFLycsQ4mYP3nmK,spotify:artist:646DskO9l0MxMJij1TozrG,3
3195,spotify:artist:5U1pEBuiFLycsQ4mYP3nmK,spotify:artist:7tbC7I6TeQnpmob12witJn,3
3196,spotify:artist:5U1pEBuiFLycsQ4mYP3nmK,spotify:artist:2Plkkomsc4DKawkCioLKjc,3
3197,spotify:artist:5U1pEBuiFLycsQ4mYP3nmK,spotify:artist:4tPRMBm25eaPJaceUBPqTK,3
3198,spotify:artist:5U1pEBuiFLycsQ4mYP3nmK,spotify:artist:0BLh5cn4nqfqoVUREx3hLj,3
3199,spotify:artist:5U1pEBuiFLycsQ4mYP3nmK,spotify:artist:1Cc79YAHP7xvQAVQSjveP6,3
3200,spotify:artist:4G0XDEk7RbA4BBCTs917U9,spotify:artist:0qt6QSruHshcWT9QOzyfZp,3
3201,spotify:artist:4G0XDEk7RbA4BBCTs917U9,spotify:artist:2GATzeg62cr6sH29wSOVWe,3
3202,spotify:artist:4G0XDEk7RbA4BBCTs917U9,spotify:artist:3uQ5cxFHxXddqPL58egs1z,3
3203,spotify:artist:4G0XDEk7RbA4BBCTs917U9,spotify:artist:2zAvisjImPICTNsRgagqlV,3
3204,spotify:artist:4G0XDEk7RbA4BBCTs917U9,spotify:artist:79JJCxCCfJ8HufX6w8q2k4,3
3205,spotify:artist:4G0XDEk7RbA4BBCTs917U9,spotify:artist:2ajVJyxI4sHmTMtTA3ENko,3
3206,spotify:artist:4G0XDEk7RbA4BBCTs917U9,spotify:artist:4tBNwdhdWAXGzzaPTp9dRE,3
3207,spotify:artist:4G0XDEk7RbA4BBCTs917U9,spotify:artist:2k07pWgpJiFIbb9q1yJ36B,3
3208,spotify:artist:4G0XDEk7RbA4BBCTs917U9,spotify:artist:0wz0jO9anccPzH04N7FLBH,3
3209,spotify:artist:4G0XDEk7RbA4BBCTs917U9,spotify:artist:4Sw0SFu1fFdYXdAEVdrqnO,3
3210,spotify:artist:4G0XDEk7RbA4BBCTs917U9,spotify:artist:2Lhs0asnFQiLuntn3s8p78,3
3211,spotify:artist:4G0XDEk7RbA4BBCTs917U9,spotify:artist:7gqsi6aBSkRMJoL9psKqMr,3
3212,spotify:artist:4G0XDEk7RbA4BBCTs917U9,spotify:artist:5VnYwYnG7QmpzQtxyubIwh,3
3213,spotify:artist:4G0XDEk7RbA4BBCTs917U9,spotify:artist:64tVHZVSAZhDEiOJxnb6hE,3
3214,spotify:artist:4G0XDEk7RbA4BBCTs917U9,spotify:artist:4ePunOqQbOYoQwd1298g3Z,3
3215,spotify:artist:4G0XDEk7RbA4BBCTs917U9,spotify:artist:2l7DkzVuYJW700mR7r43un,3
3216,spotify:artist:4G0XDEk7RbA4BBCTs917U9,spotify:artist:7Ht57YadlBXcFJDK3plmhO,3
3217,spotify:artist:4G0XDEk7RbA4BBCTs917U9,spotify:artist:1555UFA4CyCnJEzCKikGHe,3
3218,spotify:artist:4G0XDEk7RbA4BBCTs917U9,spotify:artist:5AyEXCtu3xnnsTGCo4RVZh,3
3219,spotify:artist:4G0XDEk7RbA4BBCTs917U9,spotify:artist:31uyAcnY0kjjKKIQZMKX4i,3
3220,spotify:artist:1555UFA4CyCnJEzCKikGHe,spotify:artist:58bGdoz5bUtPMOTzueTBOy,3
3221,spotify:artist:1555UFA4CyCnJEzCKikGHe,spotify:artist:60CBjmRpwr02JwAd3Ho25U,3
3222,spotify:artist:1555UFA4CyCnJEzCKikGHe,spotify:artist:5lQ9ygSr6WMqXYsG00nNNY,3
3223,spotify:artist:1555UFA4CyCnJEzCKikGHe,spotify:artist:2GATzeg62cr6sH29wSOVWe,3
3224,spotify:artist:1555UFA4CyCnJEzCKikGHe,spotify:artist:0AOyxXRa4odDG1PisHJtKx,3
3225,spotify:artist:1555UFA4CyCnJEzCKikGHe,spotify:artist:7DnDHNnkHER4ompBXz1ibL,3
3226,spotify:artist:1555UFA4CyCnJEzCKikGHe,spotify:artist:5VnYwYnG7QmpzQtxyubIwh,3
3227,spotify:artist:1555UFA4CyCnJEzCKikGHe,spotify:artist:7LMO4vkA2xYpGYbzsggPbk,3
3228,spotify:artist:1555UFA4CyCnJEzCKikGHe,spotify:artist:0wz0jO9anccPzH04N7FLBH,3
3229,spotify:artist:1555UFA4CyCnJEzCKikGHe,spotify:artist:7uRuXWkNhoHhzpqDnaEJLJ,3
3230,spotify:artist:1555UFA4CyCnJEzCKikGHe,spotify:artist:6fLY0fk62ACnHx1QAWXvEZ,3
3231,spotify:artist:1555UFA4CyCnJEzCKikGHe,spotify:artist:5AyEXCtu3xnnsTGCo4RVZh,3
3232,spotify:artist:1555UFA4CyCnJEzCKikGHe,spotify:artist:4KM9dvP8pZwLy9z7J41kq3,3
3233,spotify:artist:1555UFA4CyCnJEzCKikGHe,spotify:artist:3SpA64SUzDeu1Q4MztoGw3,3
3234,spotify:artist:1555UFA4CyCnJEzCKikGHe,spotify:artist:6U1lmwvy3I9dIYu9RalJi6,3
3235,spotify:artist:1555UFA4CyCnJEzCKikGHe,spotify:artist:0QwH5InvCwfL4UbYkjP9pi,3
3236,spotify:artist:1555UFA4CyCnJEzCKikGHe,spotify:artist:376EkILFaF7BFBHr9Rzn7A,3
3237,spotify:artist:1555UFA4CyCnJEzCKikGHe,spotify:artist:4YjpqCSDD7zwMQgPYJMqb0,3
3238,spotify:artist:1555UFA4CyCnJEzCKikGHe,spotify:artist:4IwOItqRhsIoRuD5HP4vyC,3
3239,spotify:artist:1555UFA4CyCnJEzCKikGHe,spotify:artist:0pbIqPTefLfuOcbM2ojXdl,3
3240,spotify:artist:0qt6QSruHshcWT9QOzyfZp,spotify:artist:4G0XDEk7RbA4BBCTs917U9,3
3241,spotify:artist:0qt6QSruHshcWT9QOzyfZp,spotify:artist:2GATzeg62cr6sH29wSOVWe,3
3242,spotify:artist:0qt6QSruHshcWT9QOzyfZp,spotify:artist:4tBNwdhdWAXGzzaPTp9dRE,3
3243,spotify:artist:0qt6QSruHshcWT9QOzyfZp,spotify:artist:3uQ5cxFHxXddqPL58egs1z,3
3244,spotify:artist:0qt6QSruHshcWT9QOzyfZp,spotify:artist:79JJCxCCfJ8HufX6w8q2k4,3
3245,spotify:artist:0qt6QSruHshcWT9QOzyfZp,spotify:artist:2k07pWgpJiFIbb9q1yJ36B,3
3246,spotify:artist:0qt6QSruHshcWT9QOzyfZp,spotify:artist:2l7DkzVuYJW700mR7r43un,3
3247,spotify:artist:0qt6QSruHshcWT9QOzyfZp,spotify:artist:2zAvisjImPICTNsRgagqlV,3
3248,spotify:artist:0qt6QSruHshcWT9QOzyfZp,spotify:artist:2ajVJyxI4sHmTMtTA3ENko,3
3249,spotify:artist:0qt6QSruHshcWT9QOzyfZp,spotify:artist:5pYsvK3zKJT4wzt2L399H4,3
3250,spotify:artist:0qt6QSruHshcWT9QOzyfZp,spotify:artist:2Lhs0asnFQiLuntn3s8p78,3
3251,spotify:artist:0qt6QSruHshcWT9QOzyfZp,spotify:artist:0wz0jO9anccPzH04N7FLBH,3
3252,spotify:artist:0qt6QSruHshcWT9QOzyfZp,spotify:artist:5lQ9ygSr6WMqXYsG00nNNY,3
3253,spotify:artist:0qt6QSruHshcWT9QOzyfZp,spotify:artist:6uHjKRsYGaElOrKWlSEji3,3
3254,spotify:artist:0qt6QSruHshcWT9QOzyfZp,spotify:artist:7EFfGZiKL1Ud3cspnlMq4H,3
3255,spotify:artist:0qt6QSruHshcWT9QOzyfZp,spotify:artist:6TTJ0xLPPNDyv4bXyukzU4,3
3256,spotify:artist:0qt6QSruHshcWT9QOzyfZp,spotify:artist:2EEw2tt8AJcH9qXUeB96Oc,3
3257,spotify:artist:0qt6QSruHshcWT9QOzyfZp,spotify:artist:7gqsi6aBSkRMJoL9psKqMr,3
3258,spotify:artist:0qt6QSruHshcWT9QOzyfZp,spotify:artist:2oAKV8mT3NB1hZbGbGcdYB,3
3259,spotify:artist:0qt6QSruHshcWT9QOzyfZp,spotify:artist:1555UFA4CyCnJEzCKikGHe,3
3260,spotify:artist:0wz0jO9anccPzH04N7FLBH,spotify:artist:2GATzeg62cr6sH29wSOVWe,3
3261,spotify:artist:0wz0jO9anccPzH04N7FLBH,spotify:artist:1555UFA4CyCnJEzCKikGHe,3
3262,spotify:artist:0wz0jO9anccPzH04N7FLBH,spotify:artist:60CBjmRpwr02JwAd3Ho25U,3
3263,spotify:artist:0wz0jO9anccPzH04N7FLBH,spotify:artist:4G0XDEk7RbA4BBCTs917U9,3
3264,spotify:artist:0wz0jO9anccPzH04N7FLBH,spotify:artist:0qt6QSruHshcWT9QOzyfZp,3
3265,spotify:artist:0wz0jO9anccPzH04N7FLBH,spotify:artist:3uQ5cxFHxXddqPL58egs1z,3
3266,spotify:artist:0wz0jO9anccPzH04N7FLBH,spotify:artist:2ajVJyxI4sHmTMtTA3ENko,3
3267,spotify:artist:0wz0jO9anccPzH04N7FLBH,spotify:artist:5VnYwYnG7QmpzQtxyubIwh,3
3268,spotify:artist:0wz0jO9anccPzH04N7FLBH,spotify:artist:5AyEXCtu3xnnsTGCo4RVZh,3
3269,spotify:artist:0wz0jO9anccPzH04N7FLBH,spotify:artist:6guTJsgPymDUVfqDJyz5UG,3
3270,spotify:artist:0wz0jO9anccPzH04N7FLBH,spotify:artist:64tVHZVSAZhDEiOJxnb6hE,3
3271,spotify:artist:0wz0jO9anccPzH04N7FLBH,spotify:artist:4jSYHcSo85heWskYvAULio,3
3272,spotify:artist:0wz0jO9anccPzH04N7FLBH,spotify:artist:1QUsHFoDqNsC0W9AlNyHWF,3
3273,spotify:artist:0wz0jO9anccPzH04N7FLBH,spotify:artist:6g8Jqb5JMfv92eB2r0awTN,3
3274,spotify:artist:0wz0jO9anccPzH04N7FLBH,spotify:artist:0QwH5InvCwfL4UbYkjP9pi,3
3275,spotify:artist:0wz0jO9anccPzH04N7FLBH,spotify:artist:77oD8X9qLXZhpbCjv53l5n,3
3276,spotify:artist:0wz0jO9anccPzH04N7FLBH,spotify:artist:2zAvisjImPICTNsRgagqlV,3
3277,spotify:artist:0wz0jO9anccPzH04N7FLBH,spotify:artist:4IwOItqRhsIoRuD5HP4vyC,3
3278,spotify:artist:0wz0jO9anccPzH04N7FLBH,spotify:artist:31uyAcnY0kjjKKIQZMKX4i,3
3279,spotify:artist:0wz0jO9anccPzH04N7FLBH,spotify:artist:4Sw0SFu1fFdYXdAEVdrqnO,3
3280,spotify:artist:5VnYwYnG7QmpzQtxyubIwh,spotify:artist:1ZdExG4ySeqy04z4DwAXgI,3
3281,spotify:artist:5VnYwYnG7QmpzQtxyubIwh,spotify:artist:2GATzeg62cr6sH29wSOVWe,3
3282,spotify:artist:5VnYwYnG7QmpzQtxyubIwh,spotify:artist:60CBjmRpwr02JwAd3Ho25U,3
3283,spotify:artist:5VnYwYnG7QmpzQtxyubIwh,spotify:artist:1555UFA4CyCnJEzCKikGHe,3
3284,spotify:artist:5VnYwYnG7QmpzQtxyubIwh,spotify:artist:5lQ9ygSr6WMqXYsG00nNNY,3
3285,spotify:artist:5VnYwYnG7QmpzQtxyubIwh,spotify:artist:7Ht57YadlBXcFJDK3plmhO,3
3286,spotify:artist:5VnYwYnG7QmpzQtxyubIwh,spotify:artist:0wz0jO9anccPzH04N7FLBH,3
3287,spotify:artist:5VnYwYnG7QmpzQtxyubIwh,spotify:artist:3N4eFtnZCCXfMs0hBQwujT,3
3288,spotify:artist:5VnYwYnG7QmpzQtxyubIwh,spotify:artist:5AyEXCtu3xnnsTGCo4RVZh,3
3289,spotify:artist:5VnYwYnG7QmpzQtxyubIwh,spotify:artist:5m858bXqt99f2hWD72hySB,3
3290,spotify:artist:5VnYwYnG7QmpzQtxyubIwh,spotify:artist:6U1lmwvy3I9dIYu9RalJi6,3
3291,spotify:artist:5VnYwYnG7QmpzQtxyubIwh,spotify:artist:3JhEcBWSCPXkRMt1VK14i4,3
3292,spotify:artist:5VnYwYnG7QmpzQtxyubIwh,spotify:artist:3IaqcRr2teHDEqhRE5emu9,3
3293,spotify:artist:5VnYwYnG7QmpzQtxyubIwh,spotify:artist:6mkkQ4HQo21YZRKw3tRQSv,3
3294,spotify:artist:5VnYwYnG7QmpzQtxyubIwh,spotify:artist:0QwH5InvCwfL4UbYkjP9pi,3
3295,spotify:artist:5VnYwYnG7QmpzQtxyubIwh,spotify:artist:0AOyxXRa4odDG1PisHJtKx,3
3296,spotify:artist:5VnYwYnG7QmpzQtxyubIwh,spotify:artist:4G0XDEk7RbA4BBCTs917U9,3
3297,spotify:artist:5VnYwYnG7QmpzQtxyubIwh,spotify:artist:0FRKTwQSToXpCxYMhyUzYY,3
3298,spotify:artist:5VnYwYnG7QmpzQtxyubIwh,spotify:artist:5EQ6WS0sO77AIhthug6S0U,3
3299,spotify:artist:5VnYwYnG7QmpzQtxyubIwh,spotify:artist:2feOOr1Yjovo67byuxvjZv,3
3300,spotify:artist:60CBjmRpwr02JwAd3Ho25U,spotify:artist:1555UFA4CyCnJEzCKikGHe,3
3301,spotify:artist:60CBjmRpwr02JwAd3Ho25U,spotify:artist:5lQ9ygSr6WMqXYsG00nNNY,3
3302,spotify:artist:60CBjmRpwr02JwAd3Ho25U,spotify:artist:58bGdoz5bUtPMOTzueTBOy,3
3303,spotify:artist:60CBjmRpwr02JwAd3Ho25U,spotify:artist:2GATzeg62cr6sH29wSOVWe,3
3304,spotify:artist:60CBjmRpwr02JwAd3Ho25U,spotify:artist:0AOyxXRa4odDG1PisHJtKx,3
3305,spotify:artist:60CBjmRpwr02JwAd3Ho25U,spotify:artist:5VnYwYnG7QmpzQtxyubIwh,3
3306,spotify:artist:60CBjmRpwr02JwAd3Ho25U,spotify:artist:7DnDHNnkHER4ompBXz1ibL,3
3307,spotify:artist:60CBjmRpwr02JwAd3Ho25U,spotify:artist:7LMO4vkA2xYpGYbzsggPbk,3
3308,spotify:artist:60CBjmRpwr02JwAd3Ho25U,spotify:artist:0wz0jO9anccPzH04N7FLBH,3
3309,spotify:artist:60CBjmRpwr02JwAd3Ho25U,spotify:artist:7uRuXWkNhoHhzpqDnaEJLJ,3
3310,spotify:artist:60CBjmRpwr02JwAd3Ho25U,spotify:artist:6fLY0fk62ACnHx1QAWXvEZ,3
3311,spotify:artist:60CBjmRpwr02JwAd3Ho25U,spotify:artist:5AyEXCtu3xnnsTGCo4RVZh,3
3312,spotify:artist:60CBjmRpwr02JwAd3Ho25U,spotify:artist:4IwOItqRhsIoRuD5HP4vyC,3
3313,spotify:artist:60CBjmRpwr02JwAd3Ho25U,spotify:artist:0QwH5InvCwfL4UbYkjP9pi,3
3314,spotify:artist:60CBjmRpwr02JwAd3Ho25U,spotify:artist:4YjpqCSDD7zwMQgPYJMqb0,3
3315,spotify:artist:60CBjmRpwr02JwAd3Ho25U,spotify:artist:4KM9dvP8pZwLy9z7J41kq3,3
3316,spotify:artist:60CBjmRpwr02JwAd3Ho25U,spotify:artist:7mbHdIVGBTlLC80ngEFJAI,3
3317,spotify:artist:60CBjmRpwr02JwAd3Ho25U,spotify:artist:5pSqmI85JYRSjUtpFsdoon,3
3318,spotify:artist:60CBjmRpwr02JwAd3Ho25U,spotify:artist:0pbIqPTefLfuOcbM2ojXdl,3
3319,spotify:artist:60CBjmRpwr02JwAd3Ho25U,spotify:artist:6U1lmwvy3I9dIYu9RalJi6,3
3320,spotify:artist:5lQ9ygSr6WMqXYsG00nNNY,spotify:artist:1555UFA4CyCnJEzCKikGHe,3
3321,spotify:artist:5lQ9ygSr6WMqXYsG00nNNY,spotify:artist:58bGdoz5bUtPMOTzueTBOy,3
3322,spotify:artist:5lQ9ygSr6WMqXYsG00nNNY,spotify:artist:3cr4dt9xFGBcEPMulGzSAY,3
3323,spotify:artist:5lQ9ygSr6WMqXYsG00nNNY,spotify:artist:7uRuXWkNhoHhzpqDnaEJLJ,3
3324,spotify:artist:5lQ9ygSr6WMqXYsG00nNNY,spotify:artist:60CBjmRpwr02JwAd3Ho25U,3
3325,spotify:artist:5lQ9ygSr6WMqXYsG00nNNY,spotify:artist:7DnDHNnkHER4ompBXz1ibL,3
3326,spotify:artist:5lQ9ygSr6WMqXYsG00nNNY,spotify:artist:5koTBxO31TIzxRzBvsxzwH,3
3327,spotify:artist:5lQ9ygSr6WMqXYsG00nNNY,spotify:artist:2GATzeg62cr6sH29wSOVWe,3
3328,spotify:artist:5lQ9ygSr6WMqXYsG00nNNY,spotify:artist:0AOyxXRa4odDG1PisHJtKx,3
3329,spotify:artist:5lQ9ygSr6WMqXYsG00nNNY,spotify:artist:3E0mWdVTnj9CjQ95ROn9tr,3
3330,spotify:artist:5lQ9ygSr6WMqXYsG00nNNY,spotify:artist:5wHiveROLh1eOGVqbqkBnj,3
3331,spotify:artist:5lQ9ygSr6WMqXYsG00nNNY,spotify:artist:5VnYwYnG7QmpzQtxyubIwh,3
3332,spotify:artist:5lQ9ygSr6WMqXYsG00nNNY,spotify:artist:0qt6QSruHshcWT9QOzyfZp,3
3333,spotify:artist:5lQ9ygSr6WMqXYsG00nNNY,spotify:artist:0wz0jO9anccPzH04N7FLBH,3
3334,spotify:artist:5lQ9ygSr6WMqXYsG00nNNY,spotify:artist:1XW5L5zIBqMw7sqkkuIi5n,3
3335,spotify:artist:5lQ9ygSr6WMqXYsG00nNNY,spotify:artist:0BFRrMqOHuc1fxGWXMinHd,3
3336,spotify:artist:5lQ9ygSr6WMqXYsG00nNNY,spotify:artist:6fLY0fk62ACnHx1QAWXvEZ,3
3337,spotify:artist:5lQ9ygSr6WMqXYsG00nNNY,spotify:artist:7LMO4vkA2xYpGYbzsggPbk,3
3338,spotify:artist:5lQ9ygSr6WMqXYsG00nNNY,spotify:artist:6uHjKRsYGaElOrKWlSEji3,3
3339,spotify:artist:5lQ9ygSr6WMqXYsG00nNNY,spotify:artist:4G0XDEk7RbA4BBCTs917U9,3
3340,spotify:artist:3uQ5cxFHxXddqPL58egs1z,spotify:artist:4tBNwdhdWAXGzzaPTp9dRE,3
3341,spotify:artist:3uQ5cxFHxXddqPL58egs1z,spotify:artist:2k07pWgpJiFIbb9q1yJ36B,3
3342,spotify:artist:3uQ5cxFHxXddqPL58egs1z,spotify:artist:2l7DkzVuYJW700mR7r43un,3
3343,spotify:artist:3uQ5cxFHxXddqPL58egs1z,spotify:artist:2zAvisjImPICTNsRgagqlV,3
3344,spotify:artist:3uQ5cxFHxXddqPL58egs1z,spotify:artist:0qt6QSruHshcWT9QOzyfZp,3
3345,spotify:artist:3uQ5cxFHxXddqPL58egs1z,spotify:artist:4G0XDEk7RbA4BBCTs917U9,3
3346,spotify:artist:3uQ5cxFHxXddqPL58egs1z,spotify:artist:2ajVJyxI4sHmTMtTA3ENko,3
3347,spotify:artist:3uQ5cxFHxXddqPL58egs1z,spotify:artist:7EFfGZiKL1Ud3cspnlMq4H,3
3348,spotify:artist:3uQ5cxFHxXddqPL58egs1z,spotify:artist:79JJCxCCfJ8HufX6w8q2k4,3
3349,spotify:artist:3uQ5cxFHxXddqPL58egs1z,spotify:artist:2Lhs0asnFQiLuntn3s8p78,3
3350,spotify:artist:3uQ5cxFHxXddqPL58egs1z,spotify:artist:2EEw2tt8AJcH9qXUeB96Oc,3
3351,spotify:artist:3uQ5cxFHxXddqPL58egs1z,spotify:artist:2GATzeg62cr6sH29wSOVWe,3
3352,spotify:artist:3uQ5cxFHxXddqPL58egs1z,spotify:artist:3gSfOAPCvsDDVDBeSLl9v6,3
3353,spotify:artist:3uQ5cxFHxXddqPL58egs1z,spotify:artist:0wz0jO9anccPzH04N7FLBH,3
3354,spotify:artist:3uQ5cxFHxXddqPL58egs1z,spotify:artist:57kIMCLPgkzQlXjblX7XXP,3
3355,spotify:artist:3uQ5cxFHxXddqPL58egs1z,spotify:artist:7gqsi6aBSkRMJoL9psKqMr,3
3356,spotify:artist:3uQ5cxFHxXddqPL58egs1z,spotify:artist:0Z6hyoqGpchajBS8Gt3c0l,3
3357,spotify:artist:3uQ5cxFHxXddqPL58egs1z,spotify:artist:2rDxtYUzTAYJJE3Bl3Z5IN,3
3358,spotify:artist:3uQ5cxFHxXddqPL58egs1z,spotify:artist:3mv2eHwrIONSkviASDMRMa,3
3359,spotify:artist:3uQ5cxFHxXddqPL58egs1z,spotify:artist:64tVHZVSAZhDEiOJxnb6hE,3
3360,spotify:artist:4jSYHcSo85heWskYvAULio,spotify:artist:0WY2ddzQUF9eh16GiqrElA,3
3361,spotify:artist:4jSYHcSo85heWskYvAULio,spotify:artist:3r94PF71LWRI5K6wqclNjQ,3
3362,spotify:artist:4jSYHcSo85heWskYvAULio,spotify:artist:72X6FHxaShda0XeQw3vbeF,3
3363,spotify:artist:4jSYHcSo85heWskYvAULio,spotify:artist:3ysp8GwsheDcBxP9q65lBg,3
3364,spotify:artist:4jSYHcSo85heWskYvAULio,spotify:artist:38u18VoGaIwVeSyVoA0eU5,3
3365,spotify:artist:4jSYHcSo85heWskYvAULio,spotify:artist:6guTJsgPymDUVfqDJyz5UG,3
3366,spotify:artist:4jSYHcSo85heWskYvAULio,spotify:artist:1WOhabhnnH1k6KcD81xGD1,3
3367,spotify:artist:4jSYHcSo85heWskYvAULio,spotify:artist:0WPY9nnBy01s5QOt4o4oQX,3
3368,spotify:artist:4jSYHcSo85heWskYvAULio,spotify:artist:3QbwwBVHCVDEDrVpvUcCwj,3
3369,spotify:artist:4jSYHcSo85heWskYvAULio,spotify:artist:2GATzeg62cr6sH29wSOVWe,3
3370,spotify:artist:4jSYHcSo85heWskYvAULio,spotify:artist:1s5mUpjVtK0XAScRqlErSE,3
3371,spotify:artist:4jSYHcSo85heWskYvAULio,spotify:artist:0Sd7X8SxWV0AyDLbvd4uEu,3
3372,spotify:artist:4jSYHcSo85heWskYvAULio,spotify:artist:0Zk7We5BZoDR40himAI86D,3
3373,spotify:artist:4jSYHcSo85heWskYvAULio,spotify:artist:37w38cCSGgKLdayTRjna4W,3
3374,spotify:artist:4jSYHcSo85heWskYvAULio,spotify:artist:06yvjjrPokJGC66DzFfCkF,3
3375,spotify:artist:4jSYHcSo85heWskYvAULio,spotify:artist:2feOOr1Yjovo67byuxvjZv,3
3376,spotify:artist:4jSYHcSo85heWskYvAULio,spotify:artist:2IG2KZZiXaYygnWGCC7uEj,3
3377,spotify:artist:4jSYHcSo85heWskYvAULio,spotify:artist:1QPWAsWIjRcTfvY5uH8dov,3
3378,spotify:artist:4jSYHcSo85heWskYvAULio,spotify:artist:1555UFA4CyCnJEzCKikGHe,3
3379,spotify:artist:4jSYHcSo85heWskYvAULio,spotify:artist:6a27jEzxHDgONdmADAGcej,3
3380,spotify:artist:2ajVJyxI4sHmTMtTA3ENko,spotify:artist:3uQ5cxFHxXddqPL58egs1z,3
3381,spotify:artist:2ajVJyxI4sHmTMtTA3ENko,spotify:artist:2zAvisjImPICTNsRgagqlV,3
3382,spotify:artist:2ajVJyxI4sHmTMtTA3ENko,spotify:artist:2EEw2tt8AJcH9qXUeB96Oc,3
3383,spotify:artist:2ajVJyxI4sHmTMtTA3ENko,spotify:artist:2l7DkzVuYJW700mR7r43un,3
3384,spotify:artist:2ajVJyxI4sHmTMtTA3ENko,spotify:artist:4tBNwdhdWAXGzzaPTp9dRE,3
3385,spotify:artist:2ajVJyxI4sHmTMtTA3ENko,spotify:artist:2GATzeg62cr6sH29wSOVWe,3
3386,spotify:artist:2ajVJyxI4sHmTMtTA3ENko,spotify:artist:2k07pWgpJiFIbb9q1yJ36B,3
3387,spotify:artist:2ajVJyxI4sHmTMtTA3ENko,spotify:artist:2Lhs0asnFQiLuntn3s8p78,3
3388,spotify:artist:2ajVJyxI4sHmTMtTA3ENko,spotify:artist:0qt6QSruHshcWT9QOzyfZp,3
3389,spotify:artist:2ajVJyxI4sHmTMtTA3ENko,spotify:artist:4G0XDEk7RbA4BBCTs917U9,3
3390,spotify:artist:2ajVJyxI4sHmTMtTA3ENko,spotify:artist:7gqsi6aBSkRMJoL9psKqMr,3
3391,spotify:artist:2ajVJyxI4sHmTMtTA3ENko,spotify:artist:0Z6hyoqGpchajBS8Gt3c0l,3
3392,spotify:artist:2ajVJyxI4sHmTMtTA3ENko,spotify:artist:4ePunOqQbOYoQwd1298g3Z,3
3393,spotify:artist:2ajVJyxI4sHmTMtTA3ENko,spotify:artist:7EFfGZiKL1Ud3cspnlMq4H,3
3394,spotify:artist:2ajVJyxI4sHmTMtTA3ENko,spotify:artist:79JJCxCCfJ8HufX6w8q2k4,3
3395,spotify:artist:2ajVJyxI4sHmTMtTA3ENko,spotify:artist:64tVHZVSAZhDEiOJxnb6hE,3
3396,spotify:artist:2ajVJyxI4sHmTMtTA3ENko,spotify:artist:2iUVQjheBnvOt8vaBrxXJz,3
3397,spotify:artist:2ajVJyxI4sHmTMtTA3ENko,spotify:artist:5O5V29YvM6AzAQ0rNt59fy,3
3398,spotify:artist:2ajVJyxI4sHmTMtTA3ENko,spotify:artist:6hkch2KhRl0tywpeVK5xR5,3
3399,spotify:artist:2ajVJyxI4sHmTMtTA3ENko,spotify:artist:3XHvzfKFZkSXEUiZE4WrIz,3
3400,spotify:artist:6uHjKRsYGaElOrKWlSEji3,spotify:artist:4W1poTLCG6XjhBUVehcaMB,3
3401,spotify:artist:6uHjKRsYGaElOrKWlSEji3,spotify:artist:2GATzeg62cr6sH29wSOVWe,3
3402,spotify:artist:6uHjKRsYGaElOrKWlSEji3,spotify:artist:0qt6QSruHshcWT9QOzyfZp,3
3403,spotify:artist:6uHjKRsYGaElOrKWlSEji3,spotify:artist:339qxEdD8z8okRAiTp1HKf,3
3404,spotify:artist:6uHjKRsYGaElOrKWlSEji3,spotify:artist:7EFfGZiKL1Ud3cspnlMq4H,3
3405,spotify:artist:6uHjKRsYGaElOrKWlSEji3,spotify:artist:1XW5L5zIBqMw7sqkkuIi5n,3
3406,spotify:artist:6uHjKRsYGaElOrKWlSEji3,spotify:artist:5lQ9ygSr6WMqXYsG00nNNY,3
3407,spotify:artist:6uHjKRsYGaElOrKWlSEji3,spotify:artist:2Lhs0asnFQiLuntn3s8p78,3
3408,spotify:artist:6uHjKRsYGaElOrKWlSEji3,spotify:artist:31ir0nQWMLTowZmZO8CiBw,3
3409,spotify:artist:6uHjKRsYGaElOrKWlSEji3,spotify:artist:2zTCLiQ8OUIWEyV6eZWzFy,3
3410,spotify:artist:6uHjKRsYGaElOrKWlSEji3,spotify:artist:7IDrRpDz0cOuUVC32c8PKD,3
3411,spotify:artist:6uHjKRsYGaElOrKWlSEji3,spotify:artist:1CgvL3gASrnuI8SKXr8K7F,3
3412,spotify:artist:6uHjKRsYGaElOrKWlSEji3,spotify:artist:2dxi3wnJ9h9kNioaWyIpYd,3
3413,spotify:artist:6uHjKRsYGaElOrKWlSEji3,spotify:artist:0O0g9JMOVNoIgLG6dgaYMY,3
3414,spotify:artist:6uHjKRsYGaElOrKWlSEji3,spotify:artist:4yvuCAFk8vERXXBf138h8S,3
3415,spotify:artist:6uHjKRsYGaElOrKWlSEji3,spotify:artist:60CBjmRpwr02JwAd3Ho25U,3
3416,spotify:artist:6uHjKRsYGaElOrKWlSEji3,spotify:artist:0wz0jO9anccPzH04N7FLBH,3
3417,spotify:artist:6uHjKRsYGaElOrKWlSEji3,spotify:artist:1555UFA4CyCnJEzCKikGHe,3
3418,spotify:artist:6uHjKRsYGaElOrKWlSEji3,spotify:artist:6paRdA1dkAEb0dWcIS4TOp,3
3419,spotify:artist:6uHjKRsYGaElOrKWlSEji3,spotify:artist:2l7DkzVuYJW700mR7r43un,3
3420,spotify:artist:7DnDHNnkHER4ompBXz1ibL,spotify:artist:5lQ9ygSr6WMqXYsG00nNNY,3
3421,spotify:artist:7DnDHNnkHER4ompBXz1ibL,spotify:artist:1555UFA4CyCnJEzCKikGHe,3
3422,spotify:artist:7DnDHNnkHER4ompBXz1ibL,spotify:artist:58bGdoz5bUtPMOTzueTBOy,3
3423,spotify:artist:7DnDHNnkHER4ompBXz1ibL,spotify:artist:60CBjmRpwr02JwAd3Ho25U,3
3424,spotify:artist:7DnDHNnkHER4ompBXz1ibL,spotify:artist:2GATzeg62cr6sH29wSOVWe,3
3425,spotify:artist:7DnDHNnkHER4ompBXz1ibL,spotify:artist:0AOyxXRa4odDG1PisHJtKx,3
3426,spotify:artist:7DnDHNnkHER4ompBXz1ibL,spotify:artist:6U1lmwvy3I9dIYu9RalJi6,3
3427,spotify:artist:7DnDHNnkHER4ompBXz1ibL,spotify:artist:5AyEXCtu3xnnsTGCo4RVZh,3
3428,spotify:artist:7DnDHNnkHER4ompBXz1ibL,spotify:artist:7uRuXWkNhoHhzpqDnaEJLJ,3
3429,spotify:artist:7DnDHNnkHER4ompBXz1ibL,spotify:artist:376EkILFaF7BFBHr9Rzn7A,3
3430,spotify:artist:7DnDHNnkHER4ompBXz1ibL,spotify:artist:2nUbg56ljfs5oXyB1UNiY8,3
3431,spotify:artist:7DnDHNnkHER4ompBXz1ibL,spotify:artist:5koTBxO31TIzxRzBvsxzwH,3
3432,spotify:artist:7DnDHNnkHER4ompBXz1ibL,spotify:artist:4Vtlz5IfA9y4EBwmp20wwk,3
3433,spotify:artist:7DnDHNnkHER4ompBXz1ibL,spotify:artist:6guTJsgPymDUVfqDJyz5UG,3
3434,spotify:artist:7DnDHNnkHER4ompBXz1ibL,spotify:artist:4jSYHcSo85heWskYvAULio,3
3435,spotify:artist:7DnDHNnkHER4ompBXz1ibL,spotify:artist:2ajVJyxI4sHmTMtTA3ENko,3
3436,spotify:artist:7DnDHNnkHER4ompBXz1ibL,spotify:artist:0Zk7We5BZoDR40himAI86D,3
3437,spotify:artist:7DnDHNnkHER4ompBXz1ibL,spotify:artist:0QwH5InvCwfL4UbYkjP9pi,3
3438,spotify:artist:7DnDHNnkHER4ompBXz1ibL,spotify:artist:3xZBpeXHkSjTKQIR1OeKN0,3
3439,spotify:artist:7DnDHNnkHER4ompBXz1ibL,spotify:artist:0ihBDeJlIlXo4LFfAllsGm,3
3440,spotify:artist:64tVHZVSAZhDEiOJxnb6hE,spotify:artist:3W4xM5XYtUp4ifYYPVKVdk,3
3441,spotify:artist:64tVHZVSAZhDEiOJxnb6hE,spotify:artist:77oD8X9qLXZhpbCjv53l5n,3
3442,spotify:artist:64tVHZVSAZhDEiOJxnb6hE,spotify:artist:2GATzeg62cr6sH29wSOVWe,3
3443,spotify:artist:64tVHZVSAZhDEiOJxnb6hE,spotify:artist:2ajVJyxI4sHmTMtTA3ENko,3
3444,spotify:artist:64tVHZVSAZhDEiOJxnb6hE,spotify:artist:4ePunOqQbOYoQwd1298g3Z,3
3445,spotify:artist:64tVHZVSAZhDEiOJxnb6hE,spotify:artist:2wrhBKGC3DTNNNDRJPaxW6,3
3446,spotify:artist:64tVHZVSAZhDEiOJxnb6hE,spotify:artist:4oV5EVJ0XFWsJKoOvdRPvl,3
3447,spotify:artist:64tVHZVSAZhDEiOJxnb6hE,spotify:artist:59IPo3F7aZifhZtHnoGHbo,3
3448,spotify:artist:64tVHZVSAZhDEiOJxnb6hE,spotify:artist:0WISkx0PwT6lYWdPqKUJY8,3
3449,spotify:artist:64tVHZVSAZhDEiOJxnb6hE,spotify:artist:3kbBWco9PZ5eSQsNScwG6U,3
3450,spotify:artist:64tVHZVSAZhDEiOJxnb6hE,spotify:artist:1555UFA4CyCnJEzCKikGHe,3
3451,spotify:artist:64tVHZVSAZhDEiOJxnb6hE,spotify:artist:3inCNiUr4R6XQ3W43s9Aqi,3
3452,spotify:artist:64tVHZVSAZhDEiOJxnb6hE,spotify:artist:3uQ5cxFHxXddqPL58egs1z,3
3453,spotify:artist:64tVHZVSAZhDEiOJxnb6hE,spotify:artist:4G0XDEk7RbA4BBCTs917U9,3
3454,spotify:artist:64tVHZVSAZhDEiOJxnb6hE,spotify:artist:7EFfGZiKL1Ud3cspnlMq4H,3
3455,spotify:artist:64tVHZVSAZhDEiOJxnb6hE,spotify:artist:0wz0jO9anccPzH04N7FLBH,3
3456,spotify:artist:64tVHZVSAZhDEiOJxnb6hE,spotify:artist:7Ht57YadlBXcFJDK3plmhO,3
3457,spotify:artist:64tVHZVSAZhDEiOJxnb6hE,spotify:artist:7wyRA7deGRxozTyBc6QXPe,3
3458,spotify:artist:64tVHZVSAZhDEiOJxnb6hE,spotify:artist:4a2nAPF15Gv8V65Ba3IJSB,3
3459,spotify:artist:64tVHZVSAZhDEiOJxnb6hE,spotify:artist:5hAhrnb0Ch4ODwWu4tsbpi,3
3460,spotify:artist:6guTJsgPymDUVfqDJyz5UG,spotify:artist:4jSYHcSo85heWskYvAULio,3
3461,spotify:artist:6guTJsgPymDUVfqDJyz5UG,spotify:artist:3G3Gdm0ZRAOxLrbyjfhii5,3
3462,spotify:artist:6guTJsgPymDUVfqDJyz5UG,spotify:artist:4UETUdF77BfyJ7fEFVztr3,3
3463,spotify:artist:6guTJsgPymDUVfqDJyz5UG,spotify:artist:6DKmuXxXASTF6xaJwcTfjv,3
3464,spotify:artist:6guTJsgPymDUVfqDJyz5UG,spotify:artist:0WY2ddzQUF9eh16GiqrElA,3
3465,spotify:artist:6guTJsgPymDUVfqDJyz5UG,spotify:artist:1qHR9DMfOJQjvWLEfMZQlG,3
3466,spotify:artist:6guTJsgPymDUVfqDJyz5UG,spotify:artist:5hAhrnb0Ch4ODwWu4tsbpi,3
3467,spotify:artist:6guTJsgPymDUVfqDJyz5UG,spotify:artist:2GATzeg62cr6sH29wSOVWe,3
3468,spotify:artist:6guTJsgPymDUVfqDJyz5UG,spotify:artist:0Zk7We5BZoDR40himAI86D,3
3469,spotify:artist:6guTJsgPymDUVfqDJyz5UG,spotify:artist:6LRmgzRManplPQghd2BMqz,3
3470,spotify:artist:6guTJsgPymDUVfqDJyz5UG,spotify:artist:3ysp8GwsheDcBxP9q65lBg,3
3471,spotify:artist:6guTJsgPymDUVfqDJyz5UG,spotify:artist:0WPY9nnBy01s5QOt4o4oQX,3
3472,spotify:artist:6guTJsgPymDUVfqDJyz5UG,spotify:artist:72X6FHxaShda0XeQw3vbeF,3
3473,spotify:artist:6guTJsgPymDUVfqDJyz5UG,spotify:artist:1555UFA4CyCnJEzCKikGHe,3
3474,spotify:artist:6guTJsgPymDUVfqDJyz5UG,spotify:artist:2eRdPaLHWAL4d1WcNUO9Vz,3
3475,spotify:artist:6guTJsgPymDUVfqDJyz5UG,spotify:artist:4Nu0EL8c5d2vFHPOcNjlBP,3
3476,spotify:artist:6guTJsgPymDUVfqDJyz5UG,spotify:artist:3inCNiUr4R6XQ3W43s9Aqi,3
3477,spotify:artist:6guTJsgPymDUVfqDJyz5UG,spotify:artist:0S7Zur2g8YhqlzqtlYStli,3
3478,spotify:artist:6guTJsgPymDUVfqDJyz5UG,spotify:artist:77oD8X9qLXZhpbCjv53l5n,3
3479,spotify:artist:6guTJsgPymDUVfqDJyz5UG,spotify:artist:2i8ynmFv4qgRksyDlBgi6d,3
3480,spotify:artist:0QwH5InvCwfL4UbYkjP9pi,spotify:artist:6fLY0fk62ACnHx1QAWXvEZ,3
3481,spotify:artist:0QwH5InvCwfL4UbYkjP9pi,spotify:artist:1YCFvBoIeRSc0HMU7fhUZA,3
3482,spotify:artist:0QwH5InvCwfL4UbYkjP9pi,spotify:artist:6vxqO8B12AXOoETpxVSgH0,3
3483,spotify:artist:0QwH5InvCwfL4UbYkjP9pi,spotify:artist:03lLRM1qTzyuU7YkGsYknd,3
3484,spotify:artist:0QwH5InvCwfL4UbYkjP9pi,spotify:artist:336fB3AJgK8AvHX5bD8d9A,3
3485,spotify:artist:0QwH5InvCwfL4UbYkjP9pi,spotify:artist:7LMO4vkA2xYpGYbzsggPbk,3
3486,spotify:artist:0QwH5InvCwfL4UbYkjP9pi,spotify:artist:6a27jEzxHDgONdmADAGcej,3
3487,spotify:artist:0QwH5InvCwfL4UbYkjP9pi,spotify:artist:1dKzjmxVJw8SSE0LVxW2Dp,3
3488,spotify:artist:0QwH5InvCwfL4UbYkjP9pi,spotify:artist:3WggbHDpj4rPKbL97zG5MQ,3
3489,spotify:artist:0QwH5InvCwfL4UbYkjP9pi,spotify:artist:60CBjmRpwr02JwAd3Ho25U,3
3490,spotify:artist:0QwH5InvCwfL4UbYkjP9pi,spotify:artist:7e3EITqBmSTDzZQpyOo4RQ,3
3491,spotify:artist:0QwH5InvCwfL4UbYkjP9pi,spotify:artist:4IwOItqRhsIoRuD5HP4vyC,3
3492,spotify:artist:0QwH5InvCwfL4UbYkjP9pi,spotify:artist:6Xuaooorz7j46y1UrWxXMd,3
3493,spotify:artist:0QwH5InvCwfL4UbYkjP9pi,spotify:artist:6qNSgOBq7aNMSUh1lxUhYq,3
3494,spotify:artist:0QwH5InvCwfL4UbYkjP9pi,spotify:artist:1vTw1lXMRmOkw949yF7AtB,3
3495,spotify:artist:0QwH5InvCwfL4UbYkjP9pi,spotify:artist:2aFm5gM8lQefcKzOvP2eH8,3
3496,spotify:artist:0QwH5InvCwfL4UbYkjP9pi,spotify:artist:1555UFA4CyCnJEzCKikGHe,3
3497,spotify:artist:0QwH5InvCwfL4UbYkjP9pi,spotify:artist:2GATzeg62cr6sH29wSOVWe,3
3498,spotify:artist:0QwH5InvCwfL4UbYkjP9pi,spotify:artist:0g15pJOpHp0RMVScdAXzLH,3
3499,spotify:artist:0QwH5InvCwfL4UbYkjP9pi,spotify:artist:0jyH4jtanxaysaxwDVhR6f,3
3500,spotify:artist:7Ht57YadlBXcFJDK3plmhO,spotify:artist:4Sw0SFu1fFdYXdAEVdrqnO,3
3501,spotify:artist:7Ht57YadlBXcFJDK3plmhO,spotify:artist:4a2nAPF15Gv8V65Ba3IJSB,3
3502,spotify:artist:7Ht57YadlBXcFJDK3plmhO,spotify:artist:7L5HH5QtkDe7u2hJ1FUKFo,3
3503,spotify:artist:7Ht57YadlBXcFJDK3plmhO,spotify:artist:38xTceqQAKg4Q2TwFCm902,3
3504,spotify:artist:7Ht57YadlBXcFJDK3plmhO,spotify:artist:2ooIqOf4X2uz4mMptXCtie,3
3505,spotify:artist:7Ht57YadlBXcFJDK3plmhO,spotify:artist:4kwxTgCKMipBKhSnEstNKj,3
3506,spotify:artist:7Ht57YadlBXcFJDK3plmhO,spotify:artist:2JpHk8yju1DH1l3c9sXzOS,3
3507,spotify:artist:7Ht57YadlBXcFJDK3plmhO,spotify:artist:5JLqvjW3Nyom2OsRUyFsS9,3
3508,spotify:artist:7Ht57YadlBXcFJDK3plmhO,spotify:artist:5EQ6WS0sO77AIhthug6S0U,3
3509,spotify:artist:7Ht57YadlBXcFJDK3plmhO,spotify:artist:1jeYbk5eqo6wgsQPjLeU5w,3
3510,spotify:artist:7Ht57YadlBXcFJDK3plmhO,spotify:artist:2GATzeg62cr6sH29wSOVWe,3
3511,spotify:artist:7Ht57YadlBXcFJDK3plmhO,spotify:artist:5VnYwYnG7QmpzQtxyubIwh,3
3512,spotify:artist:7Ht57YadlBXcFJDK3plmhO,spotify:artist:2uf32eac3VFGHBonRKaLXQ,3
3513,spotify:artist:7Ht57YadlBXcFJDK3plmhO,spotify:artist:0FRKTwQSToXpCxYMhyUzYY,3
3514,spotify:artist:7Ht57YadlBXcFJDK3plmhO,spotify:artist:4IwOItqRhsIoRuD5HP4vyC,3
3515,spotify:artist:7Ht57YadlBXcFJDK3plmhO,spotify:artist:3G3Gdm0ZRAOxLrbyjfhii5,3
3516,spotify:artist:7Ht57YadlBXcFJDK3plmhO,spotify:artist:31uyAcnY0kjjKKIQZMKX4i,3
3517,spotify:artist:7Ht57YadlBXcFJDK3plmhO,spotify:artist:6guTJsgPymDUVfqDJyz5UG,3
3518,spotify:artist:7Ht57YadlBXcFJDK3plmhO,spotify:artist:4UvhuGdFf75Cfan7lEU1J1,3
3519,spotify:artist:7Ht57YadlBXcFJDK3plmhO,spotify:artist:1qHR9DMfOJQjvWLEfMZQlG,3
3520,spotify:artist:5AyEXCtu3xnnsTGCo4RVZh,spotify:artist:6U1lmwvy3I9dIYu9RalJi6,3
3521,spotify:artist:5AyEXCtu3xnnsTGCo4RVZh,spotify:artist:60CBjmRpwr02JwAd3Ho25U,3
3522,spotify:artist:5AyEXCtu3xnnsTGCo4RVZh,spotify:artist:1555UFA4CyCnJEzCKikGHe,3
3523,spotify:artist:5AyEXCtu3xnnsTGCo4RVZh,spotify:artist:2GATzeg62cr6sH29wSOVWe,3
3524,spotify:artist:5AyEXCtu3xnnsTGCo4RVZh,spotify:artist:25CgccXK9hJBTuaMF44zeR,3
3525,spotify:artist:5AyEXCtu3xnnsTGCo4RVZh,spotify:artist:2nUbg56ljfs5oXyB1UNiY8,3
3526,spotify:artist:5AyEXCtu3xnnsTGCo4RVZh,spotify:artist:7Ht57YadlBXcFJDK3plmhO,3
3527,spotify:artist:5AyEXCtu3xnnsTGCo4RVZh,spotify:artist:4YjpqCSDD7zwMQgPYJMqb0,3
3528,spotify:artist:5AyEXCtu3xnnsTGCo4RVZh,spotify:artist:0Zk7We5BZoDR40himAI86D,3
3529,spotify:artist:5AyEXCtu3xnnsTGCo4RVZh,spotify:artist:2feOOr1Yjovo67byuxvjZv,3
3530,spotify:artist:5AyEXCtu3xnnsTGCo4RVZh,spotify:artist:4IwOItqRhsIoRuD5HP4vyC,3
3531,spotify:artist:5AyEXCtu3xnnsTGCo4RVZh,spotify:artist:3G3Gdm0ZRAOxLrbyjfhii5,3
3532,spotify:artist:5AyEXCtu3xnnsTGCo4RVZh,spotify:artist:6guTJsgPymDUVfqDJyz5UG,3
3533,spotify:artist:5AyEXCtu3xnnsTGCo4RVZh,spotify:artist:7DnDHNnkHER4ompBXz1ibL,3
3534,spotify:artist:5AyEXCtu3xnnsTGCo4RVZh,spotify:artist:5NtMqQLCzdVvL7F8vFp3zM,3
3535,spotify:artist:5AyEXCtu3xnnsTGCo4RVZh,spotify:artist:5VnYwYnG7QmpzQtxyubIwh,3
3536,spotify:artist:5AyEXCtu3xnnsTGCo4RVZh,spotify:artist:0FRKTwQSToXpCxYMhyUzYY,3
3537,spotify:artist:5AyEXCtu3xnnsTGCo4RVZh,spotify:artist:6a27jEzxHDgONdmADAGcej,3
3538,spotify:artist:5AyEXCtu3xnnsTGCo4RVZh,spotify:artist:0pbIqPTefLfuOcbM2ojXdl,3
3539,spotify:artist:5AyEXCtu3xnnsTGCo4RVZh,spotify:artist:0QwH5InvCwfL4UbYkjP9pi,3
3540,spotify:artist:2l7DkzVuYJW700mR7r43un,spotify:artist:6Jg1WSoV27sDj7N2WRFPqo,3
3541,spotify:artist:2l7DkzVuYJW700mR7r43un,spotify:artist:7gqsi6aBSkRMJoL9psKqMr,3
3542,spotify:artist:2l7DkzVuYJW700mR7r43un,spotify:artist:4ePunOqQbOYoQwd1298g3Z,3
3543,spotify:artist:2l7DkzVuYJW700mR7r43un,spotify:artist:2zAvisjImPICTNsRgagqlV,3
3544,spotify:artist:2l7DkzVuYJW700mR7r43un,spotify:artist:3uQ5cxFHxXddqPL58egs1z,3
3545,spotify:artist:2l7DkzVuYJW700mR7r43un,spotify:artist:2k07pWgpJiFIbb9q1yJ36B,3
3546,spotify:artist:2l7DkzVuYJW700mR7r43un,spotify:artist:4tBNwdhdWAXGzzaPTp9dRE,3
3547,spotify:artist:2l7DkzVuYJW700mR7r43un,spotify:artist:4OogVxC2vWAsXsTYXctXi1,3
3548,spotify:artist:2l7DkzVuYJW700mR7r43un,spotify:artist:2EEw2tt8AJcH9qXUeB96Oc,3
3549,spotify:artist:2l7DkzVuYJW700mR7r43un,spotify:artist:2ajVJyxI4sHmTMtTA3ENko,3
3550,spotify:artist:2l7DkzVuYJW700mR7r43un,spotify:artist:2Lhs0asnFQiLuntn3s8p78,3
3551,spotify:artist:2l7DkzVuYJW700mR7r43un,spotify:artist:7EFfGZiKL1Ud3cspnlMq4H,3
3552,spotify:artist:2l7DkzVuYJW700mR7r43un,spotify:artist:0Z6hyoqGpchajBS8Gt3c0l,3
3553,spotify:artist:2l7DkzVuYJW700mR7r43un,spotify:artist:0qt6QSruHshcWT9QOzyfZp,3
3554,spotify:artist:2l7DkzVuYJW700mR7r43un,spotify:artist:6ZWMXMg25PGVCaoYZXQSyn,3
3555,spotify:artist:2l7DkzVuYJW700mR7r43un,spotify:artist:3mv2eHwrIONSkviASDMRMa,3
3556,spotify:artist:2l7DkzVuYJW700mR7r43un,spotify:artist:2GATzeg62cr6sH29wSOVWe,3
3557,spotify:artist:2l7DkzVuYJW700mR7r43un,spotify:artist:53PYmJ7bACIX8gkVoTkCIr,3
3558,spotify:artist:2l7DkzVuYJW700mR7r43un,spotify:artist:4G0XDEk7RbA4BBCTs917U9,3
3559,spotify:artist:2l7DkzVuYJW700mR7r43un,spotify:artist:3gSfOAPCvsDDVDBeSLl9v6,3
3560,spotify:artist:0AOyxXRa4odDG1PisHJtKx,spotify:artist:1555UFA4CyCnJEzCKikGHe,3
3561,spotify:artist:0AOyxXRa4odDG1PisHJtKx,spotify:artist:5lQ9ygSr6WMqXYsG00nNNY,3
3562,spotify:artist:0AOyxXRa4odDG1PisHJtKx,spotify:artist:58bGdoz5bUtPMOTzueTBOy,3
3563,spotify:artist:0AOyxXRa4odDG1PisHJtKx,spotify:artist:60CBjmRpwr02JwAd3Ho25U,3
3564,spotify:artist:0AOyxXRa4odDG1PisHJtKx,spotify:artist:7DnDHNnkHER4ompBXz1ibL,3
3565,spotify:artist:0AOyxXRa4odDG1PisHJtKx,spotify:artist:0GXsDnyvpjRO46Cgv3w5KS,3
3566,spotify:artist:0AOyxXRa4odDG1PisHJtKx,spotify:artist:3SpA64SUzDeu1Q4MztoGw3,3
3567,spotify:artist:0AOyxXRa4odDG1PisHJtKx,spotify:artist:7skjJzEym3TvOGR4pqtqkP,3
3568,spotify:artist:0AOyxXRa4odDG1PisHJtKx,spotify:artist:4z3gabDVIY1yYKNtOxvIeC,3
3569,spotify:artist:0AOyxXRa4odDG1PisHJtKx,spotify:artist:0pbIqPTefLfuOcbM2ojXdl,3
3570,spotify:artist:0AOyxXRa4odDG1PisHJtKx,spotify:artist:4KM9dvP8pZwLy9z7J41kq3,3
3571,spotify:artist:0AOyxXRa4odDG1PisHJtKx,spotify:artist:7LMO4vkA2xYpGYbzsggPbk,3
3572,spotify:artist:0AOyxXRa4odDG1PisHJtKx,spotify:artist:4YjpqCSDD7zwMQgPYJMqb0,3
3573,spotify:artist:0AOyxXRa4odDG1PisHJtKx,spotify:artist:2GATzeg62cr6sH29wSOVWe,3
3574,spotify:artist:0AOyxXRa4odDG1PisHJtKx,spotify:artist:6U1lmwvy3I9dIYu9RalJi6,3
3575,spotify:artist:0AOyxXRa4odDG1PisHJtKx,spotify:artist:5pSqmI85JYRSjUtpFsdoon,3
3576,spotify:artist:0AOyxXRa4odDG1PisHJtKx,spotify:artist:5AyEXCtu3xnnsTGCo4RVZh,3
3577,spotify:artist:0AOyxXRa4odDG1PisHJtKx,spotify:artist:0pNaVvqSvldpJl7pHpNoM9,3
3578,spotify:artist:0AOyxXRa4odDG1PisHJtKx,spotify:artist:0Hko1NgISX00BkCPOuyVzQ,3
3579,spotify:artist:0AOyxXRa4odDG1PisHJtKx,spotify:artist:7uRuXWkNhoHhzpqDnaEJLJ,3
3580,spotify:artist:4tBNwdhdWAXGzzaPTp9dRE,spotify:artist:3uQ5cxFHxXddqPL58egs1z,3
3581,spotify:artist:4tBNwdhdWAXGzzaPTp9dRE,spotify:artist:2k07pWgpJiFIbb9q1yJ36B,3
3582,spotify:artist:4tBNwdhdWAXGzzaPTp9dRE,spotify:artist:43qdXLql01k9JPTeqBG22H,3
3583,spotify:artist:4tBNwdhdWAXGzzaPTp9dRE,spotify:artist:2l7DkzVuYJW700mR7r43un,3
3584,spotify:artist:4tBNwdhdWAXGzzaPTp9dRE,spotify:artist:0qt6QSruHshcWT9QOzyfZp,3
3585,spotify:artist:4tBNwdhdWAXGzzaPTp9dRE,spotify:artist:2zAvisjImPICTNsRgagqlV,3
3586,spotify:artist:4tBNwdhdWAXGzzaPTp9dRE,spotify:artist:7EFfGZiKL1Ud3cspnlMq4H,3
3587,spotify:artist:4tBNwdhdWAXGzzaPTp9dRE,spotify:artist:2EEw2tt8AJcH9qXUeB96Oc,3
3588,spotify:artist:4tBNwdhdWAXGzzaPTp9dRE,spotify:artist:4G0XDEk7RbA4BBCTs917U9,3
3589,spotify:artist:4tBNwdhdWAXGzzaPTp9dRE,spotify:artist:79JJCxCCfJ8HufX6w8q2k4,3
3590,spotify:artist:4tBNwdhdWAXGzzaPTp9dRE,spotify:artist:2oAKV8mT3NB1hZbGbGcdYB,3
3591,spotify:artist:4tBNwdhdWAXGzzaPTp9dRE,spotify:artist:339qxEdD8z8okRAiTp1HKf,3
3592,spotify:artist:4tBNwdhdWAXGzzaPTp9dRE,spotify:artist:2ajVJyxI4sHmTMtTA3ENko,3
3593,spotify:artist:4tBNwdhdWAXGzzaPTp9dRE,spotify:artist:2Lhs0asnFQiLuntn3s8p78,3
3594,spotify:artist:4tBNwdhdWAXGzzaPTp9dRE,spotify:artist:3gSfOAPCvsDDVDBeSLl9v6,3
3595,spotify:artist:4tBNwdhdWAXGzzaPTp9dRE,spotify:artist:7gqsi6aBSkRMJoL9psKqMr,3
3596,spotify:artist:4tBNwdhdWAXGzzaPTp9dRE,spotify:artist:0GkLlslI4LMVTTuUkyQp57,3
3597,spotify:artist:4tBNwdhdWAXGzzaPTp9dRE,spotify:artist:6M5FR3JkFFVDkgwtO6Vtz6,3
3598,spotify:artist:4tBNwdhdWAXGzzaPTp9dRE,spotify:artist:6Jg1WSoV27sDj7N2WRFPqo,3
3599,spotify:artist:4tBNwdhdWAXGzzaPTp9dRE,spotify:artist:0Z6hyoqGpchajBS8Gt3c0l,3
3600,spotify:artist:1W6z6i8gjySesldcmxtsAW,spotify:artist:1M7LzCFWQ3rTLiUsD6qSST,3
3601,spotify:artist:1W6z6i8gjySesldcmxtsAW,spotify:artist:1CgvL3gASrnuI8SKXr8K7F,3
3602,spotify:artist:1W6z6i8gjySesldcmxtsAW,spotify:artist:0M02NJYkmh4eYhsKVAgVbJ,3
3603,spotify:artist:1W6z6i8gjySesldcmxtsAW,spotify:artist:7k8oHbK8ratXIVlYX7fVRU,3
3604,spotify:artist:1W6z6i8gjySesldcmxtsAW,spotify:artist:0BLh5cn4nqfqoVUREx3hLj,3
3605,spotify:artist:1W6z6i8gjySesldcmxtsAW,spotify:artist:6qQpSCDIS4V5Md1sfgaCkh,3
3606,spotify:artist:1W6z6i8gjySesldcmxtsAW,spotify:artist:3eKN3A1F9LHWa2fHo3m1rd,3
3607,spotify:artist:1W6z6i8gjySesldcmxtsAW,spotify:artist:7tfS18oUEffScrxryTgwyC,3
3608,spotify:artist:1W6z6i8gjySesldcmxtsAW,spotify:artist:2UDplVRprMbazU74Hq8OLl,3
3609,spotify:artist:1W6z6i8gjySesldcmxtsAW,spotify:artist:3N6WAAPHoIjo6na008793X,3
3610,spotify:artist:1W6z6i8gjySesldcmxtsAW,spotify:artist:6vrwcJbfs2QyRtApdx1hXX,3
3611,spotify:artist:1W6z6i8gjySesldcmxtsAW,spotify:artist:2zTCLiQ8OUIWEyV6eZWzFy,3
3612,spotify:artist:1W6z6i8gjySesldcmxtsAW,spotify:artist:0rZpNCCYOe06am554MyKRu,3
3613,spotify:artist:1W6z6i8gjySesldcmxtsAW,spotify:artist:4W1poTLCG6XjhBUVehcaMB,3
3614,spotify:artist:1W6z6i8gjySesldcmxtsAW,spotify:artist:3TFAJTLpniOsGlMeh8Tqnk,3
3615,spotify:artist:1W6z6i8gjySesldcmxtsAW,spotify:artist:5ZOh5D4MKLhU3GekPzNFam,3
3616,spotify:artist:1W6z6i8gjySesldcmxtsAW,spotify:artist:4yvuCAFk8vERXXBf138h8S,3
3617,spotify:artist:1W6z6i8gjySesldcmxtsAW,spotify:artist:3d1zFz2gPJbDaQDTsyNmbZ,3
3618,spotify:artist:1W6z6i8gjySesldcmxtsAW,spotify:artist:2idymNTKUdnTxforkb12Mw,3
3619,spotify:artist:1W6z6i8gjySesldcmxtsAW,spotify:artist:4nnvwFUhvSQ1WLcMbKJB9V,3
3620,spotify:artist:1M7LzCFWQ3rTLiUsD6qSST,spotify:artist:1W6z6i8gjySesldcmxtsAW,3
3621,spotify:artist:1M7LzCFWQ3rTLiUsD6qSST,spotify:artist:0M02NJYkmh4eYhsKVAgVbJ,3
3622,spotify:artist:1M7LzCFWQ3rTLiUsD6qSST,spotify:artist:1CgvL3gASrnuI8SKXr8K7F,3
3623,spotify:artist:1M7LzCFWQ3rTLiUsD6qSST,spotify:artist:7k8oHbK8ratXIVlYX7fVRU,3
3624,spotify:artist:1M7LzCFWQ3rTLiUsD6qSST,spotify:artist:5x3OulmmMZoHdhOoQaNyP5,3
3625,spotify:artist:1M7LzCFWQ3rTLiUsD6qSST,spotify:artist:3aCS3JvkoSr84i7ge9pA9o,3
3626,spotify:artist:1M7LzCFWQ3rTLiUsD6qSST,spotify:artist:3d1zFz2gPJbDaQDTsyNmbZ,3
3627,spotify:artist:1M7LzCFWQ3rTLiUsD6qSST,spotify:artist:2UWJVpm81yeOuzFWmaYEAF,3
3628,spotify:artist:1M7LzCFWQ3rTLiUsD6qSST,spotify:artist:2Sp19cOHSqAUlE64hekARW,3
3629,spotify:artist:1M7LzCFWQ3rTLiUsD6qSST,spotify:artist:07tmbQsiTfXekPkbovBERR,3
3630,spotify:artist:1M7LzCFWQ3rTLiUsD6qSST,spotify:artist:0O5sXbPJPWbHKnbLfdLARS,3
3631,spotify:artist:1M7LzCFWQ3rTLiUsD6qSST,spotify:artist:2zTCLiQ8OUIWEyV6eZWzFy,3
3632,spotify:artist:1M7LzCFWQ3rTLiUsD6qSST,spotify:artist:2idymNTKUdnTxforkb12Mw,3
3633,spotify:artist:1M7LzCFWQ3rTLiUsD6qSST,spotify:artist:5BGPsIFgLQh8bWfHHSQYth,3
3634,spotify:artist:1M7LzCFWQ3rTLiUsD6qSST,spotify:artist:5lQ9ygSr6WMqXYsG00nNNY,3
3635,spotify:artist:1M7LzCFWQ3rTLiUsD6qSST,spotify:artist:0BLh5cn4nqfqoVUREx3hLj,3
3636,spotify:artist:1M7LzCFWQ3rTLiUsD6qSST,spotify:artist:6NZ4NDGpMT4p82PCJh57Ec,3
3637,spotify:artist:1M7LzCFWQ3rTLiUsD6qSST,spotify:artist:6uHjKRsYGaElOrKWlSEji3,3
3638,spotify:artist:1M7LzCFWQ3rTLiUsD6qSST,spotify:artist:53PYmJ7bACIX8gkVoTkCIr,3
3639,spotify:artist:1M7LzCFWQ3rTLiUsD6qSST,spotify:artist:4GcBbZ5wVhNABLzm4MpJqG,3
3640,spotify:artist:5ZOh5D4MKLhU3GekPzNFam,spotify:artist:3TFAJTLpniOsGlMeh8Tqnk,3
3641,spotify:artist:5ZOh5D4MKLhU3GekPzNFam,spotify:artist:2idymNTKUdnTxforkb12Mw,3
3642,spotify:artist:5ZOh5D4MKLhU3GekPzNFam,spotify:artist:3d1zFz2gPJbDaQDTsyNmbZ,3
3643,spotify:artist:5ZOh5D4MKLhU3GekPzNFam,spotify:artist:3JqoJ9CMC1y6iLHz5zZLut,3
3644,spotify:artist:5ZOh5D4MKLhU3GekPzNFam,spotify:artist:10flBVEy5MiUXOJWTaFsyL,3
3645,spotify:artist:5ZOh5D4MKLhU3GekPzNFam,spotify:artist:5DSSaD2HBvTDwGTsxLGjHb,3
3646,spotify:artist:5ZOh5D4MKLhU3GekPzNFam,spotify:artist:1UGwqiX4QA7R9hNBwzjavF,3
3647,spotify:artist:5ZOh5D4MKLhU3GekPzNFam,spotify:artist:3UvcmAOZt64oKpP95f6MMM,3
3648,spotify:artist:5ZOh5D4MKLhU3GekPzNFam,spotify:artist:2Sp19cOHSqAUlE64hekARW,3
3649,spotify:artist:5ZOh5D4MKLhU3GekPzNFam,spotify:artist:4nnvwFUhvSQ1WLcMbKJB9V,3
3650,spotify:artist:5ZOh5D4MKLhU3GekPzNFam,spotify:artist:1qsv5nPGCKcjBBw6Ks0brG,3
3651,spotify:artist:5ZOh5D4MKLhU3GekPzNFam,spotify:artist:1USc9u5yL4tUaQKhGWNuvj,3
3652,spotify:artist:5ZOh5D4MKLhU3GekPzNFam,spotify:artist:6paRdA1dkAEb0dWcIS4TOp,3
3653,spotify:artist:5ZOh5D4MKLhU3GekPzNFam,spotify:artist:1CgvL3gASrnuI8SKXr8K7F,3
3654,spotify:artist:5ZOh5D4MKLhU3GekPzNFam,spotify:artist:6w7fc6IZlo5zwBaKT5jU1X,3
3655,spotify:artist:5ZOh5D4MKLhU3GekPzNFam,spotify:artist:1CYmYyxlWBVY80Kvq5lTDg,3
3656,spotify:artist:5ZOh5D4MKLhU3GekPzNFam,spotify:artist:0fWvSXbvztkeHEnEuYvU2A,3
3657,spotify:artist:5ZOh5D4MKLhU3GekPzNFam,spotify:artist:0g4PzbnDBC6RM8Wl4A9Pv4,3
3658,spotify:artist:5ZOh5D4MKLhU3GekPzNFam,spotify:artist:3N6WAAPHoIjo6na008793X,3
3659,spotify:artist:5ZOh5D4MKLhU3GekPzNFam,spotify:artist:7CW5MYWUsyUYiHbiTmVZHe,3
3660,spotify:artist:7k8oHbK8ratXIVlYX7fVRU,spotify:artist:0o6vWEqUMVEHLLrWuFUVut,3
3661,spotify:artist:7k8oHbK8ratXIVlYX7fVRU,spotify:artist:0BLh5cn4nqfqoVUREx3hLj,3
3662,spotify:artist:7k8oHbK8ratXIVlYX7fVRU,spotify:artist:5JFS60r6NwiQfX8Ue29JHL,3
3663,spotify:artist:7k8oHbK8ratXIVlYX7fVRU,spotify:artist:71I7zoXe7aIZvzN19S1gIo,3
3664,spotify:artist:7k8oHbK8ratXIVlYX7fVRU,spotify:artist:1CgvL3gASrnuI8SKXr8K7F,3
3665,spotify:artist:7k8oHbK8ratXIVlYX7fVRU,spotify:artist:6IfaumPVXMZ8iDue5QhuCY,3
3666,spotify:artist:7k8oHbK8ratXIVlYX7fVRU,spotify:artist:2Plkkomsc4DKawkCioLKjc,3
3667,spotify:artist:7k8oHbK8ratXIVlYX7fVRU,spotify:artist:4CvAzkeYfFG9DbZ4rCRzih,3
3668,spotify:artist:7k8oHbK8ratXIVlYX7fVRU,spotify:artist:2rDxtYUzTAYJJE3Bl3Z5IN,3
3669,spotify:artist:7k8oHbK8ratXIVlYX7fVRU,spotify:artist:4OogVxC2vWAsXsTYXctXi1,3
3670,spotify:artist:7k8oHbK8ratXIVlYX7fVRU,spotify:artist:0O0g9JMOVNoIgLG6dgaYMY,3
3671,spotify:artist:7k8oHbK8ratXIVlYX7fVRU,spotify:artist:7AhDVqsNA5q46WKsRPXvoe,3
3672,spotify:artist:7k8oHbK8ratXIVlYX7fVRU,spotify:artist:3N6WAAPHoIjo6na008793X,3
3673,spotify:artist:7k8oHbK8ratXIVlYX7fVRU,spotify:artist:26mSNyxjAsV5HSb7vAHu1W,3
3674,spotify:artist:7k8oHbK8ratXIVlYX7fVRU,spotify:artist:1Cc79YAHP7xvQAVQSjveP6,3
3675,spotify:artist:7k8oHbK8ratXIVlYX7fVRU,spotify:artist:2UDplVRprMbazU74Hq8OLl,3
3676,spotify:artist:7k8oHbK8ratXIVlYX7fVRU,spotify:artist:3vidJsiALgVC5ZuweJgeDT,3
3677,spotify:artist:7k8oHbK8ratXIVlYX7fVRU,spotify:artist:1CYmYyxlWBVY80Kvq5lTDg,3
3678,spotify:artist:7k8oHbK8ratXIVlYX7fVRU,spotify:artist:3F4PBcfdeFdmxjRPS2UdMl,3
3679,spotify:artist:7k8oHbK8ratXIVlYX7fVRU,spotify:artist:4ljMUpFLXEVZWUrdHtuEzw,3
3680,spotify:artist:0M02NJYkmh4eYhsKVAgVbJ,spotify:artist:0BLh5cn4nqfqoVUREx3hLj,3
3681,spotify:artist:0M02NJYkmh4eYhsKVAgVbJ,spotify:artist:6vrwcJbfs2QyRtApdx1hXX,3
3682,spotify:artist:0M02NJYkmh4eYhsKVAgVbJ,spotify:artist:2zTCLiQ8OUIWEyV6eZWzFy,3
3683,spotify:artist:0M02NJYkmh4eYhsKVAgVbJ,spotify:artist:4tPRMBm25eaPJaceUBPqTK,3
3684,spotify:artist:0M02NJYkmh4eYhsKVAgVbJ,spotify:artist:2Plkkomsc4DKawkCioLKjc,3
3685,spotify:artist:0M02NJYkmh4eYhsKVAgVbJ,spotify:artist:2UDplVRprMbazU74Hq8OLl,3
3686,spotify:artist:0M02NJYkmh4eYhsKVAgVbJ,spotify:artist:1M7LzCFWQ3rTLiUsD6qSST,3
3687,spotify:artist:0M02NJYkmh4eYhsKVAgVbJ,spotify:artist:3eKN3A1F9LHWa2fHo3m1rd,3
3688,spotify:artist:0M02NJYkmh4eYhsKVAgVbJ,spotify:artist:5U1pEBuiFLycsQ4mYP3nmK,3
3689,spotify:artist:0M02NJYkmh4eYhsKVAgVbJ,spotify:artist:7AhDVqsNA5q46WKsRPXvoe,3
3690,spotify:artist:0M02NJYkmh4eYhsKVAgVbJ,spotify:artist:6qQpSCDIS4V5Md1sfgaCkh,3
3691,spotify:artist:0M02NJYkmh4eYhsKVAgVbJ,spotify:artist:4S0WYuq4dnunQV6cL3I49i,3
3692,spotify:artist:0M02NJYkmh4eYhsKVAgVbJ,spotify:artist:1W6z6i8gjySesldcmxtsAW,3
3693,spotify:artist:0M02NJYkmh4eYhsKVAgVbJ,spotify:artist:3x0LgZSPgNh91O6NBMtqTs,3
3694,spotify:artist:0M02NJYkmh4eYhsKVAgVbJ,spotify:artist:0tyLMmQvEuyQR4qjGBdbem,3
3695,spotify:artist:0M02NJYkmh4eYhsKVAgVbJ,spotify:artist:6JjE9yVvCNV5EbUpvS7JcQ,3
3696,spotify:artist:0M02NJYkmh4eYhsKVAgVbJ,spotify:artist:1CgvL3gASrnuI8SKXr8K7F,3
3697,spotify:artist:0M02NJYkmh4eYhsKVAgVbJ,spotify:artist:1Cc79YAHP7xvQAVQSjveP6,3
3698,spotify:artist:0M02NJYkmh4eYhsKVAgVbJ,spotify:artist:0GkLlslI4LMVTTuUkyQp57,3
3699,spotify:artist:0M02NJYkmh4eYhsKVAgVbJ,spotify:artist:2rDxtYUzTAYJJE3Bl3Z5IN,3
3700,spotify:artist:2idymNTKUdnTxforkb12Mw,spotify:artist:5ZOh5D4MKLhU3GekPzNFam,3
3701,spotify:artist:2idymNTKUdnTxforkb12Mw,spotify:artist:3JqoJ9CMC1y6iLHz5zZLut,3
3702,spotify:artist:2idymNTKUdnTxforkb12Mw,spotify:artist:10flBVEy5MiUXOJWTaFsyL,3
3703,spotify:artist:2idymNTKUdnTxforkb12Mw,spotify:artist:73YLmyaazO66GncUVHP0KV,3
3704,spotify:artist:2idymNTKUdnTxforkb12Mw,spotify:artist:3UvcmAOZt64oKpP95f6MMM,3
3705,spotify:artist:2idymNTKUdnTxforkb12Mw,spotify:artist:06KgaEpSluofkcChSo7TNr,3
3706,spotify:artist:2idymNTKUdnTxforkb12Mw,spotify:artist:3d1zFz2gPJbDaQDTsyNmbZ,3
3707,spotify:artist:2idymNTKUdnTxforkb12Mw,spotify:artist:3N6WAAPHoIjo6na008793X,3
3708,spotify:artist:2idymNTKUdnTxforkb12Mw,spotify:artist:6w7fc6IZlo5zwBaKT5jU1X,3
3709,spotify:artist:2idymNTKUdnTxforkb12Mw,spotify:artist:2Sp19cOHSqAUlE64hekARW,3
3710,spotify:artist:2idymNTKUdnTxforkb12Mw,spotify:artist:0fWvSXbvztkeHEnEuYvU2A,3
3711,spotify:artist:2idymNTKUdnTxforkb12Mw,spotify:artist:5DSSaD2HBvTDwGTsxLGjHb,3
3712,spotify:artist:2idymNTKUdnTxforkb12Mw,spotify:artist:4DD6xBZ1INIT3yGJRQLzej,3
3713,spotify:artist:2idymNTKUdnTxforkb12Mw,spotify:artist:1CYmYyxlWBVY80Kvq5lTDg,3
3714,spotify:artist:2idymNTKUdnTxforkb12Mw,spotify:artist:4nnvwFUhvSQ1WLcMbKJB9V,3
3715,spotify:artist:2idymNTKUdnTxforkb12Mw,spotify:artist:6paRdA1dkAEb0dWcIS4TOp,3
3716,spotify:artist:2idymNTKUdnTxforkb12Mw,spotify:artist:1UGwqiX4QA7R9hNBwzjavF,3
3717,spotify:artist:2idymNTKUdnTxforkb12Mw,spotify:artist:1pgtr4nhBQjp9oCUBPyYWh,3
3718,spotify:artist:2idymNTKUdnTxforkb12Mw,spotify:artist:0ODQJS4mk7rVBJXjdqByX6,3
3719,spotify:artist:2idymNTKUdnTxforkb12Mw,spotify:artist:0THUMJMWUd5L8os9K6O4FE,3
3720,spotify:artist:3d1zFz2gPJbDaQDTsyNmbZ,spotify:artist:4nnvwFUhvSQ1WLcMbKJB9V,3
3721,spotify:artist:3d1zFz2gPJbDaQDTsyNmbZ,spotify:artist:5ZOh5D4MKLhU3GekPzNFam,3
3722,spotify:artist:3d1zFz2gPJbDaQDTsyNmbZ,spotify:artist:4yzFeQUVw1XHawihi2QLXL,3
3723,spotify:artist:3d1zFz2gPJbDaQDTsyNmbZ,spotify:artist:5DSSaD2HBvTDwGTsxLGjHb,3
3724,spotify:artist:3d1zFz2gPJbDaQDTsyNmbZ,spotify:artist:1qsv5nPGCKcjBBw6Ks0brG,3
3725,spotify:artist:3d1zFz2gPJbDaQDTsyNmbZ,spotify:artist:3JqoJ9CMC1y6iLHz5zZLut,3
3726,spotify:artist:3d1zFz2gPJbDaQDTsyNmbZ,spotify:artist:3xqtGRF60qJk2fQkYRf0JX,3
3727,spotify:artist:3d1zFz2gPJbDaQDTsyNmbZ,spotify:artist:0hy5N5Ba5SdNxu0BkoPoWl,3
3728,spotify:artist:3d1zFz2gPJbDaQDTsyNmbZ,spotify:artist:3aCS3JvkoSr84i7ge9pA9o,3
3729,spotify:artist:3d1zFz2gPJbDaQDTsyNmbZ,spotify:artist:0ShV0veaBj1NvWRORhuwlI,3
3730,spotify:artist:3d1zFz2gPJbDaQDTsyNmbZ,spotify:artist:2gOOxhK4K9RdxAgNDgYmlJ,3
3731,spotify:artist:3d1zFz2gPJbDaQDTsyNmbZ,spotify:artist:5mGc9Y2bNcekFrHfEVMoV8,3
3732,spotify:artist:3d1zFz2gPJbDaQDTsyNmbZ,spotify:artist:7y3LomFfmj9W1jck88vjjC,3
3733,spotify:artist:3d1zFz2gPJbDaQDTsyNmbZ,spotify:artist:1SyCQtKtDtMfJBBKGm0A8B,3
3734,spotify:artist:3d1zFz2gPJbDaQDTsyNmbZ,spotify:artist:2idymNTKUdnTxforkb12Mw,3
3735,spotify:artist:3d1zFz2gPJbDaQDTsyNmbZ,spotify:artist:070kz1iiNY2AIbIu5SAxE2,3
3736,spotify:artist:3d1zFz2gPJbDaQDTsyNmbZ,spotify:artist:6u1rAqJPUhCQnAIGmtWvhf,3
3737,spotify:artist:3d1zFz2gPJbDaQDTsyNmbZ,spotify:artist:0g4PzbnDBC6RM8Wl4A9Pv4,3
3738,spotify:artist:3d1zFz2gPJbDaQDTsyNmbZ,spotify:artist:2kDyODn1VxVZXZQxsEvHFG,3
3739,spotify:artist:3d1zFz2gPJbDaQDTsyNmbZ,spotify:artist:630GKUdfGN9gcScA8S8PDw,3
3740,spotify:artist:2Sp19cOHSqAUlE64hekARW,spotify:artist:6w7fc6IZlo5zwBaKT5jU1X,3
3741,spotify:artist:2Sp19cOHSqAUlE64hekARW,spotify:artist:5ZOh5D4MKLhU3GekPzNFam,3
3742,spotify:artist:2Sp19cOHSqAUlE64hekARW,spotify:artist:6paRdA1dkAEb0dWcIS4TOp,3
3743,spotify:artist:2Sp19cOHSqAUlE64hekARW,spotify:artist:4DD6xBZ1INIT3yGJRQLzej,3
3744,spotify:artist:2Sp19cOHSqAUlE64hekARW,spotify:artist:3UvcmAOZt64oKpP95f6MMM,3
3745,spotify:artist:2Sp19cOHSqAUlE64hekARW,spotify:artist:4tyCvqG48h4LdcbFfWBjR9,3
3746,spotify:artist:2Sp19cOHSqAUlE64hekARW,spotify:artist:6UYwzZChuolxsylHcZcBBP,3
3747,spotify:artist:2Sp19cOHSqAUlE64hekARW,spotify:artist:2idymNTKUdnTxforkb12Mw,3
3748,spotify:artist:2Sp19cOHSqAUlE64hekARW,spotify:artist:7lmde7T1WJPFwv1eR6melP,3
3749,spotify:artist:2Sp19cOHSqAUlE64hekARW,spotify:artist:3d1zFz2gPJbDaQDTsyNmbZ,3
3750,spotify:artist:2Sp19cOHSqAUlE64hekARW,spotify:artist:77oD8X9qLXZhpbCjv53l5n,3
3751,spotify:artist:2Sp19cOHSqAUlE64hekARW,spotify:artist:4oV5EVJ0XFWsJKoOvdRPvl,3
3752,spotify:artist:2Sp19cOHSqAUlE64hekARW,spotify:artist:0WPY9nnBy01s5QOt4o4oQX,3
3753,spotify:artist:2Sp19cOHSqAUlE64hekARW,spotify:artist:4HCubdy7diarb4KZo8etrq,3
3754,spotify:artist:2Sp19cOHSqAUlE64hekARW,spotify:artist:0fWvSXbvztkeHEnEuYvU2A,3
3755,spotify:artist:2Sp19cOHSqAUlE64hekARW,spotify:artist:4UETUdF77BfyJ7fEFVztr3,3
3756,spotify:artist:2Sp19cOHSqAUlE64hekARW,spotify:artist:4Nu0EL8c5d2vFHPOcNjlBP,3
3757,spotify:artist:2Sp19cOHSqAUlE64hekARW,spotify:artist:4tfyTbsNNN5xfxKDwG4VfP,3
3758,spotify:artist:2Sp19cOHSqAUlE64hekARW,spotify:artist:2wrhBKGC3DTNNNDRJPaxW6,3
3759,spotify:artist:2Sp19cOHSqAUlE64hekARW,spotify:artist:3N6WAAPHoIjo6na008793X,3
3760,spotify:artist:3N6WAAPHoIjo6na008793X,spotify:artist:2xoDN5GlMYE7ebaMKrx0Lv,3
3761,spotify:artist:3N6WAAPHoIjo6na008793X,spotify:artist:0fWvSXbvztkeHEnEuYvU2A,3
3762,spotify:artist:3N6WAAPHoIjo6na008793X,spotify:artist:6paRdA1dkAEb0dWcIS4TOp,3
3763,spotify:artist:3N6WAAPHoIjo6na008793X,spotify:artist:6w7fc6IZlo5zwBaKT5jU1X,3
3764,spotify:artist:3N6WAAPHoIjo6na008793X,spotify:artist:2idymNTKUdnTxforkb12Mw,3
3765,spotify:artist:3N6WAAPHoIjo6na008793X,spotify:artist:4WPY0N74T3KUja57xMQTZ3,3
3766,spotify:artist:3N6WAAPHoIjo6na008793X,spotify:artist:4DD6xBZ1INIT3yGJRQLzej,3
3767,spotify:artist:3N6WAAPHoIjo6na008793X,spotify:artist:4Aq4ePZT5OKPz94Fd1stey,3
3768,spotify:artist:3N6WAAPHoIjo6na008793X,spotify:artist:0ODQJS4mk7rVBJXjdqByX6,3
3769,spotify:artist:3N6WAAPHoIjo6na008793X,spotify:artist:0BLh5cn4nqfqoVUREx3hLj,3
3770,spotify:artist:3N6WAAPHoIjo6na008793X,spotify:artist:0o1eC2L6gOIyKwkAtxVAWH,3
3771,spotify:artist:3N6WAAPHoIjo6na008793X,spotify:artist:6zKkaqMGGmaKLUSLTcsrls,3
3772,spotify:artist:3N6WAAPHoIjo6na008793X,spotify:artist:5ZOh5D4MKLhU3GekPzNFam,3
3773,spotify:artist:3N6WAAPHoIjo6na008793X,spotify:artist:2Plkkomsc4DKawkCioLKjc,3
3774,spotify:artist:3N6WAAPHoIjo6na008793X,spotify:artist:27AzFtMZhRN78bAMPntbpF,3
3775,spotify:artist:3N6WAAPHoIjo6na008793X,spotify:artist:7CW5MYWUsyUYiHbiTmVZHe,3
3776,spotify:artist:3N6WAAPHoIjo6na008793X,spotify:artist:2UDplVRprMbazU74Hq8OLl,3
3777,spotify:artist:3N6WAAPHoIjo6na008793X,spotify:artist:3UvcmAOZt64oKpP95f6MMM,3
3778,spotify:artist:3N6WAAPHoIjo6na008793X,spotify:artist:7AhDVqsNA5q46WKsRPXvoe,3
3779,spotify:artist:3N6WAAPHoIjo6na008793X,spotify:artist:3JqoJ9CMC1y6iLHz5zZLut,3
3780,spotify:artist:6uHjKRsYGaElOrKWlSEji3,spotify:artist:4W1poTLCG6XjhBUVehcaMB,3
3781,spotify:artist:6uHjKRsYGaElOrKWlSEji3,spotify:artist:2GATzeg62cr6sH29wSOVWe,3
3782,spotify:artist:6uHjKRsYGaElOrKWlSEji3,spotify:artist:0qt6QSruHshcWT9QOzyfZp,3
3783,spotify:artist:6uHjKRsYGaElOrKWlSEji3,spotify:artist:339qxEdD8z8okRAiTp1HKf,3
3784,spotify:artist:6uHjKRsYGaElOrKWlSEji3,spotify:artist:7EFfGZiKL1Ud3cspnlMq4H,3
3785,spotify:artist:6uHjKRsYGaElOrKWlSEji3,spotify:artist:1XW5L5zIBqMw7sqkkuIi5n,3
3786,spotify:artist:6uHjKRsYGaElOrKWlSEji3,spotify:artist:5lQ9ygSr6WMqXYsG00nNNY,3
3787,spotify:artist:6uHjKRsYGaElOrKWlSEji3,spotify:artist:2Lhs0asnFQiLuntn3s8p78,3
3788,spotify:artist:6uHjKRsYGaElOrKWlSEji3,spotify:artist:31ir0nQWMLTowZmZO8CiBw,3
3789,spotify:artist:6uHjKRsYGaElOrKWlSEji3,spotify:artist:2zTCLiQ8OUIWEyV6eZWzFy,3
3790,spotify:artist:6uHjKRsYGaElOrKWlSEji3,spotify:artist:7IDrRpDz0cOuUVC32c8PKD,3
3791,spotify:artist:6uHjKRsYGaElOrKWlSEji3,spotify:artist:1CgvL3gASrnuI8SKXr8K7F,3
3792,spotify:artist:6uHjKRsYGaElOrKWlSEji3,spotify:artist:2dxi3wnJ9h9kNioaWyIpYd,3
3793,spotify:artist:6uHjKRsYGaElOrKWlSEji3,spotify:artist:0O0g9JMOVNoIgLG6dgaYMY,3
3794,spotify:artist:6uHjKRsYGaElOrKWlSEji3,spotify:artist:4yvuCAFk8vERXXBf138h8S,3
3795,spotify:artist:6uHjKRsYGaElOrKWlSEji3,spotify:artist:60CBjmRpwr02JwAd3Ho25U,3
3796,spotify:artist:6uHjKRsYGaElOrKWlSEji3,spotify:artist:0wz0jO9anccPzH04N7FLBH,3
3797,spotify:artist:6uHjKRsYGaElOrKWlSEji3,spotify:artist:1555UFA4CyCnJEzCKikGHe,3
3798,spotify:artist:6uHjKRsYGaElOrKWlSEji3,spotify:artist:6paRdA1dkAEb0dWcIS4TOp,3
3799,spotify:artist:6uHjKRsYGaElOrKWlSEji3,spotify:artist:2l7DkzVuYJW700mR7r43un,3
3800,spotify:artist:38euc5ce2q2MMzaoJcPstz,spotify:artist:2wXBWJhbm1gfEVjyEEuhDH,3
3801,spotify:artist:38euc5ce2q2MMzaoJcPstz,spotify:artist:6igfLpd8s6DBBAuwebRUuo,3
3802,spotify:artist:38euc5ce2q2MMzaoJcPstz,spotify:artist:5l2EAkfckNPYZbEDbQtEkO,3
3803,spotify:artist:38euc5ce2q2MMzaoJcPstz,spotify:artist:2qc41rNTtdLK0tV3mJn2Pm,3
3804,spotify:artist:38euc5ce2q2MMzaoJcPstz,spotify:artist:0TeVWuc8Sw05X4Qkl3AA5r,3
3805,spotify:artist:38euc5ce2q2MMzaoJcPstz,spotify:artist:5aD0uh1BpYTN7AzhiSDgaO,3
3806,spotify:artist:38euc5ce2q2MMzaoJcPstz,spotify:artist:5EOPLr73C9nIPYwVEAsiOY,3
3807,spotify:artist:38euc5ce2q2MMzaoJcPstz,spotify:artist:6zKkaqMGGmaKLUSLTcsrls,3
3808,spotify:artist:38euc5ce2q2MMzaoJcPstz,spotify:artist:2UDplVRprMbazU74Hq8OLl,3
3809,spotify:artist:38euc5ce2q2MMzaoJcPstz,spotify:artist:1CgvL3gASrnuI8SKXr8K7F,3
3810,spotify:artist:38euc5ce2q2MMzaoJcPstz,spotify:artist:1ZsnHGOLYFg8CAHQQBc1ut,3
3811,spotify:artist:38euc5ce2q2MMzaoJcPstz,spotify:artist:2Lhs0asnFQiLuntn3s8p78,3
3812,spotify:artist:38euc5ce2q2MMzaoJcPstz,spotify:artist:0tyLMmQvEuyQR4qjGBdbem,3
3813,spotify:artist:38euc5ce2q2MMzaoJcPstz,spotify:artist:2rDxtYUzTAYJJE3Bl3Z5IN,3
3814,spotify:artist:38euc5ce2q2MMzaoJcPstz,spotify:artist:6BV1QOFqWihVnBllS5naPh,3
3815,spotify:artist:38euc5ce2q2MMzaoJcPstz,spotify:artist:5GHv1pBOWOQxIE6WQBq88Q,3
3816,spotify:artist:38euc5ce2q2MMzaoJcPstz,spotify:artist:7x4So74vIUx3DaLk93JCFf,3
3817,spotify:artist:38euc5ce2q2MMzaoJcPstz,spotify:artist:6nXSnNEdLuKTzAQozRtqiI,3
3818,spotify:artist:38euc5ce2q2MMzaoJcPstz,spotify:artist:79JJCxCCfJ8HufX6w8q2k4,3
3819,spotify:artist:38euc5ce2q2MMzaoJcPstz,spotify:artist:3vidJsiALgVC5ZuweJgeDT,3
3820,spotify:artist:5DSSaD2HBvTDwGTsxLGjHb,spotify:artist:10flBVEy5MiUXOJWTaFsyL,3
3821,spotify:artist:5DSSaD2HBvTDwGTsxLGjHb,spotify:artist:0g4PzbnDBC6RM8Wl4A9Pv4,3
3822,spotify:artist:5DSSaD2HBvTDwGTsxLGjHb,spotify:artist:2GcdNH7f30B4yla2dySvDJ,3
3823,spotify:artist:5DSSaD2HBvTDwGTsxLGjHb,spotify:artist:630GKUdfGN9gcScA8S8PDw,3
3824,spotify:artist:5DSSaD2HBvTDwGTsxLGjHb,spotify:artist:3d1zFz2gPJbDaQDTsyNmbZ,3
3825,spotify:artist:5DSSaD2HBvTDwGTsxLGjHb,spotify:artist:7y3LomFfmj9W1jck88vjjC,3
3826,spotify:artist:5DSSaD2HBvTDwGTsxLGjHb,spotify:artist:26XPBqoN0vqh3T2V0MTJEF,3
3827,spotify:artist:5DSSaD2HBvTDwGTsxLGjHb,spotify:artist:7027i6bTkbkTpEmIeEBIHy,3
3828,spotify:artist:5DSSaD2HBvTDwGTsxLGjHb,spotify:artist:2RgHmSHFH7YFpSEB03I4Ng,3
3829,spotify:artist:5DSSaD2HBvTDwGTsxLGjHb,spotify:artist:5ZOh5D4MKLhU3GekPzNFam,3
3830,spotify:artist:5DSSaD2HBvTDwGTsxLGjHb,spotify:artist:070kz1iiNY2AIbIu5SAxE2,3
3831,spotify:artist:5DSSaD2HBvTDwGTsxLGjHb,spotify:artist:4yzFeQUVw1XHawihi2QLXL,3
3832,spotify:artist:5DSSaD2HBvTDwGTsxLGjHb,spotify:artist:2gOOxhK4K9RdxAgNDgYmlJ,3
3833,spotify:artist:5DSSaD2HBvTDwGTsxLGjHb,spotify:artist:4nnvwFUhvSQ1WLcMbKJB9V,3
3834,spotify:artist:5DSSaD2HBvTDwGTsxLGjHb,spotify:artist:7bOtv4y3vzakiyY5YQspJO,3
3835,spotify:artist:5DSSaD2HBvTDwGTsxLGjHb,spotify:artist:6kS9TQRsvML8xOdE5LRstQ,3
3836,spotify:artist:5DSSaD2HBvTDwGTsxLGjHb,spotify:artist:2idymNTKUdnTxforkb12Mw,3
3837,spotify:artist:5DSSaD2HBvTDwGTsxLGjHb,spotify:artist:3TFAJTLpniOsGlMeh8Tqnk,3
3838,spotify:artist:5DSSaD2HBvTDwGTsxLGjHb,spotify:artist:5XslgFEsN0VWkiRWubk5ct,3
3839,spotify:artist:5DSSaD2HBvTDwGTsxLGjHb,spotify:artist:1qsv5nPGCKcjBBw6Ks0brG,3
3840,spotify:artist:2gOOxhK4K9RdxAgNDgYmlJ,spotify:artist:070kz1iiNY2AIbIu5SAxE2,3
3841,spotify:artist:2gOOxhK4K9RdxAgNDgYmlJ,spotify:artist:3d1zFz2gPJbDaQDTsyNmbZ,3
3842,spotify:artist:2gOOxhK4K9RdxAgNDgYmlJ,spotify:artist:5DSSaD2HBvTDwGTsxLGjHb,3
3843,spotify:artist:2gOOxhK4K9RdxAgNDgYmlJ,spotify:artist:4yzFeQUVw1XHawihi2QLXL,3
3844,spotify:artist:2gOOxhK4K9RdxAgNDgYmlJ,spotify:artist:4nnvwFUhvSQ1WLcMbKJB9V,3
3845,spotify:artist:2gOOxhK4K9RdxAgNDgYmlJ,spotify:artist:26XPBqoN0vqh3T2V0MTJEF,3
3846,spotify:artist:2gOOxhK4K9RdxAgNDgYmlJ,spotify:artist:630GKUdfGN9gcScA8S8PDw,3
3847,spotify:artist:2gOOxhK4K9RdxAgNDgYmlJ,spotify:artist:7y3LomFfmj9W1jck88vjjC,3
3848,spotify:artist:2gOOxhK4K9RdxAgNDgYmlJ,spotify:artist:2GcdNH7f30B4yla2dySvDJ,3
3849,spotify:artist:2gOOxhK4K9RdxAgNDgYmlJ,spotify:artist:0g4PzbnDBC6RM8Wl4A9Pv4,3
3850,spotify:artist:2gOOxhK4K9RdxAgNDgYmlJ,spotify:artist:0hy5N5Ba5SdNxu0BkoPoWl,3
3851,spotify:artist:2gOOxhK4K9RdxAgNDgYmlJ,spotify:artist:3xqtGRF60qJk2fQkYRf0JX,3
3852,spotify:artist:2gOOxhK4K9RdxAgNDgYmlJ,spotify:artist:7027i6bTkbkTpEmIeEBIHy,3
3853,spotify:artist:2gOOxhK4K9RdxAgNDgYmlJ,spotify:artist:6u1rAqJPUhCQnAIGmtWvhf,3
3854,spotify:artist:2gOOxhK4K9RdxAgNDgYmlJ,spotify:artist:2kDyODn1VxVZXZQxsEvHFG,3
3855,spotify:artist:2gOOxhK4K9RdxAgNDgYmlJ,spotify:artist:5ZOh5D4MKLhU3GekPzNFam,3
3856,spotify:artist:2gOOxhK4K9RdxAgNDgYmlJ,spotify:artist:0ShV0veaBj1NvWRORhuwlI,3
3857,spotify:artist:2gOOxhK4K9RdxAgNDgYmlJ,spotify:artist:5mGc9Y2bNcekFrHfEVMoV8,3
3858,spotify:artist:2gOOxhK4K9RdxAgNDgYmlJ,spotify:artist:1qsv5nPGCKcjBBw6Ks0brG,3
3859,spotify:artist:2gOOxhK4K9RdxAgNDgYmlJ,spotify:artist:1SyCQtKtDtMfJBBKGm0A8B,3
3860,spotify:artist:0BLh5cn4nqfqoVUREx3hLj,spotify:artist:2Plkkomsc4DKawkCioLKjc,3
3861,spotify:artist:0BLh5cn4nqfqoVUREx3hLj,spotify:artist:7AhDVqsNA5q46WKsRPXvoe,3
3862,spotify:artist:0BLh5cn4nqfqoVUREx3hLj,spotify:artist:4tPRMBm25eaPJaceUBPqTK,3
3863,spotify:artist:0BLh5cn4nqfqoVUREx3hLj,spotify:artist:2UDplVRprMbazU74Hq8OLl,3
3864,spotify:artist:0BLh5cn4nqfqoVUREx3hLj,spotify:artist:5U1pEBuiFLycsQ4mYP3nmK,3
3865,spotify:artist:0BLh5cn4nqfqoVUREx3hLj,spotify:artist:27AzFtMZhRN78bAMPntbpF,3
3866,spotify:artist:0BLh5cn4nqfqoVUREx3hLj,spotify:artist:1Cc79YAHP7xvQAVQSjveP6,3
3867,spotify:artist:0BLh5cn4nqfqoVUREx3hLj,spotify:artist:4S0WYuq4dnunQV6cL3I49i,3
3868,spotify:artist:0BLh5cn4nqfqoVUREx3hLj,spotify:artist:2zTCLiQ8OUIWEyV6eZWzFy,3
3869,spotify:artist:0BLh5cn4nqfqoVUREx3hLj,spotify:artist:2rDxtYUzTAYJJE3Bl3Z5IN,3
3870,spotify:artist:0BLh5cn4nqfqoVUREx3hLj,spotify:artist:0tyLMmQvEuyQR4qjGBdbem,3
3871,spotify:artist:0BLh5cn4nqfqoVUREx3hLj,spotify:artist:5YsFZtitLEPVCFjixwBIkW,3
3872,spotify:artist:0BLh5cn4nqfqoVUREx3hLj,spotify:artist:5GHv1pBOWOQxIE6WQBq88Q,3
3873,spotify:artist:0BLh5cn4nqfqoVUREx3hLj,spotify:artist:7k8oHbK8ratXIVlYX7fVRU,3
3874,spotify:artist:0BLh5cn4nqfqoVUREx3hLj,spotify:artist:6vrwcJbfs2QyRtApdx1hXX,3
3875,spotify:artist:0BLh5cn4nqfqoVUREx3hLj,spotify:artist:5JnjssuFBg104paXN0mKKn,3
3876,spotify:artist:0BLh5cn4nqfqoVUREx3hLj,spotify:artist:0M02NJYkmh4eYhsKVAgVbJ,3
3877,spotify:artist:0BLh5cn4nqfqoVUREx3hLj,spotify:artist:6zKkaqMGGmaKLUSLTcsrls,3
3878,spotify:artist:0BLh5cn4nqfqoVUREx3hLj,spotify:artist:6reL7Hq6obyCxSqurc8i1D,3
3879,spotify:artist:0BLh5cn4nqfqoVUREx3hLj,spotify:artist:0rZpNCCYOe06am554MyKRu,3
3880,spotify:artist:2Ij97fuR3unjlboQfIYs31,spotify:artist:7bhMBjjQhgPX0q9S4Ajncn,3
3881,spotify:artist:2Ij97fuR3unjlboQfIYs31,spotify:artist:10flBVEy5MiUXOJWTaFsyL,3
3882,spotify:artist:2Ij97fuR3unjlboQfIYs31,spotify:artist:5DSSaD2HBvTDwGTsxLGjHb,3
3883,spotify:artist:2Ij97fuR3unjlboQfIYs31,spotify:artist:5ZOh5D4MKLhU3GekPzNFam,3
3884,spotify:artist:2Ij97fuR3unjlboQfIYs31,spotify:artist:1CgvL3gASrnuI8SKXr8K7F,3
3885,spotify:artist:2Ij97fuR3unjlboQfIYs31,spotify:artist:1UGwqiX4QA7R9hNBwzjavF,3
3886,spotify:artist:2Ij97fuR3unjlboQfIYs31,spotify:artist:2idymNTKUdnTxforkb12Mw,3
3887,spotify:artist:2Ij97fuR3unjlboQfIYs31,spotify:artist:1pgtr4nhBQjp9oCUBPyYWh,3
3888,spotify:artist:2Ij97fuR3unjlboQfIYs31,spotify:artist:2Sp19cOHSqAUlE64hekARW,3
3889,spotify:artist:2Ij97fuR3unjlboQfIYs31,spotify:artist:1ahN3WDDULKaAQs7ZUrGNP,3
3890,spotify:artist:2Ij97fuR3unjlboQfIYs31,spotify:artist:3UvcmAOZt64oKpP95f6MMM,3
3891,spotify:artist:2Ij97fuR3unjlboQfIYs31,spotify:artist:0O5sXbPJPWbHKnbLfdLARS,3
3892,spotify:artist:2Ij97fuR3unjlboQfIYs31,spotify:artist:7sPZakwiHQUWkG1teFE8zv,3
3893,spotify:artist:2Ij97fuR3unjlboQfIYs31,spotify:artist:4mO4aGO6u29UyR6XLZR9XW,3
3894,spotify:artist:2Ij97fuR3unjlboQfIYs31,spotify:artist:3d1zFz2gPJbDaQDTsyNmbZ,3
3895,spotify:artist:2Ij97fuR3unjlboQfIYs31,spotify:artist:0g4PzbnDBC6RM8Wl4A9Pv4,3
3896,spotify:artist:2Ij97fuR3unjlboQfIYs31,spotify:artist:4wo1267SJuUfHgasdlfNfc,3
3897,spotify:artist:2Ij97fuR3unjlboQfIYs31,spotify:artist:2gOOxhK4K9RdxAgNDgYmlJ,3
3898,spotify:artist:2Ij97fuR3unjlboQfIYs31,spotify:artist:1USc9u5yL4tUaQKhGWNuvj,3
3899,spotify:artist:2Ij97fuR3unjlboQfIYs31,spotify:artist:5KIrQe9pb7tn8y775PsoAP,3
3900,spotify:artist:4yvuCAFk8vERXXBf138h8S,spotify:artist:7tfS18oUEffScrxryTgwyC,3
3901,spotify:artist:4yvuCAFk8vERXXBf138h8S,spotify:artist:4HCubdy7diarb4KZo8etrq,3
3902,spotify:artist:4yvuCAFk8vERXXBf138h8S,spotify:artist:2kTn692duPSkqN6czSilyk,3
3903,spotify:artist:4yvuCAFk8vERXXBf138h8S,spotify:artist:5CXWXFfhDhFN5uzbfUwAKt,3
3904,spotify:artist:4yvuCAFk8vERXXBf138h8S,spotify:artist:1cMcFL2NdeUDYg0OtD1GeA,3
3905,spotify:artist:4yvuCAFk8vERXXBf138h8S,spotify:artist:71erjwGhr3OtCqtmKuy7qr,3
3906,spotify:artist:4yvuCAFk8vERXXBf138h8S,spotify:artist:0O0g9JMOVNoIgLG6dgaYMY,3
3907,spotify:artist:4yvuCAFk8vERXXBf138h8S,spotify:artist:6ktzu3KxlqOqd3eKnqTCyb,3
3908,spotify:artist:4yvuCAFk8vERXXBf138h8S,spotify:artist:5Qlt3zQ63Z99mNhuun0JAT,3
3909,spotify:artist:4yvuCAFk8vERXXBf138h8S,spotify:artist:2Lhs0asnFQiLuntn3s8p78,3
3910,spotify:artist:4yvuCAFk8vERXXBf138h8S,spotify:artist:339qxEdD8z8okRAiTp1HKf,3
3911,spotify:artist:4yvuCAFk8vERXXBf138h8S,spotify:artist:2YvNi4oPdBgD45gc1UycxW,3
3912,spotify:artist:4yvuCAFk8vERXXBf138h8S,spotify:artist:6soJo0dtX31T30OxtS4A39,3
3913,spotify:artist:4yvuCAFk8vERXXBf138h8S,spotify:artist:1ZsnHGOLYFg8CAHQQBc1ut,3
3914,spotify:artist:4yvuCAFk8vERXXBf138h8S,spotify:artist:1l0eT7EY5r7U1gMVm2SyoS,3
3915,spotify:artist:4yvuCAFk8vERXXBf138h8S,spotify:artist:6uHjKRsYGaElOrKWlSEji3,3
3916,spotify:artist:4yvuCAFk8vERXXBf138h8S,spotify:artist:4W1poTLCG6XjhBUVehcaMB,3
3917,spotify:artist:4yvuCAFk8vERXXBf138h8S,spotify:artist:3dmSPhg0tdao8ePj4pySJ5,3
3918,spotify:artist:4yvuCAFk8vERXXBf138h8S,spotify:artist:5S76x1RQk1FgHwX3y4giOO,3
3919,spotify:artist:4yvuCAFk8vERXXBf138h8S,spotify:artist:1CgvL3gASrnuI8SKXr8K7F,3
3920,spotify:artist:3aCS3JvkoSr84i7ge9pA9o,spotify:artist:6HRtcKFPKPw6FtbGpvQviZ,3
3921,spotify:artist:3aCS3JvkoSr84i7ge9pA9o,spotify:artist:4nnvwFUhvSQ1WLcMbKJB9V,3
3922,spotify:artist:3aCS3JvkoSr84i7ge9pA9o,spotify:artist:7hQsq7p8cRabrNvklqxCvU,3
3923,spotify:artist:3aCS3JvkoSr84i7ge9pA9o,spotify:artist:1i7YYagcULgnW5Qilsto1d,3
3924,spotify:artist:3aCS3JvkoSr84i7ge9pA9o,spotify:artist:3iayA3QkB3jfkUgcXqsL7C,3
3925,spotify:artist:3aCS3JvkoSr84i7ge9pA9o,spotify:artist:1SyCQtKtDtMfJBBKGm0A8B,3
3926,spotify:artist:3aCS3JvkoSr84i7ge9pA9o,spotify:artist:1CYmYyxlWBVY80Kvq5lTDg,3
3927,spotify:artist:3aCS3JvkoSr84i7ge9pA9o,spotify:artist:3d1zFz2gPJbDaQDTsyNmbZ,3
3928,spotify:artist:3aCS3JvkoSr84i7ge9pA9o,spotify:artist:3oFRpiLvaflFOVNxvsLrze,3
3929,spotify:artist:3aCS3JvkoSr84i7ge9pA9o,spotify:artist:368QQvIamnKKKUiYskBRZN,3
3930,spotify:artist:3aCS3JvkoSr84i7ge9pA9o,spotify:artist:1BZzsIaJrwVhoY4oNnAGjr,3
3931,spotify:artist:3aCS3JvkoSr84i7ge9pA9o,spotify:artist:1e9cOgMYTLJ0KFOjmTx13F,3
3932,spotify:artist:3aCS3JvkoSr84i7ge9pA9o,spotify:artist:7CW5MYWUsyUYiHbiTmVZHe,3
3933,spotify:artist:3aCS3JvkoSr84i7ge9pA9o,spotify:artist:6XJV1bjttGYoe3cH4QWjpX,3
3934,spotify:artist:3aCS3JvkoSr84i7ge9pA9o,spotify:artist:6IfaumPVXMZ8iDue5QhuCY,3
3935,spotify:artist:3aCS3JvkoSr84i7ge9pA9o,spotify:artist:3MBZ7cW7vbWlM9YMYaXE9n,3
3936,spotify:artist:3aCS3JvkoSr84i7ge9pA9o,spotify:artist:1l0eT7EY5r7U1gMVm2SyoS,3
3937,spotify:artist:3aCS3JvkoSr84i7ge9pA9o,spotify:artist:0muxV3OP61FVcWkgcBm7iv,3
3938,spotify:artist:3aCS3JvkoSr84i7ge9pA9o,spotify:artist:73YLmyaazO66GncUVHP0KV,3
3939,spotify:artist:3aCS3JvkoSr84i7ge9pA9o,spotify:artist:4QxHfzS2ylZwKX11fohqcq,3
3940,spotify:artist:0O0g9JMOVNoIgLG6dgaYMY,spotify:artist:3B1VQErUlM3ZZ6d1EwYd2K,3
3941,spotify:artist:0O0g9JMOVNoIgLG6dgaYMY,spotify:artist:046wtejcUX9rhlzw2nlveT,3
3942,spotify:artist:0O0g9JMOVNoIgLG6dgaYMY,spotify:artist:7CW5MYWUsyUYiHbiTmVZHe,3
3943,spotify:artist:0O0g9JMOVNoIgLG6dgaYMY,spotify:artist:1CYmYyxlWBVY80Kvq5lTDg,3
3944,spotify:artist:0O0g9JMOVNoIgLG6dgaYMY,spotify:artist:1JXB7XQ9hjLB5pnr1eowKR,3
3945,spotify:artist:0O0g9JMOVNoIgLG6dgaYMY,spotify:artist:4yvuCAFk8vERXXBf138h8S,3
3946,spotify:artist:0O0g9JMOVNoIgLG6dgaYMY,spotify:artist:1l0eT7EY5r7U1gMVm2SyoS,3
3947,spotify:artist:0O0g9JMOVNoIgLG6dgaYMY,spotify:artist:1ilhXoWIlGxz3fM4B24mNo,3
3948,spotify:artist:0O0g9JMOVNoIgLG6dgaYMY,spotify:artist:5sMku8iI6FH3ypZTErz4kv,3
3949,spotify:artist:0O0g9JMOVNoIgLG6dgaYMY,spotify:artist:1Ag6UM6dow2OH9V06mxzV5,3
3950,spotify:artist:0O0g9JMOVNoIgLG6dgaYMY,spotify:artist:4UETUdF77BfyJ7fEFVztr3,3
3951,spotify:artist:0O0g9JMOVNoIgLG6dgaYMY,spotify:artist:1e9cOgMYTLJ0KFOjmTx13F,3
3952,spotify:artist:0O0g9JMOVNoIgLG6dgaYMY,spotify:artist:3UvcmAOZt64oKpP95f6MMM,3
3953,spotify:artist:0O0g9JMOVNoIgLG6dgaYMY,spotify:artist:4rxXqaQUe5udkRsGRDDDIY,3
3954,spotify:artist:0O0g9JMOVNoIgLG6dgaYMY,spotify:artist:4HCubdy7diarb4KZo8etrq,3
3955,spotify:artist:0O0g9JMOVNoIgLG6dgaYMY,spotify:artist:3aCS3JvkoSr84i7ge9pA9o,3
3956,spotify:artist:0O0g9JMOVNoIgLG6dgaYMY,spotify:artist:5MWBg16f5UYiaSlyVhzlIW,3
3957,spotify:artist:0O0g9JMOVNoIgLG6dgaYMY,spotify:artist:7k8oHbK8ratXIVlYX7fVRU,3
3958,spotify:artist:0O0g9JMOVNoIgLG6dgaYMY,spotify:artist:4MlLVFHiA4e7BU7vQ4r5Lh,3
3959,spotify:artist:0O0g9JMOVNoIgLG6dgaYMY,spotify:artist:3BqaUtuQmqIHg7B5Bc7fP7,3
3960,spotify:artist:1CYmYyxlWBVY80Kvq5lTDg,spotify:artist:6HRtcKFPKPw6FtbGpvQviZ,3
3961,spotify:artist:1CYmYyxlWBVY80Kvq5lTDg,spotify:artist:3aCS3JvkoSr84i7ge9pA9o,3
3962,spotify:artist:1CYmYyxlWBVY80Kvq5lTDg,spotify:artist:1SyCQtKtDtMfJBBKGm0A8B,3
3963,spotify:artist:1CYmYyxlWBVY80Kvq5lTDg,spotify:artist:7CW5MYWUsyUYiHbiTmVZHe,3
3964,spotify:artist:1CYmYyxlWBVY80Kvq5lTDg,spotify:artist:1i7YYagcULgnW5Qilsto1d,3
3965,spotify:artist:1CYmYyxlWBVY80Kvq5lTDg,spotify:artist:3iayA3QkB3jfkUgcXqsL7C,3
3966,spotify:artist:1CYmYyxlWBVY80Kvq5lTDg,spotify:artist:046wtejcUX9rhlzw2nlveT,3
3967,spotify:artist:1CYmYyxlWBVY80Kvq5lTDg,spotify:artist:73YLmyaazO66GncUVHP0KV,3
3968,spotify:artist:1CYmYyxlWBVY80Kvq5lTDg,spotify:artist:4nnvwFUhvSQ1WLcMbKJB9V,3
3969,spotify:artist:1CYmYyxlWBVY80Kvq5lTDg,spotify:artist:3UvcmAOZt64oKpP95f6MMM,3
3970,spotify:artist:1CYmYyxlWBVY80Kvq5lTDg,spotify:artist:1BZzsIaJrwVhoY4oNnAGjr,3
3971,spotify:artist:1CYmYyxlWBVY80Kvq5lTDg,spotify:artist:3oFRpiLvaflFOVNxvsLrze,3
3972,spotify:artist:1CYmYyxlWBVY80Kvq5lTDg,spotify:artist:6IfaumPVXMZ8iDue5QhuCY,3
3973,spotify:artist:1CYmYyxlWBVY80Kvq5lTDg,spotify:artist:0O0g9JMOVNoIgLG6dgaYMY,3
3974,spotify:artist:1CYmYyxlWBVY80Kvq5lTDg,spotify:artist:7BnikuGfXRWkGLJCWS1y9P,3
3975,spotify:artist:1CYmYyxlWBVY80Kvq5lTDg,spotify:artist:1e9cOgMYTLJ0KFOjmTx13F,3
3976,spotify:artist:1CYmYyxlWBVY80Kvq5lTDg,spotify:artist:368QQvIamnKKKUiYskBRZN,3
3977,spotify:artist:1CYmYyxlWBVY80Kvq5lTDg,spotify:artist:6IpcPRU1kV0J58kd2w8vSC,3
3978,spotify:artist:1CYmYyxlWBVY80Kvq5lTDg,spotify:artist:1l0eT7EY5r7U1gMVm2SyoS,3
3979,spotify:artist:1CYmYyxlWBVY80Kvq5lTDg,spotify:artist:4UETUdF77BfyJ7fEFVztr3,3
3980,spotify:artist:4nnvwFUhvSQ1WLcMbKJB9V,spotify:artist:5mGc9Y2bNcekFrHfEVMoV8,3
3981,spotify:artist:4nnvwFUhvSQ1WLcMbKJB9V,spotify:artist:3xqtGRF60qJk2fQkYRf0JX,3
3982,spotify:artist:4nnvwFUhvSQ1WLcMbKJB9V,spotify:artist:1SyCQtKtDtMfJBBKGm0A8B,3
3983,spotify:artist:4nnvwFUhvSQ1WLcMbKJB9V,spotify:artist:3d1zFz2gPJbDaQDTsyNmbZ,3
3984,spotify:artist:4nnvwFUhvSQ1WLcMbKJB9V,spotify:artist:3aCS3JvkoSr84i7ge9pA9o,3
3985,spotify:artist:4nnvwFUhvSQ1WLcMbKJB9V,spotify:artist:1i7YYagcULgnW5Qilsto1d,3
3986,spotify:artist:4nnvwFUhvSQ1WLcMbKJB9V,spotify:artist:0ShV0veaBj1NvWRORhuwlI,3
3987,spotify:artist:4nnvwFUhvSQ1WLcMbKJB9V,spotify:artist:3oFRpiLvaflFOVNxvsLrze,3
3988,spotify:artist:4nnvwFUhvSQ1WLcMbKJB9V,spotify:artist:4yzFeQUVw1XHawihi2QLXL,3
3989,spotify:artist:4nnvwFUhvSQ1WLcMbKJB9V,spotify:artist:2kDyODn1VxVZXZQxsEvHFG,3
3990,spotify:artist:4nnvwFUhvSQ1WLcMbKJB9V,spotify:artist:6HRtcKFPKPw6FtbGpvQviZ,3
3991,spotify:artist:4nnvwFUhvSQ1WLcMbKJB9V,spotify:artist:6IpcPRU1kV0J58kd2w8vSC,3
3992,spotify:artist:4nnvwFUhvSQ1WLcMbKJB9V,spotify:artist:73YLmyaazO66GncUVHP0KV,3
3993,spotify:artist:4nnvwFUhvSQ1WLcMbKJB9V,spotify:artist:2ut1VNKTLERpjYf2uljNWn,3
3994,spotify:artist:4nnvwFUhvSQ1WLcMbKJB9V,spotify:artist:0hy5N5Ba5SdNxu0BkoPoWl,3
3995,spotify:artist:4nnvwFUhvSQ1WLcMbKJB9V,spotify:artist:3JqoJ9CMC1y6iLHz5zZLut,3
3996,spotify:artist:4nnvwFUhvSQ1WLcMbKJB9V,spotify:artist:3MBZ7cW7vbWlM9YMYaXE9n,3
3997,spotify:artist:4nnvwFUhvSQ1WLcMbKJB9V,spotify:artist:51EFYOtaNDDQdpLkkPImtf,3
3998,spotify:artist:4nnvwFUhvSQ1WLcMbKJB9V,spotify:artist:7y3LomFfmj9W1jck88vjjC,3
3999,spotify:artist:4nnvwFUhvSQ1WLcMbKJB9V,spotify:artist:7hQsq7p8cRabrNvklqxCvU,3
4000,spotify:artist:339qxEdD8z8okRAiTp1HKf,spotify:artist:2oAKV8mT3NB1hZbGbGcdYB,3
4001,spotify:artist:339qxEdD8z8okRAiTp1HKf,spotify:artist:6MnQV8O2R0Oci41F4HLB59,3
4002,spotify:artist:339qxEdD8z8okRAiTp1HKf,spotify:artist:3Rdkj77BOQHj5dTLveCJvI,3
4003,spotify:artist:339qxEdD8z8okRAiTp1HKf,spotify:artist:2zTCLiQ8OUIWEyV6eZWzFy,3
4004,spotify:artist:339qxEdD8z8okRAiTp1HKf,spotify:artist:2Lhs0asnFQiLuntn3s8p78,3
4005,spotify:artist:339qxEdD8z8okRAiTp1HKf,spotify:artist:5tgz5nUmXzQkGo7i0RczvC,3
4006,spotify:artist:339qxEdD8z8okRAiTp1HKf,spotify:artist:7EFfGZiKL1Ud3cspnlMq4H,3
4007,spotify:artist:339qxEdD8z8okRAiTp1HKf,spotify:artist:2k07pWgpJiFIbb9q1yJ36B,3
4008,spotify:artist:339qxEdD8z8okRAiTp1HKf,spotify:artist:08w6KQXL60XUftg3Ds3177,3
4009,spotify:artist:339qxEdD8z8okRAiTp1HKf,spotify:artist:72PnPUc1qv9UjRPaGVZ1jq,3
4010,spotify:artist:339qxEdD8z8okRAiTp1HKf,spotify:artist:1OmdWpAh1pucAuZPzJaxIJ,3
4011,spotify:artist:339qxEdD8z8okRAiTp1HKf,spotify:artist:188gwh9RnRT58ZQPwqwHE3,3
4012,spotify:artist:339qxEdD8z8okRAiTp1HKf,spotify:artist:70gvc4NvTwgBpEB1goYy8z,3
4013,spotify:artist:339qxEdD8z8okRAiTp1HKf,spotify:artist:6uHjKRsYGaElOrKWlSEji3,3
4014,spotify:artist:339qxEdD8z8okRAiTp1HKf,spotify:artist:3uQ5cxFHxXddqPL58egs1z,3
4015,spotify:artist:339qxEdD8z8okRAiTp1HKf,spotify:artist:2zAvisjImPICTNsRgagqlV,3
4016,spotify:artist:339qxEdD8z8okRAiTp1HKf,spotify:artist:4tBNwdhdWAXGzzaPTp9dRE,3
4017,spotify:artist:339qxEdD8z8okRAiTp1HKf,spotify:artist:0TeVWuc8Sw05X4Qkl3AA5r,3
4018,spotify:artist:339qxEdD8z8okRAiTp1HKf,spotify:artist:6M5FR3JkFFVDkgwtO6Vtz6,3
4019,spotify:artist:339qxEdD8z8okRAiTp1HKf,spotify:artist:3x0LgZSPgNh91O6NBMtqTs,3
4020,spotify:artist:6MnQV8O2R0Oci41F4HLB59,spotify:artist:339qxEdD8z8okRAiTp1HKf,3
4021,spotify:artist:6MnQV8O2R0Oci41F4HLB59,spotify:artist:3Rdkj77BOQHj5dTLveCJvI,3
4022,spotify:artist:6MnQV8O2R0Oci41F4HLB59,spotify:artist:2oAKV8mT3NB1hZbGbGcdYB,3
4023,spotify:artist:6MnQV8O2R0Oci41F4HLB59,spotify:artist:2zTCLiQ8OUIWEyV6eZWzFy,3
4024,spotify:artist:6MnQV8O2R0Oci41F4HLB59,spotify:artist:72PnPUc1qv9UjRPaGVZ1jq,3
4025,spotify:artist:6MnQV8O2R0Oci41F4HLB59,spotify:artist:08w6KQXL60XUftg3Ds3177,3
4026,spotify:artist:6MnQV8O2R0Oci41F4HLB59,spotify:artist:0C8DFnoT192R5pDy0kRnrP,3
4027,spotify:artist:6MnQV8O2R0Oci41F4HLB59,spotify:artist:188gwh9RnRT58ZQPwqwHE3,3
4028,spotify:artist:6MnQV8O2R0Oci41F4HLB59,spotify:artist:5tgz5nUmXzQkGo7i0RczvC,3
4029,spotify:artist:6MnQV8O2R0Oci41F4HLB59,spotify:artist:2Lhs0asnFQiLuntn3s8p78,3
4030,spotify:artist:6MnQV8O2R0Oci41F4HLB59,spotify:artist:7EFfGZiKL1Ud3cspnlMq4H,3
4031,spotify:artist:6MnQV8O2R0Oci41F4HLB59,spotify:artist:70gvc4NvTwgBpEB1goYy8z,3
4032,spotify:artist:6MnQV8O2R0Oci41F4HLB59,spotify:artist:2k07pWgpJiFIbb9q1yJ36B,3
4033,spotify:artist:6MnQV8O2R0Oci41F4HLB59,spotify:artist:4T8Z2MuOWpnhGzTTSOz0Rj,3
4034,spotify:artist:6MnQV8O2R0Oci41F4HLB59,spotify:artist:37XGRhnYWhiV6o2jPB8nxt,3
4035,spotify:artist:6MnQV8O2R0Oci41F4HLB59,spotify:artist:0dpglhdTlof5BS5LX7uJmg,3
4036,spotify:artist:6MnQV8O2R0Oci41F4HLB59,spotify:artist:4tBNwdhdWAXGzzaPTp9dRE,3
4037,spotify:artist:6MnQV8O2R0Oci41F4HLB59,spotify:artist:3uQ5cxFHxXddqPL58egs1z,3
4038,spotify:artist:6MnQV8O2R0Oci41F4HLB59,spotify:artist:6vrwcJbfs2QyRtApdx1hXX,3
4039,spotify:artist:6MnQV8O2R0Oci41F4HLB59,spotify:artist:6M5FR3JkFFVDkgwtO6Vtz6,3
4040,spotify:artist:3Rdkj77BOQHj5dTLveCJvI,spotify:artist:2zTCLiQ8OUIWEyV6eZWzFy,3
4041,spotify:artist:3Rdkj77BOQHj5dTLveCJvI,spotify:artist:6MnQV8O2R0Oci41F4HLB59,3
4042,spotify:artist:3Rdkj77BOQHj5dTLveCJvI,spotify:artist:72PnPUc1qv9UjRPaGVZ1jq,3
4043,spotify:artist:3Rdkj77BOQHj5dTLveCJvI,spotify:artist:339qxEdD8z8okRAiTp1HKf,3
4044,spotify:artist:3Rdkj77BOQHj5dTLveCJvI,spotify:artist:2oAKV8mT3NB1hZbGbGcdYB,3
4045,spotify:artist:3Rdkj77BOQHj5dTLveCJvI,spotify:artist:37XGRhnYWhiV6o2jPB8nxt,3
4046,spotify:artist:3Rdkj77BOQHj5dTLveCJvI,spotify:artist:0TeVWuc8Sw05X4Qkl3AA5r,3
4047,spotify:artist:3Rdkj77BOQHj5dTLveCJvI,spotify:artist:188gwh9RnRT58ZQPwqwHE3,3
4048,spotify:artist:3Rdkj77BOQHj5dTLveCJvI,spotify:artist:2Lhs0asnFQiLuntn3s8p78,3
4049,spotify:artist:3Rdkj77BOQHj5dTLveCJvI,spotify:artist:2k07pWgpJiFIbb9q1yJ36B,3
4050,spotify:artist:3Rdkj77BOQHj5dTLveCJvI,spotify:artist:7EFfGZiKL1Ud3cspnlMq4H,3
4051,spotify:artist:3Rdkj77BOQHj5dTLveCJvI,spotify:artist:1Cc79YAHP7xvQAVQSjveP6,3
4052,spotify:artist:3Rdkj77BOQHj5dTLveCJvI,spotify:artist:3vidJsiALgVC5ZuweJgeDT,3
4053,spotify:artist:3Rdkj77BOQHj5dTLveCJvI,spotify:artist:3uQ5cxFHxXddqPL58egs1z,3
4054,spotify:artist:3Rdkj77BOQHj5dTLveCJvI,spotify:artist:2zAvisjImPICTNsRgagqlV,3
4055,spotify:artist:3Rdkj77BOQHj5dTLveCJvI,spotify:artist:1OmdWpAh1pucAuZPzJaxIJ,3
4056,spotify:artist:3Rdkj77BOQHj5dTLveCJvI,spotify:artist:08w6KQXL60XUftg3Ds3177,3
4057,spotify:artist:3Rdkj77BOQHj5dTLveCJvI,spotify:artist:0qt6QSruHshcWT9QOzyfZp,3
4058,spotify:artist:3Rdkj77BOQHj5dTLveCJvI,spotify:artist:4tBNwdhdWAXGzzaPTp9dRE,3
4059,spotify:artist:3Rdkj77BOQHj5dTLveCJvI,spotify:artist:4Ajgo7nAsTzjSFymIfBjZ1,3
4060,spotify:artist:2Lhs0asnFQiLuntn3s8p78,spotify:artist:339qxEdD8z8okRAiTp1HKf,3
4061,spotify:artist:2Lhs0asnFQiLuntn3s8p78,spotify:artist:2oAKV8mT3NB1hZbGbGcdYB,3
4062,spotify:artist:2Lhs0asnFQiLuntn3s8p78,spotify:artist:2zAvisjImPICTNsRgagqlV,3
4063,spotify:artist:2Lhs0asnFQiLuntn3s8p78,spotify:artist:2l7DkzVuYJW700mR7r43un,3
4064,spotify:artist:2Lhs0asnFQiLuntn3s8p78,spotify:artist:3uQ5cxFHxXddqPL58egs1z,3
4065,spotify:artist:2Lhs0asnFQiLuntn3s8p78,spotify:artist:2k07pWgpJiFIbb9q1yJ36B,3
4066,spotify:artist:2Lhs0asnFQiLuntn3s8p78,spotify:artist:7EFfGZiKL1Ud3cspnlMq4H,3
4067,spotify:artist:2Lhs0asnFQiLuntn3s8p78,spotify:artist:3dmSPhg0tdao8ePj4pySJ5,3
4068,spotify:artist:2Lhs0asnFQiLuntn3s8p78,spotify:artist:79JJCxCCfJ8HufX6w8q2k4,3
4069,spotify:artist:2Lhs0asnFQiLuntn3s8p78,spotify:artist:0qt6QSruHshcWT9QOzyfZp,3
4070,spotify:artist:2Lhs0asnFQiLuntn3s8p78,spotify:artist:7gqsi6aBSkRMJoL9psKqMr,3
4071,spotify:artist:2Lhs0asnFQiLuntn3s8p78,spotify:artist:2ajVJyxI4sHmTMtTA3ENko,3
4072,spotify:artist:2Lhs0asnFQiLuntn3s8p78,spotify:artist:2EEw2tt8AJcH9qXUeB96Oc,3
4073,spotify:artist:2Lhs0asnFQiLuntn3s8p78,spotify:artist:4G0XDEk7RbA4BBCTs917U9,3
4074,spotify:artist:2Lhs0asnFQiLuntn3s8p78,spotify:artist:70gvc4NvTwgBpEB1goYy8z,3
4075,spotify:artist:2Lhs0asnFQiLuntn3s8p78,spotify:artist:2rDxtYUzTAYJJE3Bl3Z5IN,3
4076,spotify:artist:2Lhs0asnFQiLuntn3s8p78,spotify:artist:1OmdWpAh1pucAuZPzJaxIJ,3
4077,spotify:artist:2Lhs0asnFQiLuntn3s8p78,spotify:artist:2zTCLiQ8OUIWEyV6eZWzFy,3
4078,spotify:artist:2Lhs0asnFQiLuntn3s8p78,spotify:artist:4ePunOqQbOYoQwd1298g3Z,3
4079,spotify:artist:2Lhs0asnFQiLuntn3s8p78,spotify:artist:4yvuCAFk8vERXXBf138h8S,3
4080,spotify:artist:5tgz5nUmXzQkGo7i0RczvC,spotify:artist:2oAKV8mT3NB1hZbGbGcdYB,3
4081,spotify:artist:5tgz5nUmXzQkGo7i0RczvC,spotify:artist:339qxEdD8z8okRAiTp1HKf,3
4082,spotify:artist:5tgz5nUmXzQkGo7i0RczvC,spotify:artist:6MnQV8O2R0Oci41F4HLB59,3
4083,spotify:artist:5tgz5nUmXzQkGo7i0RczvC,spotify:artist:7EFfGZiKL1Ud3cspnlMq4H,3
4084,spotify:artist:5tgz5nUmXzQkGo7i0RczvC,spotify:artist:3Rdkj77BOQHj5dTLveCJvI,3
4085,spotify:artist:5tgz5nUmXzQkGo7i0RczvC,spotify:artist:2Lhs0asnFQiLuntn3s8p78,3
4086,spotify:artist:5tgz5nUmXzQkGo7i0RczvC,spotify:artist:5cVphcm0FP2N0GXVl9csxh,3
4087,spotify:artist:5tgz5nUmXzQkGo7i0RczvC,spotify:artist:70gvc4NvTwgBpEB1goYy8z,3
4088,spotify:artist:5tgz5nUmXzQkGo7i0RczvC,spotify:artist:2k07pWgpJiFIbb9q1yJ36B,3
4089,spotify:artist:5tgz5nUmXzQkGo7i0RczvC,spotify:artist:08w6KQXL60XUftg3Ds3177,3
4090,spotify:artist:5tgz5nUmXzQkGo7i0RczvC,spotify:artist:1OmdWpAh1pucAuZPzJaxIJ,3
4091,spotify:artist:5tgz5nUmXzQkGo7i0RczvC,spotify:artist:2zTCLiQ8OUIWEyV6eZWzFy,3
4092,spotify:artist:5tgz5nUmXzQkGo7i0RczvC,spotify:artist:6uHjKRsYGaElOrKWlSEji3,3
4093,spotify:artist:5tgz5nUmXzQkGo7i0RczvC,spotify:artist:72ZTVVsOrHbZps2XgHuvGa,3
4094,spotify:artist:5tgz5nUmXzQkGo7i0RczvC,spotify:artist:3uQ5cxFHxXddqPL58egs1z,3
4095,spotify:artist:5tgz5nUmXzQkGo7i0RczvC,spotify:artist:2zAvisjImPICTNsRgagqlV,3
4096,spotify:artist:5tgz5nUmXzQkGo7i0RczvC,spotify:artist:0C8DFnoT192R5pDy0kRnrP,3
4097,spotify:artist:5tgz5nUmXzQkGo7i0RczvC,spotify:artist:188gwh9RnRT58ZQPwqwHE3,3
4098,spotify:artist:5tgz5nUmXzQkGo7i0RczvC,spotify:artist:1XW5L5zIBqMw7sqkkuIi5n,3
4099,spotify:artist:5tgz5nUmXzQkGo7i0RczvC,spotify:artist:6M5FR3JkFFVDkgwtO6Vtz6,3
4100,spotify:artist:2zTCLiQ8OUIWEyV6eZWzFy,spotify:artist:6MnQV8O2R0Oci41F4HLB59,3
4101,spotify:artist:2zTCLiQ8OUIWEyV6eZWzFy,spotify:artist:3Rdkj77BOQHj5dTLveCJvI,3
4102,spotify:artist:2zTCLiQ8OUIWEyV6eZWzFy,spotify:artist:6vrwcJbfs2QyRtApdx1hXX,3
4103,spotify:artist:2zTCLiQ8OUIWEyV6eZWzFy,spotify:artist:339qxEdD8z8okRAiTp1HKf,3
4104,spotify:artist:2zTCLiQ8OUIWEyV6eZWzFy,spotify:artist:3eKN3A1F9LHWa2fHo3m1rd,3
4105,spotify:artist:2zTCLiQ8OUIWEyV6eZWzFy,spotify:artist:0BLh5cn4nqfqoVUREx3hLj,3
4106,spotify:artist:2zTCLiQ8OUIWEyV6eZWzFy,spotify:artist:6qQpSCDIS4V5Md1sfgaCkh,3
4107,spotify:artist:2zTCLiQ8OUIWEyV6eZWzFy,spotify:artist:2k07pWgpJiFIbb9q1yJ36B,3
4108,spotify:artist:2zTCLiQ8OUIWEyV6eZWzFy,spotify:artist:2oAKV8mT3NB1hZbGbGcdYB,3
4109,spotify:artist:2zTCLiQ8OUIWEyV6eZWzFy,spotify:artist:2Plkkomsc4DKawkCioLKjc,3
4110,spotify:artist:2zTCLiQ8OUIWEyV6eZWzFy,spotify:artist:1Cc79YAHP7xvQAVQSjveP6,3
4111,spotify:artist:2zTCLiQ8OUIWEyV6eZWzFy,spotify:artist:0GkLlslI4LMVTTuUkyQp57,3
4112,spotify:artist:2zTCLiQ8OUIWEyV6eZWzFy,spotify:artist:2UDplVRprMbazU74Hq8OLl,3
4113,spotify:artist:2zTCLiQ8OUIWEyV6eZWzFy,spotify:artist:3vidJsiALgVC5ZuweJgeDT,3
4114,spotify:artist:2zTCLiQ8OUIWEyV6eZWzFy,spotify:artist:0rZpNCCYOe06am554MyKRu,3
4115,spotify:artist:2zTCLiQ8OUIWEyV6eZWzFy,spotify:artist:0M02NJYkmh4eYhsKVAgVbJ,3
4116,spotify:artist:2zTCLiQ8OUIWEyV6eZWzFy,spotify:artist:4Ajgo7nAsTzjSFymIfBjZ1,3
4117,spotify:artist:2zTCLiQ8OUIWEyV6eZWzFy,spotify:artist:0tyLMmQvEuyQR4qjGBdbem,3
4118,spotify:artist:2zTCLiQ8OUIWEyV6eZWzFy,spotify:artist:7AhDVqsNA5q46WKsRPXvoe,3
4119,spotify:artist:2zTCLiQ8OUIWEyV6eZWzFy,spotify:artist:5U1pEBuiFLycsQ4mYP3nmK,3
4120,spotify:artist:7EFfGZiKL1Ud3cspnlMq4H,spotify:artist:4tBNwdhdWAXGzzaPTp9dRE,3
4121,spotify:artist:7EFfGZiKL1Ud3cspnlMq4H,spotify:artist:339qxEdD8z8okRAiTp1HKf,3
4122,spotify:artist:7EFfGZiKL1Ud3cspnlMq4H,spotify:artist:3uQ5cxFHxXddqPL58egs1z,3
4123,spotify:artist:7EFfGZiKL1Ud3cspnlMq4H,spotify:artist:2oAKV8mT3NB1hZbGbGcdYB,3
4124,spotify:artist:7EFfGZiKL1Ud3cspnlMq4H,spotify:artist:2k07pWgpJiFIbb9q1yJ36B,3
4125,spotify:artist:7EFfGZiKL1Ud3cspnlMq4H,spotify:artist:2Lhs0asnFQiLuntn3s8p78,3
4126,spotify:artist:7EFfGZiKL1Ud3cspnlMq4H,spotify:artist:2l7DkzVuYJW700mR7r43un,3
4127,spotify:artist:7EFfGZiKL1Ud3cspnlMq4H,spotify:artist:2zAvisjImPICTNsRgagqlV,3
4128,spotify:artist:7EFfGZiKL1Ud3cspnlMq4H,spotify:artist:6MnQV8O2R0Oci41F4HLB59,3
4129,spotify:artist:7EFfGZiKL1Ud3cspnlMq4H,spotify:artist:2EEw2tt8AJcH9qXUeB96Oc,3
4130,spotify:artist:7EFfGZiKL1Ud3cspnlMq4H,spotify:artist:2ajVJyxI4sHmTMtTA3ENko,3
4131,spotify:artist:7EFfGZiKL1Ud3cspnlMq4H,spotify:artist:0qt6QSruHshcWT9QOzyfZp,3
4132,spotify:artist:7EFfGZiKL1Ud3cspnlMq4H,spotify:artist:6uHjKRsYGaElOrKWlSEji3,3
4133,spotify:artist:7EFfGZiKL1Ud3cspnlMq4H,spotify:artist:2zTCLiQ8OUIWEyV6eZWzFy,3
4134,spotify:artist:7EFfGZiKL1Ud3cspnlMq4H,spotify:artist:6M5FR3JkFFVDkgwtO6Vtz6,3
4135,spotify:artist:7EFfGZiKL1Ud3cspnlMq4H,spotify:artist:3Rdkj77BOQHj5dTLveCJvI,3
4136,spotify:artist:7EFfGZiKL1Ud3cspnlMq4H,spotify:artist:64tVHZVSAZhDEiOJxnb6hE,3
4137,spotify:artist:7EFfGZiKL1Ud3cspnlMq4H,spotify:artist:3mv2eHwrIONSkviASDMRMa,3
4138,spotify:artist:7EFfGZiKL1Ud3cspnlMq4H,spotify:artist:7gqsi6aBSkRMJoL9psKqMr,3
4139,spotify:artist:7EFfGZiKL1Ud3cspnlMq4H,spotify:artist:6Jg1WSoV27sDj7N2WRFPqo,3
4140,spotify:artist:2k07pWgpJiFIbb9q1yJ36B,spotify:artist:3uQ5cxFHxXddqPL58egs1z,3
4141,spotify:artist:2k07pWgpJiFIbb9q1yJ36B,spotify:artist:4tBNwdhdWAXGzzaPTp9dRE,3
4142,spotify:artist:2k07pWgpJiFIbb9q1yJ36B,spotify:artist:2l7DkzVuYJW700mR7r43un,3
4143,spotify:artist:2k07pWgpJiFIbb9q1yJ36B,spotify:artist:2zAvisjImPICTNsRgagqlV,3
4144,spotify:artist:2k07pWgpJiFIbb9q1yJ36B,spotify:artist:2zTCLiQ8OUIWEyV6eZWzFy,3
4145,spotify:artist:2k07pWgpJiFIbb9q1yJ36B,spotify:artist:339qxEdD8z8okRAiTp1HKf,3
4146,spotify:artist:2k07pWgpJiFIbb9q1yJ36B,spotify:artist:43qdXLql01k9JPTeqBG22H,3
4147,spotify:artist:2k07pWgpJiFIbb9q1yJ36B,spotify:artist:7EFfGZiKL1Ud3cspnlMq4H,3
4148,spotify:artist:2k07pWgpJiFIbb9q1yJ36B,spotify:artist:0qt6QSruHshcWT9QOzyfZp,3
4149,spotify:artist:2k07pWgpJiFIbb9q1yJ36B,spotify:artist:2Lhs0asnFQiLuntn3s8p78,3
4150,spotify:artist:2k07pWgpJiFIbb9q1yJ36B,spotify:artist:79JJCxCCfJ8HufX6w8q2k4,3
4151,spotify:artist:2k07pWgpJiFIbb9q1yJ36B,spotify:artist:4G0XDEk7RbA4BBCTs917U9,3
4152,spotify:artist:2k07pWgpJiFIbb9q1yJ36B,spotify:artist:0GkLlslI4LMVTTuUkyQp57,3
4153,spotify:artist:2k07pWgpJiFIbb9q1yJ36B,spotify:artist:2rDxtYUzTAYJJE3Bl3Z5IN,3
4154,spotify:artist:2k07pWgpJiFIbb9q1yJ36B,spotify:artist:6vrwcJbfs2QyRtApdx1hXX,3
4155,spotify:artist:2k07pWgpJiFIbb9q1yJ36B,spotify:artist:2EEw2tt8AJcH9qXUeB96Oc,3
4156,spotify:artist:2k07pWgpJiFIbb9q1yJ36B,spotify:artist:2ajVJyxI4sHmTMtTA3ENko,3
4157,spotify:artist:2k07pWgpJiFIbb9q1yJ36B,spotify:artist:2oAKV8mT3NB1hZbGbGcdYB,3
4158,spotify:artist:2k07pWgpJiFIbb9q1yJ36B,spotify:artist:57kIMCLPgkzQlXjblX7XXP,3
4159,spotify:artist:2k07pWgpJiFIbb9q1yJ36B,spotify:artist:6BV1QOFqWihVnBllS5naPh,3
4160,spotify:artist:4tBNwdhdWAXGzzaPTp9dRE,spotify:artist:3uQ5cxFHxXddqPL58egs1z,3
4161,spotify:artist:4tBNwdhdWAXGzzaPTp9dRE,spotify:artist:2k07pWgpJiFIbb9q1yJ36B,3
4162,spotify:artist:4tBNwdhdWAXGzzaPTp9dRE,spotify:artist:43qdXLql01k9JPTeqBG22H,3
4163,spotify:artist:4tBNwdhdWAXGzzaPTp9dRE,spotify:artist:2l7DkzVuYJW700mR7r43un,3
4164,spotify:artist:4tBNwdhdWAXGzzaPTp9dRE,spotify:artist:0qt6QSruHshcWT9QOzyfZp,3
4165,spotify:artist:4tBNwdhdWAXGzzaPTp9dRE,spotify:artist:2zAvisjImPICTNsRgagqlV,3
4166,spotify:artist:4tBNwdhdWAXGzzaPTp9dRE,spotify:artist:7EFfGZiKL1Ud3cspnlMq4H,3
4167,spotify:artist:4tBNwdhdWAXGzzaPTp9dRE,spotify:artist:2EEw2tt8AJcH9qXUeB96Oc,3
4168,spotify:artist:4tBNwdhdWAXGzzaPTp9dRE,spotify:artist:4G0XDEk7RbA4BBCTs917U9,3
4169,spotify:artist:4tBNwdhdWAXGzzaPTp9dRE,spotify:artist:79JJCxCCfJ8HufX6w8q2k4,3
4170,spotify:artist:4tBNwdhdWAXGzzaPTp9dRE,spotify:artist:2oAKV8mT3NB1hZbGbGcdYB,3
4171,spotify:artist:4tBNwdhdWAXGzzaPTp9dRE,spotify:artist:339qxEdD8z8okRAiTp1HKf,3
4172,spotify:artist:4tBNwdhdWAXGzzaPTp9dRE,spotify:artist:2ajVJyxI4sHmTMtTA3ENko,3
4173,spotify:artist:4tBNwdhdWAXGzzaPTp9dRE,spotify:artist:2Lhs0asnFQiLuntn3s8p78,3
4174,spotify:artist:4tBNwdhdWAXGzzaPTp9dRE,spotify:artist:3gSfOAPCvsDDVDBeSLl9v6,3
4175,spotify:artist:4tBNwdhdWAXGzzaPTp9dRE,spotify:artist:7gqsi6aBSkRMJoL9psKqMr,3
4176,spotify:artist:4tBNwdhdWAXGzzaPTp9dRE,spotify:artist:0GkLlslI4LMVTTuUkyQp57,3
4177,spotify:artist:4tBNwdhdWAXGzzaPTp9dRE,spotify:artist:6M5FR3JkFFVDkgwtO6Vtz6,3
4178,spotify:artist:4tBNwdhdWAXGzzaPTp9dRE,spotify:artist:6Jg1WSoV27sDj7N2WRFPqo,3
4179,spotify:artist:4tBNwdhdWAXGzzaPTp9dRE,spotify:artist:0Z6hyoqGpchajBS8Gt3c0l,3
4180,spotify:artist:70gvc4NvTwgBpEB1goYy8z,spotify:artist:3dmSPhg0tdao8ePj4pySJ5,3
4181,spotify:artist:70gvc4NvTwgBpEB1goYy8z,spotify:artist:339qxEdD8z8okRAiTp1HKf,3
4182,spotify:artist:70gvc4NvTwgBpEB1goYy8z,spotify:artist:2Lhs0asnFQiLuntn3s8p78,3
4183,spotify:artist:70gvc4NvTwgBpEB1goYy8z,spotify:artist:2oAKV8mT3NB1hZbGbGcdYB,3
4184,spotify:artist:70gvc4NvTwgBpEB1goYy8z,spotify:artist:6MnQV8O2R0Oci41F4HLB59,3
4185,spotify:artist:70gvc4NvTwgBpEB1goYy8z,spotify:artist:1XW5L5zIBqMw7sqkkuIi5n,3
4186,spotify:artist:70gvc4NvTwgBpEB1goYy8z,spotify:artist:5RyAbJ3y4yw8EbDcRblB8S,3
4187,spotify:artist:70gvc4NvTwgBpEB1goYy8z,spotify:artist:0qt6QSruHshcWT9QOzyfZp,3
4188,spotify:artist:70gvc4NvTwgBpEB1goYy8z,spotify:artist:2zAvisjImPICTNsRgagqlV,3
4189,spotify:artist:70gvc4NvTwgBpEB1goYy8z,spotify:artist:6M5FR3JkFFVDkgwtO6Vtz6,3
4190,spotify:artist:70gvc4NvTwgBpEB1goYy8z,spotify:artist:7EFfGZiKL1Ud3cspnlMq4H,3
4191,spotify:artist:70gvc4NvTwgBpEB1goYy8z,spotify:artist:08w6KQXL60XUftg3Ds3177,3
4192,spotify:artist:70gvc4NvTwgBpEB1goYy8z,spotify:artist:4tBNwdhdWAXGzzaPTp9dRE,3
4193,spotify:artist:70gvc4NvTwgBpEB1goYy8z,spotify:artist:4HEIKb9PGw8MG7Am50ev98,3
4194,spotify:artist:70gvc4NvTwgBpEB1goYy8z,spotify:artist:5tgz5nUmXzQkGo7i0RczvC,3
4195,spotify:artist:70gvc4NvTwgBpEB1goYy8z,spotify:artist:3uQ5cxFHxXddqPL58egs1z,3
4196,spotify:artist:70gvc4NvTwgBpEB1goYy8z,spotify:artist:2l7DkzVuYJW700mR7r43un,3
4197,spotify:artist:70gvc4NvTwgBpEB1goYy8z,spotify:artist:2ajVJyxI4sHmTMtTA3ENko,3
4198,spotify:artist:70gvc4NvTwgBpEB1goYy8z,spotify:artist:7gqsi6aBSkRMJoL9psKqMr,3
4199,spotify:artist:70gvc4NvTwgBpEB1goYy8z,spotify:artist:1RM5gp0RFfjpJhCYFPB30p,3
4200,spotify:artist:1OmdWpAh1pucAuZPzJaxIJ,spotify:artist:339qxEdD8z8okRAiTp1HKf,3
4201,spotify:artist:1OmdWpAh1pucAuZPzJaxIJ,spotify:artist:2Lhs0asnFQiLuntn3s8p78,3
4202,spotify:artist:1OmdWpAh1pucAuZPzJaxIJ,spotify:artist:2oAKV8mT3NB1hZbGbGcdYB,3
4203,spotify:artist:1OmdWpAh1pucAuZPzJaxIJ,spotify:artist:2k07pWgpJiFIbb9q1yJ36B,3
4204,spotify:artist:1OmdWpAh1pucAuZPzJaxIJ,spotify:artist:2zAvisjImPICTNsRgagqlV,3
4205,spotify:artist:1OmdWpAh1pucAuZPzJaxIJ,spotify:artist:3uQ5cxFHxXddqPL58egs1z,3
4206,spotify:artist:1OmdWpAh1pucAuZPzJaxIJ,spotify:artist:3dmSPhg0tdao8ePj4pySJ5,3
4207,spotify:artist:1OmdWpAh1pucAuZPzJaxIJ,spotify:artist:2rDxtYUzTAYJJE3Bl3Z5IN,3
4208,spotify:artist:1OmdWpAh1pucAuZPzJaxIJ,spotify:artist:6nXSnNEdLuKTzAQozRtqiI,3
4209,spotify:artist:1OmdWpAh1pucAuZPzJaxIJ,spotify:artist:79JJCxCCfJ8HufX6w8q2k4,3
4210,spotify:artist:1OmdWpAh1pucAuZPzJaxIJ,spotify:artist:57kIMCLPgkzQlXjblX7XXP,3
4211,spotify:artist:1OmdWpAh1pucAuZPzJaxIJ,spotify:artist:188gwh9RnRT58ZQPwqwHE3,3
4212,spotify:artist:1OmdWpAh1pucAuZPzJaxIJ,spotify:artist:4Cedjq5BQL3MhapRvDpFED,3
4213,spotify:artist:1OmdWpAh1pucAuZPzJaxIJ,spotify:artist:2ajVJyxI4sHmTMtTA3ENko,3
4214,spotify:artist:1OmdWpAh1pucAuZPzJaxIJ,spotify:artist:72PnPUc1qv9UjRPaGVZ1jq,3
4215,spotify:artist:1OmdWpAh1pucAuZPzJaxIJ,spotify:artist:2UDplVRprMbazU74Hq8OLl,3
4216,spotify:artist:1OmdWpAh1pucAuZPzJaxIJ,spotify:artist:7gqsi6aBSkRMJoL9psKqMr,3
4217,spotify:artist:1OmdWpAh1pucAuZPzJaxIJ,spotify:artist:2Plkkomsc4DKawkCioLKjc,3
4218,spotify:artist:1OmdWpAh1pucAuZPzJaxIJ,spotify:artist:4Ajgo7nAsTzjSFymIfBjZ1,3
4219,spotify:artist:1OmdWpAh1pucAuZPzJaxIJ,spotify:artist:0TeVWuc8Sw05X4Qkl3AA5r,3
4220,spotify:artist:2zAvisjImPICTNsRgagqlV,spotify:artist:3uQ5cxFHxXddqPL58egs1z,3
4221,spotify:artist:2zAvisjImPICTNsRgagqlV,spotify:artist:2EEw2tt8AJcH9qXUeB96Oc,3
4222,spotify:artist:2zAvisjImPICTNsRgagqlV,spotify:artist:2l7DkzVuYJW700mR7r43un,3
4223,spotify:artist:2zAvisjImPICTNsRgagqlV,spotify:artist:2k07pWgpJiFIbb9q1yJ36B,3
4224,spotify:artist:2zAvisjImPICTNsRgagqlV,spotify:artist:2Lhs0asnFQiLuntn3s8p78,3
4225,spotify:artist:2zAvisjImPICTNsRgagqlV,spotify:artist:4tBNwdhdWAXGzzaPTp9dRE,3
4226,spotify:artist:2zAvisjImPICTNsRgagqlV,spotify:artist:2ajVJyxI4sHmTMtTA3ENko,3
4227,spotify:artist:2zAvisjImPICTNsRgagqlV,spotify:artist:79JJCxCCfJ8HufX6w8q2k4,3
4228,spotify:artist:2zAvisjImPICTNsRgagqlV,spotify:artist:0qt6QSruHshcWT9QOzyfZp,3
4229,spotify:artist:2zAvisjImPICTNsRgagqlV,spotify:artist:4G0XDEk7RbA4BBCTs917U9,3
4230,spotify:artist:2zAvisjImPICTNsRgagqlV,spotify:artist:7EFfGZiKL1Ud3cspnlMq4H,3
4231,spotify:artist:2zAvisjImPICTNsRgagqlV,spotify:artist:7gqsi6aBSkRMJoL9psKqMr,3
4232,spotify:artist:2zAvisjImPICTNsRgagqlV,spotify:artist:3mv2eHwrIONSkviASDMRMa,3
4233,spotify:artist:2zAvisjImPICTNsRgagqlV,spotify:artist:0Z6hyoqGpchajBS8Gt3c0l,3
4234,spotify:artist:2zAvisjImPICTNsRgagqlV,spotify:artist:57kIMCLPgkzQlXjblX7XXP,3
4235,spotify:artist:2zAvisjImPICTNsRgagqlV,spotify:artist:4ePunOqQbOYoQwd1298g3Z,3
4236,spotify:artist:2zAvisjImPICTNsRgagqlV,spotify:artist:2rDxtYUzTAYJJE3Bl3Z5IN,3
4237,spotify:artist:2zAvisjImPICTNsRgagqlV,spotify:artist:3dmSPhg0tdao8ePj4pySJ5,3
4238,spotify:artist:2zAvisjImPICTNsRgagqlV,spotify:artist:339qxEdD8z8okRAiTp1HKf,3
4239,spotify:artist:2zAvisjImPICTNsRgagqlV,spotify:artist:6Jg1WSoV27sDj7N2WRFPqo,3
4240,spotify:artist:0TeVWuc8Sw05X4Qkl3AA5r,spotify:artist:3vidJsiALgVC5ZuweJgeDT,3
4241,spotify:artist:0TeVWuc8Sw05X4Qkl3AA5r,spotify:artist:3Rdkj77BOQHj5dTLveCJvI,3
4242,spotify:artist:0TeVWuc8Sw05X4Qkl3AA5r,spotify:artist:2zTCLiQ8OUIWEyV6eZWzFy,3
4243,spotify:artist:0TeVWuc8Sw05X4Qkl3AA5r,spotify:artist:1Cc79YAHP7xvQAVQSjveP6,3
4244,spotify:artist:0TeVWuc8Sw05X4Qkl3AA5r,spotify:artist:2wXBWJhbm1gfEVjyEEuhDH,3
4245,spotify:artist:0TeVWuc8Sw05X4Qkl3AA5r,spotify:artist:2oAKV8mT3NB1hZbGbGcdYB,3
4246,spotify:artist:0TeVWuc8Sw05X4Qkl3AA5r,spotify:artist:7caMdiwqwg1WefL7Jjm23M,3
4247,spotify:artist:0TeVWuc8Sw05X4Qkl3AA5r,spotify:artist:6zKkaqMGGmaKLUSLTcsrls,3
4248,spotify:artist:0TeVWuc8Sw05X4Qkl3AA5r,spotify:artist:61YXt5O4gENijzfR9cjjSV,3
4249,spotify:artist:0TeVWuc8Sw05X4Qkl3AA5r,spotify:artist:1Fp2fNrv2udkdpOqFWn8IY,3
4250,spotify:artist:0TeVWuc8Sw05X4Qkl3AA5r,spotify:artist:2UDplVRprMbazU74Hq8OLl,3
4251,spotify:artist:0TeVWuc8Sw05X4Qkl3AA5r,spotify:artist:339qxEdD8z8okRAiTp1HKf,3
4252,spotify:artist:0TeVWuc8Sw05X4Qkl3AA5r,spotify:artist:4zMX9gWf1DKhvsYHUCbBF7,3
4253,spotify:artist:0TeVWuc8Sw05X4Qkl3AA5r,spotify:artist:4QonkOS6ybWrJVYFWEHMZY,3
4254,spotify:artist:0TeVWuc8Sw05X4Qkl3AA5r,spotify:artist:0nnDCl6emTFoWtygqSs4Jy,3
4255,spotify:artist:0TeVWuc8Sw05X4Qkl3AA5r,spotify:artist:4SK1IgkcWWc5HC1TOBq1VS,3
4256,spotify:artist:0TeVWuc8Sw05X4Qkl3AA5r,spotify:artist:60ht0hWRy1yjUDfNsLuHuP,3
4257,spotify:artist:0TeVWuc8Sw05X4Qkl3AA5r,spotify:artist:4PM86aECDhcdwuJNZNrR22,3
4258,spotify:artist:0TeVWuc8Sw05X4Qkl3AA5r,spotify:artist:3PCC1w6AJvKLFpZbDJrsGe,3
4259,spotify:artist:0TeVWuc8Sw05X4Qkl3AA5r,spotify:artist:0bDtDHLE3cBlqZxyLUDf90,3
4260,spotify:artist:3uQ5cxFHxXddqPL58egs1z,spotify:artist:4tBNwdhdWAXGzzaPTp9dRE,3
4261,spotify:artist:3uQ5cxFHxXddqPL58egs1z,spotify:artist:2k07pWgpJiFIbb9q1yJ36B,3
4262,spotify:artist:3uQ5cxFHxXddqPL58egs1z,spotify:artist:2l7DkzVuYJW700mR7r43un,3
4263,spotify:artist:3uQ5cxFHxXddqPL58egs1z,spotify:artist:2zAvisjImPICTNsRgagqlV,3
4264,spotify:artist:3uQ5cxFHxXddqPL58egs1z,spotify:artist:0qt6QSruHshcWT9QOzyfZp,3
4265,spotify:artist:3uQ5cxFHxXddqPL58egs1z,spotify:artist:4G0XDEk7RbA4BBCTs917U9,3
4266,spotify:artist:3uQ5cxFHxXddqPL58egs1z,spotify:artist:2ajVJyxI4sHmTMtTA3ENko,3
4267,spotify:artist:3uQ5cxFHxXddqPL58egs1z,spotify:artist:7EFfGZiKL1Ud3cspnlMq4H,3
4268,spotify:artist:3uQ5cxFHxXddqPL58egs1z,spotify:artist:79JJCxCCfJ8HufX6w8q2k4,3
4269,spotify:artist:3uQ5cxFHxXddqPL58egs1z,spotify:artist:2Lhs0asnFQiLuntn3s8p78,3
4270,spotify:artist:3uQ5cxFHxXddqPL58egs1z,spotify:artist:2EEw2tt8AJcH9qXUeB96Oc,3
4271,spotify:artist:3uQ5cxFHxXddqPL58egs1z,spotify:artist:2GATzeg62cr6sH29wSOVWe,3
4272,spotify:artist:3uQ5cxFHxXddqPL58egs1z,spotify:artist:3gSfOAPCvsDDVDBeSLl9v6,3
4273,spotify:artist:3uQ5cxFHxXddqPL58egs1z,spotify:artist:0wz0jO9anccPzH04N7FLBH,3
4274,spotify:artist:3uQ5cxFHxXddqPL58egs1z,spotify:artist:57kIMCLPgkzQlXjblX7XXP,3
4275,spotify:artist:3uQ5cxFHxXddqPL58egs1z,spotify:artist:7gqsi6aBSkRMJoL9psKqMr,3
4276,spotify:artist:3uQ5cxFHxXddqPL58egs1z,spotify:artist:0Z6hyoqGpchajBS8Gt3c0l,3
4277,spotify:artist:3uQ5cxFHxXddqPL58egs1z,spotify:artist:2rDxtYUzTAYJJE3Bl3Z5IN,3
4278,spotify:artist:3uQ5cxFHxXddqPL58egs1z,spotify:artist:3mv2eHwrIONSkviASDMRMa,3
4279,spotify:artist:3uQ5cxFHxXddqPL58egs1z,spotify:artist:64tVHZVSAZhDEiOJxnb6hE,3
4280,spotify:artist:2l7DkzVuYJW700mR7r43un,spotify:artist:6Jg1WSoV27sDj7N2WRFPqo,3
4281,spotify:artist:2l7DkzVuYJW700mR7r43un,spotify:artist:7gqsi6aBSkRMJoL9psKqMr,3
4282,spotify:artist:2l7DkzVuYJW700mR7r43un,spotify:artist:4ePunOqQbOYoQwd1298g3Z,3
4283,spotify:artist:2l7DkzVuYJW700mR7r43un,spotify:artist:2zAvisjImPICTNsRgagqlV,3
4284,spotify:artist:2l7DkzVuYJW700mR7r43un,spotify:artist:3uQ5cxFHxXddqPL58egs1z,3
4285,spotify:artist:2l7DkzVuYJW700mR7r43un,spotify:artist:2k07pWgpJiFIbb9q1yJ36B,3
4286,spotify:artist:2l7DkzVuYJW700mR7r43un,spotify:artist:4tBNwdhdWAXGzzaPTp9dRE,3
4287,spotify:artist:2l7DkzVuYJW700mR7r43un,spotify:artist:4OogVxC2vWAsXsTYXctXi1,3
4288,spotify:artist:2l7DkzVuYJW700mR7r43un,spotify:artist:2EEw2tt8AJcH9qXUeB96Oc,3
4289,spotify:artist:2l7DkzVuYJW700mR7r43un,spotify:artist:2ajVJyxI4sHmTMtTA3ENko,3
4290,spotify:artist:2l7DkzVuYJW700mR7r43un,spotify:artist:2Lhs0asnFQiLuntn3s8p78,3
4291,spotify:artist:2l7DkzVuYJW700mR7r43un,spotify:artist:7EFfGZiKL1Ud3cspnlMq4H,3
4292,spotify:artist:2l7DkzVuYJW700mR7r43un,spotify:artist:0Z6hyoqGpchajBS8Gt3c0l,3
4293,spotify:artist:2l7DkzVuYJW700mR7r43un,spotify:artist:0qt6QSruHshcWT9QOzyfZp,3
4294,spotify:artist:2l7DkzVuYJW700mR7r43un,spotify:artist:6ZWMXMg25PGVCaoYZXQSyn,3
4295,spotify:artist:2l7DkzVuYJW700mR7r43un,spotify:artist:3mv2eHwrIONSkviASDMRMa,3
4296,spotify:artist:2l7DkzVuYJW700mR7r43un,spotify:artist:2GATzeg62cr6sH29wSOVWe,3
4297,spotify:artist:2l7DkzVuYJW700mR7r43un,spotify:artist:53PYmJ7bACIX8gkVoTkCIr,3
4298,spotify:artist:2l7DkzVuYJW700mR7r43un,spotify:artist:4G0XDEk7RbA4BBCTs917U9,3
4299,spotify:artist:2l7DkzVuYJW700mR7r43un,spotify:artist:3gSfOAPCvsDDVDBeSLl9v6,3
4300,spotify:artist:6M5FR3JkFFVDkgwtO6Vtz6,spotify:artist:339qxEdD8z8okRAiTp1HKf,3
4301,spotify:artist:6M5FR3JkFFVDkgwtO6Vtz6,spotify:artist:2oAKV8mT3NB1hZbGbGcdYB,3
4302,spotify:artist:6M5FR3JkFFVDkgwtO6Vtz6,spotify:artist:2zAvisjImPICTNsRgagqlV,3
4303,spotify:artist:6M5FR3JkFFVDkgwtO6Vtz6,spotify:artist:4tBNwdhdWAXGzzaPTp9dRE,3
4304,spotify:artist:6M5FR3JkFFVDkgwtO6Vtz6,spotify:artist:2Lhs0asnFQiLuntn3s8p78,3
4305,spotify:artist:6M5FR3JkFFVDkgwtO6Vtz6,spotify:artist:7EFfGZiKL1Ud3cspnlMq4H,3
4306,spotify:artist:6M5FR3JkFFVDkgwtO6Vtz6,spotify:artist:79JJCxCCfJ8HufX6w8q2k4,3
4307,spotify:artist:6M5FR3JkFFVDkgwtO6Vtz6,spotify:artist:3uQ5cxFHxXddqPL58egs1z,3
4308,spotify:artist:6M5FR3JkFFVDkgwtO6Vtz6,spotify:artist:04Lk4wB0qijus8AOGYiHg8,3
4309,spotify:artist:6M5FR3JkFFVDkgwtO6Vtz6,spotify:artist:3dmSPhg0tdao8ePj4pySJ5,3
4310,spotify:artist:6M5FR3JkFFVDkgwtO6Vtz6,spotify:artist:0qt6QSruHshcWT9QOzyfZp,3
4311,spotify:artist:6M5FR3JkFFVDkgwtO6Vtz6,spotify:artist:7gqsi6aBSkRMJoL9psKqMr,3
4312,spotify:artist:6M5FR3JkFFVDkgwtO6Vtz6,spotify:artist:2k07pWgpJiFIbb9q1yJ36B,3
4313,spotify:artist:6M5FR3JkFFVDkgwtO6Vtz6,spotify:artist:2ajVJyxI4sHmTMtTA3ENko,3
4314,spotify:artist:6M5FR3JkFFVDkgwtO6Vtz6,spotify:artist:70eE3MS4oHZvZVLLY2fU8B,3
4315,spotify:artist:6M5FR3JkFFVDkgwtO6Vtz6,spotify:artist:70gvc4NvTwgBpEB1goYy8z,3
4316,spotify:artist:6M5FR3JkFFVDkgwtO6Vtz6,spotify:artist:14CMndDKSsMSvZYXFLZRfn,3
4317,spotify:artist:6M5FR3JkFFVDkgwtO6Vtz6,spotify:artist:6MnQV8O2R0Oci41F4HLB59,3
4318,spotify:artist:6M5FR3JkFFVDkgwtO6Vtz6,spotify:artist:3bEHj6WUeCJey0vLrffSQp,3
4319,spotify:artist:6M5FR3JkFFVDkgwtO6Vtz6,spotify:artist:0N1TIXCk9Q9JbEPXQDclEL,3
4320,spotify:artist:08w6KQXL60XUftg3Ds3177,spotify:artist:6MnQV8O2R0Oci41F4HLB59,3
4321,spotify:artist:08w6KQXL60XUftg3Ds3177,spotify:artist:339qxEdD8z8okRAiTp1HKf,3
4322,spotify:artist:08w6KQXL60XUftg3Ds3177,spotify:artist:6i5q5T7CbwuAyAMdDIkhvQ,3
4323,spotify:artist:08w6KQXL60XUftg3Ds3177,spotify:artist:188gwh9RnRT58ZQPwqwHE3,3
4324,spotify:artist:08w6KQXL60XUftg3Ds3177,spotify:artist:2oAKV8mT3NB1hZbGbGcdYB,3
4325,spotify:artist:08w6KQXL60XUftg3Ds3177,spotify:artist:0C8DFnoT192R5pDy0kRnrP,3
4326,spotify:artist:08w6KQXL60XUftg3Ds3177,spotify:artist:70gvc4NvTwgBpEB1goYy8z,3
4327,spotify:artist:08w6KQXL60XUftg3Ds3177,spotify:artist:72PnPUc1qv9UjRPaGVZ1jq,3
4328,spotify:artist:08w6KQXL60XUftg3Ds3177,spotify:artist:2Lc049MATwWRm2VpfB74YW,3
4329,spotify:artist:08w6KQXL60XUftg3Ds3177,spotify:artist:2zTCLiQ8OUIWEyV6eZWzFy,3
4330,spotify:artist:08w6KQXL60XUftg3Ds3177,spotify:artist:5JFS60r6NwiQfX8Ue29JHL,3
4331,spotify:artist:08w6KQXL60XUftg3Ds3177,spotify:artist:7EFfGZiKL1Ud3cspnlMq4H,3
4332,spotify:artist:08w6KQXL60XUftg3Ds3177,spotify:artist:3Rdkj77BOQHj5dTLveCJvI,3
4333,spotify:artist:08w6KQXL60XUftg3Ds3177,spotify:artist:1XW5L5zIBqMw7sqkkuIi5n,3
4334,spotify:artist:08w6KQXL60XUftg3Ds3177,spotify:artist:3dmSPhg0tdao8ePj4pySJ5,3
4335,spotify:artist:08w6KQXL60XUftg3Ds3177,spotify:artist:3WNuXg2cfUF1m2ol7bh5ff,3
4336,spotify:artist:08w6KQXL60XUftg3Ds3177,spotify:artist:2Lhs0asnFQiLuntn3s8p78,3
4337,spotify:artist:08w6KQXL60XUftg3Ds3177,spotify:artist:0TeVWuc8Sw05X4Qkl3AA5r,3
4338,spotify:artist:08w6KQXL60XUftg3Ds3177,spotify:artist:0dpglhdTlof5BS5LX7uJmg,3
4339,spotify:artist:08w6KQXL60XUftg3Ds3177,spotify:artist:31ir0nQWMLTowZmZO8CiBw,3
4340,spotify:artist:72PnPUc1qv9UjRPaGVZ1jq,spotify:artist:3Rdkj77BOQHj5dTLveCJvI,3
4341,spotify:artist:72PnPUc1qv9UjRPaGVZ1jq,spotify:artist:339qxEdD8z8okRAiTp1HKf,3
4342,spotify:artist:72PnPUc1qv9UjRPaGVZ1jq,spotify:artist:6MnQV8O2R0Oci41F4HLB59,3
4343,spotify:artist:72PnPUc1qv9UjRPaGVZ1jq,spotify:artist:188gwh9RnRT58ZQPwqwHE3,3
4344,spotify:artist:72PnPUc1qv9UjRPaGVZ1jq,spotify:artist:2zTCLiQ8OUIWEyV6eZWzFy,3
4345,spotify:artist:72PnPUc1qv9UjRPaGVZ1jq,spotify:artist:2oAKV8mT3NB1hZbGbGcdYB,3
4346,spotify:artist:72PnPUc1qv9UjRPaGVZ1jq,spotify:artist:2k07pWgpJiFIbb9q1yJ36B,3
4347,spotify:artist:72PnPUc1qv9UjRPaGVZ1jq,spotify:artist:08w6KQXL60XUftg3Ds3177,3
4348,spotify:artist:72PnPUc1qv9UjRPaGVZ1jq,spotify:artist:2Lhs0asnFQiLuntn3s8p78,3
4349,spotify:artist:72PnPUc1qv9UjRPaGVZ1jq,spotify:artist:3uQ5cxFHxXddqPL58egs1z,3
4350,spotify:artist:72PnPUc1qv9UjRPaGVZ1jq,spotify:artist:3x0LgZSPgNh91O6NBMtqTs,3
4351,spotify:artist:72PnPUc1qv9UjRPaGVZ1jq,spotify:artist:1OmdWpAh1pucAuZPzJaxIJ,3
4352,spotify:artist:72PnPUc1qv9UjRPaGVZ1jq,spotify:artist:0dpglhdTlof5BS5LX7uJmg,3
4353,spotify:artist:72PnPUc1qv9UjRPaGVZ1jq,spotify:artist:4Ajgo7nAsTzjSFymIfBjZ1,3
4354,spotify:artist:72PnPUc1qv9UjRPaGVZ1jq,spotify:artist:2zAvisjImPICTNsRgagqlV,3
4355,spotify:artist:72PnPUc1qv9UjRPaGVZ1jq,spotify:artist:3ZWab2LEVkNKiBPIClTwof,3
4356,spotify:artist:72PnPUc1qv9UjRPaGVZ1jq,spotify:artist:2Plkkomsc4DKawkCioLKjc,3
4357,spotify:artist:72PnPUc1qv9UjRPaGVZ1jq,spotify:artist:60ht0hWRy1yjUDfNsLuHuP,3
4358,spotify:artist:72PnPUc1qv9UjRPaGVZ1jq,spotify:artist:4Cedjq5BQL3MhapRvDpFED,3
4359,spotify:artist:72PnPUc1qv9UjRPaGVZ1jq,spotify:artist:7caMdiwqwg1WefL7Jjm23M,3
4360,spotify:artist:0qt6QSruHshcWT9QOzyfZp,spotify:artist:4G0XDEk7RbA4BBCTs917U9,3
4361,spotify:artist:0qt6QSruHshcWT9QOzyfZp,spotify:artist:2GATzeg62cr6sH29wSOVWe,3
4362,spotify:artist:0qt6QSruHshcWT9QOzyfZp,spotify:artist:4tBNwdhdWAXGzzaPTp9dRE,3
4363,spotify:artist:0qt6QSruHshcWT9QOzyfZp,spotify:artist:3uQ5cxFHxXddqPL58egs1z,3
4364,spotify:artist:0qt6QSruHshcWT9QOzyfZp,spotify:artist:79JJCxCCfJ8HufX6w8q2k4,3
4365,spotify:artist:0qt6QSruHshcWT9QOzyfZp,spotify:artist:2k07pWgpJiFIbb9q1yJ36B,3
4366,spotify:artist:0qt6QSruHshcWT9QOzyfZp,spotify:artist:2l7DkzVuYJW700mR7r43un,3
4367,spotify:artist:0qt6QSruHshcWT9QOzyfZp,spotify:artist:2zAvisjImPICTNsRgagqlV,3
4368,spotify:artist:0qt6QSruHshcWT9QOzyfZp,spotify:artist:2ajVJyxI4sHmTMtTA3ENko,3
4369,spotify:artist:0qt6QSruHshcWT9QOzyfZp,spotify:artist:5pYsvK3zKJT4wzt2L399H4,3
4370,spotify:artist:0qt6QSruHshcWT9QOzyfZp,spotify:artist:2Lhs0asnFQiLuntn3s8p78,3
4371,spotify:artist:0qt6QSruHshcWT9QOzyfZp,spotify:artist:0wz0jO9anccPzH04N7FLBH,3
4372,spotify:artist:0qt6QSruHshcWT9QOzyfZp,spotify:artist:5lQ9ygSr6WMqXYsG00nNNY,3
4373,spotify:artist:0qt6QSruHshcWT9QOzyfZp,spotify:artist:6uHjKRsYGaElOrKWlSEji3,3
4374,spotify:artist:0qt6QSruHshcWT9QOzyfZp,spotify:artist:7EFfGZiKL1Ud3cspnlMq4H,3
4375,spotify:artist:0qt6QSruHshcWT9QOzyfZp,spotify:artist:6TTJ0xLPPNDyv4bXyukzU4,3
4376,spotify:artist:0qt6QSruHshcWT9QOzyfZp,spotify:artist:2EEw2tt8AJcH9qXUeB96Oc,3
4377,spotify:artist:0qt6QSruHshcWT9QOzyfZp,spotify:artist:7gqsi6aBSkRMJoL9psKqMr,3
4378,spotify:artist:0qt6QSruHshcWT9QOzyfZp,spotify:artist:2oAKV8mT3NB1hZbGbGcdYB,3
4379,spotify:artist:0qt6QSruHshcWT9QOzyfZp,spotify:artist:1555UFA4CyCnJEzCKikGHe,3
4380,spotify:artist:2EEw2tt8AJcH9qXUeB96Oc,spotify:artist:2zAvisjImPICTNsRgagqlV,3
4381,spotify:artist:2EEw2tt8AJcH9qXUeB96Oc,spotify:artist:2ajVJyxI4sHmTMtTA3ENko,3
4382,spotify:artist:2EEw2tt8AJcH9qXUeB96Oc,spotify:artist:3uQ5cxFHxXddqPL58egs1z,3
4383,spotify:artist:2EEw2tt8AJcH9qXUeB96Oc,spotify:artist:4tBNwdhdWAXGzzaPTp9dRE,3
4384,spotify:artist:2EEw2tt8AJcH9qXUeB96Oc,spotify:artist:2l7DkzVuYJW700mR7r43un,3
4385,spotify:artist:2EEw2tt8AJcH9qXUeB96Oc,spotify:artist:2k07pWgpJiFIbb9q1yJ36B,3
4386,spotify:artist:2EEw2tt8AJcH9qXUeB96Oc,spotify:artist:3gSfOAPCvsDDVDBeSLl9v6,3
4387,spotify:artist:2EEw2tt8AJcH9qXUeB96Oc,spotify:artist:7EFfGZiKL1Ud3cspnlMq4H,3
4388,spotify:artist:2EEw2tt8AJcH9qXUeB96Oc,spotify:artist:2Lhs0asnFQiLuntn3s8p78,3
4389,spotify:artist:2EEw2tt8AJcH9qXUeB96Oc,spotify:artist:0qt6QSruHshcWT9QOzyfZp,3
4390,spotify:artist:2EEw2tt8AJcH9qXUeB96Oc,spotify:artist:0Z6hyoqGpchajBS8Gt3c0l,3
4391,spotify:artist:2EEw2tt8AJcH9qXUeB96Oc,spotify:artist:2oAKV8mT3NB1hZbGbGcdYB,3
4392,spotify:artist:2EEw2tt8AJcH9qXUeB96Oc,spotify:artist:7gqsi6aBSkRMJoL9psKqMr,3
4393,spotify:artist:2EEw2tt8AJcH9qXUeB96Oc,spotify:artist:4G0XDEk7RbA4BBCTs917U9,3
4394,spotify:artist:2EEw2tt8AJcH9qXUeB96Oc,spotify:artist:79JJCxCCfJ8HufX6w8q2k4,3
4395,spotify:artist:2EEw2tt8AJcH9qXUeB96Oc,spotify:artist:339qxEdD8z8okRAiTp1HKf,3
4396,spotify:artist:2EEw2tt8AJcH9qXUeB96Oc,spotify:artist:6Jg1WSoV27sDj7N2WRFPqo,3
4397,spotify:artist:2EEw2tt8AJcH9qXUeB96Oc,spotify:artist:4ePunOqQbOYoQwd1298g3Z,3
4398,spotify:artist:2EEw2tt8AJcH9qXUeB96Oc,spotify:artist:57kIMCLPgkzQlXjblX7XXP,3
4399,spotify:artist:2EEw2tt8AJcH9qXUeB96Oc,spotify:artist:53PYmJ7bACIX8gkVoTkCIr,3
4400,spotify:artist:3B1VQErUlM3ZZ6d1EwYd2K,spotify:artist:0O0g9JMOVNoIgLG6dgaYMY,3
4401,spotify:artist:3B1VQErUlM3ZZ6d1EwYd2K,spotify:artist:4ljMUpFLXEVZWUrdHtuEzw,3
4402,spotify:artist:3B1VQErUlM3ZZ6d1EwYd2K,spotify:artist:1JXB7XQ9hjLB5pnr1eowKR,3
4403,spotify:artist:3B1VQErUlM3ZZ6d1EwYd2K,spotify:artist:3N6WAAPHoIjo6na008793X,3
4404,spotify:artist:3B1VQErUlM3ZZ6d1EwYd2K,spotify:artist:1BZzsIaJrwVhoY4oNnAGjr,3
4405,spotify:artist:3B1VQErUlM3ZZ6d1EwYd2K,spotify:artist:73YLmyaazO66GncUVHP0KV,3
4406,spotify:artist:3B1VQErUlM3ZZ6d1EwYd2K,spotify:artist:6IfaumPVXMZ8iDue5QhuCY,3
4407,spotify:artist:3B1VQErUlM3ZZ6d1EwYd2K,spotify:artist:046wtejcUX9rhlzw2nlveT,3
4408,spotify:artist:3B1VQErUlM3ZZ6d1EwYd2K,spotify:artist:2idymNTKUdnTxforkb12Mw,3
4409,spotify:artist:3B1VQErUlM3ZZ6d1EwYd2K,spotify:artist:1CYmYyxlWBVY80Kvq5lTDg,3
4410,spotify:artist:3B1VQErUlM3ZZ6d1EwYd2K,spotify:artist:7k8oHbK8ratXIVlYX7fVRU,3
4411,spotify:artist:3B1VQErUlM3ZZ6d1EwYd2K,spotify:artist:6HRtcKFPKPw6FtbGpvQviZ,3
4412,spotify:artist:3B1VQErUlM3ZZ6d1EwYd2K,spotify:artist:1ilhXoWIlGxz3fM4B24mNo,3
4413,spotify:artist:3B1VQErUlM3ZZ6d1EwYd2K,spotify:artist:1Ag6UM6dow2OH9V06mxzV5,3
4414,spotify:artist:3B1VQErUlM3ZZ6d1EwYd2K,spotify:artist:0fWvSXbvztkeHEnEuYvU2A,3
4415,spotify:artist:3B1VQErUlM3ZZ6d1EwYd2K,spotify:artist:7CW5MYWUsyUYiHbiTmVZHe,3
4416,spotify:artist:3B1VQErUlM3ZZ6d1EwYd2K,spotify:artist:6c8INA1EQQe9TkukfEdiCA,3
4417,spotify:artist:3B1VQErUlM3ZZ6d1EwYd2K,spotify:artist:4DD6xBZ1INIT3yGJRQLzej,3
4418,spotify:artist:3B1VQErUlM3ZZ6d1EwYd2K,spotify:artist:27nMLT6J64VaT51kMt7skd,3
4419,spotify:artist:3B1VQErUlM3ZZ6d1EwYd2K,spotify:artist:3JqoJ9CMC1y6iLHz5zZLut,3
4420,spotify:artist:046wtejcUX9rhlzw2nlveT,spotify:artist:4UETUdF77BfyJ7fEFVztr3,3
4421,spotify:artist:046wtejcUX9rhlzw2nlveT,spotify:artist:0tQ2Q4y9iUkKszxXyB14ZH,3
4422,spotify:artist:046wtejcUX9rhlzw2nlveT,spotify:artist:1Ag6UM6dow2OH9V06mxzV5,3
4423,spotify:artist:046wtejcUX9rhlzw2nlveT,spotify:artist:4rxXqaQUe5udkRsGRDDDIY,3
4424,spotify:artist:046wtejcUX9rhlzw2nlveT,spotify:artist:4VuMnSnoTGrma3a79UhfMs,3
4425,spotify:artist:046wtejcUX9rhlzw2nlveT,spotify:artist:2i8ynmFv4qgRksyDlBgi6d,3
4426,spotify:artist:046wtejcUX9rhlzw2nlveT,spotify:artist:1FGzeqDPTLZwfbfxpmPAZn,3
4427,spotify:artist:046wtejcUX9rhlzw2nlveT,spotify:artist:1l0eT7EY5r7U1gMVm2SyoS,3
4428,spotify:artist:046wtejcUX9rhlzw2nlveT,spotify:artist:4MlLVFHiA4e7BU7vQ4r5Lh,3
4429,spotify:artist:046wtejcUX9rhlzw2nlveT,spotify:artist:6WoTvA9qinpHtSRJuldYh6,3
4430,spotify:artist:046wtejcUX9rhlzw2nlveT,spotify:artist:1wAvVTxYw932BnBO5JhrXJ,3
4431,spotify:artist:046wtejcUX9rhlzw2nlveT,spotify:artist:0O0g9JMOVNoIgLG6dgaYMY,3
4432,spotify:artist:046wtejcUX9rhlzw2nlveT,spotify:artist:4AIo9dEYhuS3AtwhhKgA0M,3
4433,spotify:artist:046wtejcUX9rhlzw2nlveT,spotify:artist:6TR7TYiDiS5okigndyMIpK,3
4434,spotify:artist:046wtejcUX9rhlzw2nlveT,spotify:artist:16VudBYGOd9sMpOtA0szfp,3
4435,spotify:artist:046wtejcUX9rhlzw2nlveT,spotify:artist:5UMQV83wwZCCvRSQCVjZw6,3
4436,spotify:artist:046wtejcUX9rhlzw2nlveT,spotify:artist:0S7Zur2g8YhqlzqtlYStli,3
4437,spotify:artist:046wtejcUX9rhlzw2nlveT,spotify:artist:1CYmYyxlWBVY80Kvq5lTDg,3
4438,spotify:artist:046wtejcUX9rhlzw2nlveT,spotify:artist:3V4FPipSnuYjtHnnAw9cZd,3
4439,spotify:artist:046wtejcUX9rhlzw2nlveT,spotify:artist:3AmWjMXXtBJOmNGpUFSOAl,3
4440,spotify:artist:7CW5MYWUsyUYiHbiTmVZHe,spotify:artist:3UvcmAOZt64oKpP95f6MMM,3
4441,spotify:artist:7CW5MYWUsyUYiHbiTmVZHe,spotify:artist:5UDDnXpPNuL91XxNJLX47f,3
4442,spotify:artist:7CW5MYWUsyUYiHbiTmVZHe,spotify:artist:1CYmYyxlWBVY80Kvq5lTDg,3
4443,spotify:artist:7CW5MYWUsyUYiHbiTmVZHe,spotify:artist:1i7YYagcULgnW5Qilsto1d,3
4444,spotify:artist:7CW5MYWUsyUYiHbiTmVZHe,spotify:artist:3yesh1QeNXucaDFw8ZPKxd,3
4445,spotify:artist:7CW5MYWUsyUYiHbiTmVZHe,spotify:artist:0O0g9JMOVNoIgLG6dgaYMY,3
4446,spotify:artist:7CW5MYWUsyUYiHbiTmVZHe,spotify:artist:046wtejcUX9rhlzw2nlveT,3
4447,spotify:artist:7CW5MYWUsyUYiHbiTmVZHe,spotify:artist:1SyCQtKtDtMfJBBKGm0A8B,3
4448,spotify:artist:7CW5MYWUsyUYiHbiTmVZHe,spotify:artist:6IpcPRU1kV0J58kd2w8vSC,3
4449,spotify:artist:7CW5MYWUsyUYiHbiTmVZHe,spotify:artist:4UETUdF77BfyJ7fEFVztr3,3
4450,spotify:artist:7CW5MYWUsyUYiHbiTmVZHe,spotify:artist:298i00ena8XMnm9O3qlHtU,3
4451,spotify:artist:7CW5MYWUsyUYiHbiTmVZHe,spotify:artist:1l0eT7EY5r7U1gMVm2SyoS,3
4452,spotify:artist:7CW5MYWUsyUYiHbiTmVZHe,spotify:artist:6hkch2KhRl0tywpeVK5xR5,3
4453,spotify:artist:7CW5MYWUsyUYiHbiTmVZHe,spotify:artist:5MWBg16f5UYiaSlyVhzlIW,3
4454,spotify:artist:7CW5MYWUsyUYiHbiTmVZHe,spotify:artist:16VudBYGOd9sMpOtA0szfp,3
4455,spotify:artist:7CW5MYWUsyUYiHbiTmVZHe,spotify:artist:3BqaUtuQmqIHg7B5Bc7fP7,3
4456,spotify:artist:7CW5MYWUsyUYiHbiTmVZHe,spotify:artist:73YLmyaazO66GncUVHP0KV,3
4457,spotify:artist:7CW5MYWUsyUYiHbiTmVZHe,spotify:artist:4rxXqaQUe5udkRsGRDDDIY,3
4458,spotify:artist:7CW5MYWUsyUYiHbiTmVZHe,spotify:artist:1yap1SgRPMxgyfrrDlQ95y,3
4459,spotify:artist:7CW5MYWUsyUYiHbiTmVZHe,spotify:artist:3N6WAAPHoIjo6na008793X,3
4460,spotify:artist:1CYmYyxlWBVY80Kvq5lTDg,spotify:artist:6HRtcKFPKPw6FtbGpvQviZ,3
4461,spotify:artist:1CYmYyxlWBVY80Kvq5lTDg,spotify:artist:3aCS3JvkoSr84i7ge9pA9o,3
4462,spotify:artist:1CYmYyxlWBVY80Kvq5lTDg,spotify:artist:1SyCQtKtDtMfJBBKGm0A8B,3
4463,spotify:artist:1CYmYyxlWBVY80Kvq5lTDg,spotify:artist:7CW5MYWUsyUYiHbiTmVZHe,3
4464,spotify:artist:1CYmYyxlWBVY80Kvq5lTDg,spotify:artist:1i7YYagcULgnW5Qilsto1d,3
4465,spotify:artist:1CYmYyxlWBVY80Kvq5lTDg,spotify:artist:3iayA3QkB3jfkUgcXqsL7C,3
4466,spotify:artist:1CYmYyxlWBVY80Kvq5lTDg,spotify:artist:046wtejcUX9rhlzw2nlveT,3
4467,spotify:artist:1CYmYyxlWBVY80Kvq5lTDg,spotify:artist:73YLmyaazO66GncUVHP0KV,3
4468,spotify:artist:1CYmYyxlWBVY80Kvq5lTDg,spotify:artist:4nnvwFUhvSQ1WLcMbKJB9V,3
4469,spotify:artist:1CYmYyxlWBVY80Kvq5lTDg,spotify:artist:3UvcmAOZt64oKpP95f6MMM,3
4470,spotify:artist:1CYmYyxlWBVY80Kvq5lTDg,spotify:artist:1BZzsIaJrwVhoY4oNnAGjr,3
4471,spotify:artist:1CYmYyxlWBVY80Kvq5lTDg,spotify:artist:3oFRpiLvaflFOVNxvsLrze,3
4472,spotify:artist:1CYmYyxlWBVY80Kvq5lTDg,spotify:artist:6IfaumPVXMZ8iDue5QhuCY,3
4473,spotify:artist:1CYmYyxlWBVY80Kvq5lTDg,spotify:artist:0O0g9JMOVNoIgLG6dgaYMY,3
4474,spotify:artist:1CYmYyxlWBVY80Kvq5lTDg,spotify:artist:7BnikuGfXRWkGLJCWS1y9P,3
4475,spotify:artist:1CYmYyxlWBVY80Kvq5lTDg,spotify:artist:1e9cOgMYTLJ0KFOjmTx13F,3
4476,spotify:artist:1CYmYyxlWBVY80Kvq5lTDg,spotify:artist:368QQvIamnKKKUiYskBRZN,3
4477,spotify:artist:1CYmYyxlWBVY80Kvq5lTDg,spotify:artist:6IpcPRU1kV0J58kd2w8vSC,3
4478,spotify:artist:1CYmYyxlWBVY80Kvq5lTDg,spotify:artist:1l0eT7EY5r7U1gMVm2SyoS,3
4479,spotify:artist:1CYmYyxlWBVY80Kvq5lTDg,spotify:artist:4UETUdF77BfyJ7fEFVztr3,3
4480,spotify:artist:1JXB7XQ9hjLB5pnr1eowKR,spotify:artist:0O0g9JMOVNoIgLG6dgaYMY,3
4481,spotify:artist:1JXB7XQ9hjLB5pnr1eowKR,spotify:artist:4UETUdF77BfyJ7fEFVztr3,3
4482,spotify:artist:1JXB7XQ9hjLB5pnr1eowKR,spotify:artist:5Q8gM5SMBT2LAoZ5LzqAvH,3
4483,spotify:artist:1JXB7XQ9hjLB5pnr1eowKR,spotify:artist:046wtejcUX9rhlzw2nlveT,3
4484,spotify:artist:1JXB7XQ9hjLB5pnr1eowKR,spotify:artist:1Ag6UM6dow2OH9V06mxzV5,3
4485,spotify:artist:1JXB7XQ9hjLB5pnr1eowKR,spotify:artist:4oV5EVJ0XFWsJKoOvdRPvl,3
4486,spotify:artist:1JXB7XQ9hjLB5pnr1eowKR,spotify:artist:0fWvSXbvztkeHEnEuYvU2A,3
4487,spotify:artist:1JXB7XQ9hjLB5pnr1eowKR,spotify:artist:1l0eT7EY5r7U1gMVm2SyoS,3
4488,spotify:artist:1JXB7XQ9hjLB5pnr1eowKR,spotify:artist:4WPY0N74T3KUja57xMQTZ3,3
4489,spotify:artist:1JXB7XQ9hjLB5pnr1eowKR,spotify:artist:1CYmYyxlWBVY80Kvq5lTDg,3
4490,spotify:artist:1JXB7XQ9hjLB5pnr1eowKR,spotify:artist:2h9yQhKyqOMex3QFMVeq7F,3
4491,spotify:artist:1JXB7XQ9hjLB5pnr1eowKR,spotify:artist:6MIbrfpc9aH6gsEl2yep68,3
4492,spotify:artist:1JXB7XQ9hjLB5pnr1eowKR,spotify:artist:1BZzsIaJrwVhoY4oNnAGjr,3
4493,spotify:artist:1JXB7XQ9hjLB5pnr1eowKR,spotify:artist:4DD6xBZ1INIT3yGJRQLzej,3
4494,spotify:artist:1JXB7XQ9hjLB5pnr1eowKR,spotify:artist:5UMQV83wwZCCvRSQCVjZw6,3
4495,spotify:artist:1JXB7XQ9hjLB5pnr1eowKR,spotify:artist:16bN8mhtDFdegWbg0z3s10,3
4496,spotify:artist:1JXB7XQ9hjLB5pnr1eowKR,spotify:artist:2wrhBKGC3DTNNNDRJPaxW6,3
4497,spotify:artist:1JXB7XQ9hjLB5pnr1eowKR,spotify:artist:0z6zRFzl5njXWLVAisXQBz,3
4498,spotify:artist:1JXB7XQ9hjLB5pnr1eowKR,spotify:artist:3N6WAAPHoIjo6na008793X,3
4499,spotify:artist:1JXB7XQ9hjLB5pnr1eowKR,spotify:artist:7lmde7T1WJPFwv1eR6melP,3
4500,spotify:artist:4yvuCAFk8vERXXBf138h8S,spotify:artist:7tfS18oUEffScrxryTgwyC,3
4501,spotify:artist:4yvuCAFk8vERXXBf138h8S,spotify:artist:4HCubdy7diarb4KZo8etrq,3
4502,spotify:artist:4yvuCAFk8vERXXBf138h8S,spotify:artist:2kTn692duPSkqN6czSilyk,3
4503,spotify:artist:4yvuCAFk8vERXXBf138h8S,spotify:artist:5CXWXFfhDhFN5uzbfUwAKt,3
4504,spotify:artist:4yvuCAFk8vERXXBf138h8S,spotify:artist:1cMcFL2NdeUDYg0OtD1GeA,3
4505,spotify:artist:4yvuCAFk8vERXXBf138h8S,spotify:artist:71erjwGhr3OtCqtmKuy7qr,3
4506,spotify:artist:4yvuCAFk8vERXXBf138h8S,spotify:artist:0O0g9JMOVNoIgLG6dgaYMY,3
4507,spotify:artist:4yvuCAFk8vERXXBf138h8S,spotify:artist:6ktzu3KxlqOqd3eKnqTCyb,3
4508,spotify:artist:4yvuCAFk8vERXXBf138h8S,spotify:artist:5Qlt3zQ63Z99mNhuun0JAT,3
4509,spotify:artist:4yvuCAFk8vERXXBf138h8S,spotify:artist:2Lhs0asnFQiLuntn3s8p78,3
4510,spotify:artist:4yvuCAFk8vERXXBf138h8S,spotify:artist:339qxEdD8z8okRAiTp1HKf,3
4511,spotify:artist:4yvuCAFk8vERXXBf138h8S,spotify:artist:2YvNi4oPdBgD45gc1UycxW,3
4512,spotify:artist:4yvuCAFk8vERXXBf138h8S,spotify:artist:6soJo0dtX31T30OxtS4A39,3
4513,spotify:artist:4yvuCAFk8vERXXBf138h8S,spotify:artist:1ZsnHGOLYFg8CAHQQBc1ut,3
4514,spotify:artist:4yvuCAFk8vERXXBf138h8S,spotify:artist:1l0eT7EY5r7U1gMVm2SyoS,3
4515,spotify:artist:4yvuCAFk8vERXXBf138h8S,spotify:artist:6uHjKRsYGaElOrKWlSEji3,3
4516,spotify:artist:4yvuCAFk8vERXXBf138h8S,spotify:artist:4W1poTLCG6XjhBUVehcaMB,3
4517,spotify:artist:4yvuCAFk8vERXXBf138h8S,spotify:artist:3dmSPhg0tdao8ePj4pySJ5,3
4518,spotify:artist:4yvuCAFk8vERXXBf138h8S,spotify:artist:5S76x1RQk1FgHwX3y4giOO,3
4519,spotify:artist:4yvuCAFk8vERXXBf138h8S,spotify:artist:1CgvL3gASrnuI8SKXr8K7F,3
4520,spotify:artist:1l0eT7EY5r7U1gMVm2SyoS,spotify:artist:1InKQ2UHt93fQaVh1NTV0P,3
4521,spotify:artist:1l0eT7EY5r7U1gMVm2SyoS,spotify:artist:1e9cOgMYTLJ0KFOjmTx13F,3
4522,spotify:artist:1l0eT7EY5r7U1gMVm2SyoS,spotify:artist:046wtejcUX9rhlzw2nlveT,3
4523,spotify:artist:1l0eT7EY5r7U1gMVm2SyoS,spotify:artist:3WNuXg2cfUF1m2ol7bh5ff,3
4524,spotify:artist:1l0eT7EY5r7U1gMVm2SyoS,spotify:artist:5JFS60r6NwiQfX8Ue29JHL,3
4525,spotify:artist:1l0eT7EY5r7U1gMVm2SyoS,spotify:artist:3iayA3QkB3jfkUgcXqsL7C,3
4526,spotify:artist:1l0eT7EY5r7U1gMVm2SyoS,spotify:artist:4UETUdF77BfyJ7fEFVztr3,3
4527,spotify:artist:1l0eT7EY5r7U1gMVm2SyoS,spotify:artist:2cdCHBwA7oo6wkZ8uUxOb5,3
4528,spotify:artist:1l0eT7EY5r7U1gMVm2SyoS,spotify:artist:4rxXqaQUe5udkRsGRDDDIY,3
4529,spotify:artist:1l0eT7EY5r7U1gMVm2SyoS,spotify:artist:1Ag6UM6dow2OH9V06mxzV5,3
4530,spotify:artist:1l0eT7EY5r7U1gMVm2SyoS,spotify:artist:26mSNyxjAsV5HSb7vAHu1W,3
4531,spotify:artist:1l0eT7EY5r7U1gMVm2SyoS,spotify:artist:1CYmYyxlWBVY80Kvq5lTDg,3
4532,spotify:artist:1l0eT7EY5r7U1gMVm2SyoS,spotify:artist:3aCS3JvkoSr84i7ge9pA9o,3
4533,spotify:artist:1l0eT7EY5r7U1gMVm2SyoS,spotify:artist:0O0g9JMOVNoIgLG6dgaYMY,3
4534,spotify:artist:1l0eT7EY5r7U1gMVm2SyoS,spotify:artist:7CW5MYWUsyUYiHbiTmVZHe,3
4535,spotify:artist:1l0eT7EY5r7U1gMVm2SyoS,spotify:artist:2i8ynmFv4qgRksyDlBgi6d,3
4536,spotify:artist:1l0eT7EY5r7U1gMVm2SyoS,spotify:artist:1BZzsIaJrwVhoY4oNnAGjr,3
4537,spotify:artist:1l0eT7EY5r7U1gMVm2SyoS,spotify:artist:6soJo0dtX31T30OxtS4A39,3
4538,spotify:artist:1l0eT7EY5r7U1gMVm2SyoS,spotify:artist:3Un18X4NF1bpjgUk44lUzn,3
4539,spotify:artist:1l0eT7EY5r7U1gMVm2SyoS,spotify:artist:6TR7TYiDiS5okigndyMIpK,3
4540,spotify:artist:1ilhXoWIlGxz3fM4B24mNo,spotify:artist:046wtejcUX9rhlzw2nlveT,3
4541,spotify:artist:1ilhXoWIlGxz3fM4B24mNo,spotify:artist:0O0g9JMOVNoIgLG6dgaYMY,3
4542,spotify:artist:1ilhXoWIlGxz3fM4B24mNo,spotify:artist:5U16QlMnlSAhkQxBZpLyLO,3
4543,spotify:artist:1ilhXoWIlGxz3fM4B24mNo,spotify:artist:2qT62DYO8Ajb276vUJmvhz,3
4544,spotify:artist:1ilhXoWIlGxz3fM4B24mNo,spotify:artist:2BLpGstUHxDc6vHfBEiaXm,3
4545,spotify:artist:1ilhXoWIlGxz3fM4B24mNo,spotify:artist:382aCtCMEd2Rg2DmcU9xw9,3
4546,spotify:artist:1ilhXoWIlGxz3fM4B24mNo,spotify:artist:1yap1SgRPMxgyfrrDlQ95y,3
4547,spotify:artist:1ilhXoWIlGxz3fM4B24mNo,spotify:artist:1CYmYyxlWBVY80Kvq5lTDg,3
4548,spotify:artist:1ilhXoWIlGxz3fM4B24mNo,spotify:artist:3iayA3QkB3jfkUgcXqsL7C,3
4549,spotify:artist:1ilhXoWIlGxz3fM4B24mNo,spotify:artist:04eUV5Ml7cff2sEJEwll6G,3
4550,spotify:artist:1ilhXoWIlGxz3fM4B24mNo,spotify:artist:2KJa0Dc4Srr2uVSaKmRuMp,3
4551,spotify:artist:1ilhXoWIlGxz3fM4B24mNo,spotify:artist:3UvcmAOZt64oKpP95f6MMM,3
4552,spotify:artist:1ilhXoWIlGxz3fM4B24mNo,spotify:artist:5k5yIvxtsqHqWrRBF3nhSY,3
4553,spotify:artist:1ilhXoWIlGxz3fM4B24mNo,spotify:artist:10flBVEy5MiUXOJWTaFsyL,3
4554,spotify:artist:1ilhXoWIlGxz3fM4B24mNo,spotify:artist:1l0eT7EY5r7U1gMVm2SyoS,3
4555,spotify:artist:1ilhXoWIlGxz3fM4B24mNo,spotify:artist:5sMku8iI6FH3ypZTErz4kv,3
4556,spotify:artist:1ilhXoWIlGxz3fM4B24mNo,spotify:artist:6Q7D1oEccgTc8MAYdMgtIx,3
4557,spotify:artist:1ilhXoWIlGxz3fM4B24mNo,spotify:artist:4AIo9dEYhuS3AtwhhKgA0M,3
4558,spotify:artist:1ilhXoWIlGxz3fM4B24mNo,spotify:artist:1e9cOgMYTLJ0KFOjmTx13F,3
4559,spotify:artist:1ilhXoWIlGxz3fM4B24mNo,spotify:artist:7CW5MYWUsyUYiHbiTmVZHe,3
4560,spotify:artist:5sMku8iI6FH3ypZTErz4kv,spotify:artist:4AIo9dEYhuS3AtwhhKgA0M,3
4561,spotify:artist:5sMku8iI6FH3ypZTErz4kv,spotify:artist:046wtejcUX9rhlzw2nlveT,3
4562,spotify:artist:5sMku8iI6FH3ypZTErz4kv,spotify:artist:7cKtqv9cYVlOwnuCFH95ce,3
4563,spotify:artist:5sMku8iI6FH3ypZTErz4kv,spotify:artist:532Srqaijer1gzRS85bD9y,3
4564,spotify:artist:5sMku8iI6FH3ypZTErz4kv,spotify:artist:4VuMnSnoTGrma3a79UhfMs,3
4565,spotify:artist:5sMku8iI6FH3ypZTErz4kv,spotify:artist:4MTSrVgHNfGtYV9pek8vY5,3
4566,spotify:artist:5sMku8iI6FH3ypZTErz4kv,spotify:artist:6An62UauVVUH7OCxt5bnZu,3
4567,spotify:artist:5sMku8iI6FH3ypZTErz4kv,spotify:artist:6WoTvA9qinpHtSRJuldYh6,3
4568,spotify:artist:5sMku8iI6FH3ypZTErz4kv,spotify:artist:0O0g9JMOVNoIgLG6dgaYMY,3
4569,spotify:artist:5sMku8iI6FH3ypZTErz4kv,spotify:artist:39afGThIZjTTMH5enuLXYI,3
4570,spotify:artist:5sMku8iI6FH3ypZTErz4kv,spotify:artist:4tfyTbsNNN5xfxKDwG4VfP,3
4571,spotify:artist:5sMku8iI6FH3ypZTErz4kv,spotify:artist:6TR7TYiDiS5okigndyMIpK,3
4572,spotify:artist:5sMku8iI6FH3ypZTErz4kv,spotify:artist:6juuiuCv8jRHZOcvP2BqKp,3
4573,spotify:artist:5sMku8iI6FH3ypZTErz4kv,spotify:artist:7GsdZ6T45uXudJ8Wsko9sB,3
4574,spotify:artist:5sMku8iI6FH3ypZTErz4kv,spotify:artist:2kTn692duPSkqN6czSilyk,3
4575,spotify:artist:5sMku8iI6FH3ypZTErz4kv,spotify:artist:4tyCvqG48h4LdcbFfWBjR9,3
4576,spotify:artist:5sMku8iI6FH3ypZTErz4kv,spotify:artist:2u7xZP39dtED9EuRX9MUwu,3
4577,spotify:artist:5sMku8iI6FH3ypZTErz4kv,spotify:artist:7sbwBqdkynNUDgiWU3TQ5J,3
4578,spotify:artist:5sMku8iI6FH3ypZTErz4kv,spotify:artist:6hBQq083tyW3yrF1gdVt4Q,3
4579,spotify:artist:5sMku8iI6FH3ypZTErz4kv,spotify:artist:70MMkLXtue3Edj3RJhJkYp,3
4580,spotify:artist:1Ag6UM6dow2OH9V06mxzV5,spotify:artist:046wtejcUX9rhlzw2nlveT,3
4581,spotify:artist:1Ag6UM6dow2OH9V06mxzV5,spotify:artist:6WoTvA9qinpHtSRJuldYh6,3
4582,spotify:artist:1Ag6UM6dow2OH9V06mxzV5,spotify:artist:1FGzeqDPTLZwfbfxpmPAZn,3
4583,spotify:artist:1Ag6UM6dow2OH9V06mxzV5,spotify:artist:4UETUdF77BfyJ7fEFVztr3,3
4584,spotify:artist:1Ag6UM6dow2OH9V06mxzV5,spotify:artist:2i8ynmFv4qgRksyDlBgi6d,3
4585,spotify:artist:1Ag6UM6dow2OH9V06mxzV5,spotify:artist:4rxXqaQUe5udkRsGRDDDIY,3
4586,spotify:artist:1Ag6UM6dow2OH9V06mxzV5,spotify:artist:1l0eT7EY5r7U1gMVm2SyoS,3
4587,spotify:artist:1Ag6UM6dow2OH9V06mxzV5,spotify:artist:1wAvVTxYw932BnBO5JhrXJ,3
4588,spotify:artist:1Ag6UM6dow2OH9V06mxzV5,spotify:artist:5UMQV83wwZCCvRSQCVjZw6,3
4589,spotify:artist:1Ag6UM6dow2OH9V06mxzV5,spotify:artist:4MlLVFHiA4e7BU7vQ4r5Lh,3
4590,spotify:artist:1Ag6UM6dow2OH9V06mxzV5,spotify:artist:4VuMnSnoTGrma3a79UhfMs,3
4591,spotify:artist:1Ag6UM6dow2OH9V06mxzV5,spotify:artist:0tQ2Q4y9iUkKszxXyB14ZH,3
4592,spotify:artist:1Ag6UM6dow2OH9V06mxzV5,spotify:artist:4t7bXPFEPe0pu1ozhdDLOp,3
4593,spotify:artist:1Ag6UM6dow2OH9V06mxzV5,spotify:artist:3V4FPipSnuYjtHnnAw9cZd,3
4594,spotify:artist:1Ag6UM6dow2OH9V06mxzV5,spotify:artist:6TR7TYiDiS5okigndyMIpK,3
4595,spotify:artist:1Ag6UM6dow2OH9V06mxzV5,spotify:artist:0O0g9JMOVNoIgLG6dgaYMY,3
4596,spotify:artist:1Ag6UM6dow2OH9V06mxzV5,spotify:artist:3AmWjMXXtBJOmNGpUFSOAl,3
4597,spotify:artist:1Ag6UM6dow2OH9V06mxzV5,spotify:artist:16VudBYGOd9sMpOtA0szfp,3
4598,spotify:artist:1Ag6UM6dow2OH9V06mxzV5,spotify:artist:1JXB7XQ9hjLB5pnr1eowKR,3
4599,spotify:artist:1Ag6UM6dow2OH9V06mxzV5,spotify:artist:5nGQE2ehuRkkK1iNUQQthd,3
4600,spotify:artist:4UETUdF77BfyJ7fEFVztr3,spotify:artist:046wtejcUX9rhlzw2nlveT,3
4601,spotify:artist:4UETUdF77BfyJ7fEFVztr3,spotify:artist:0tQ2Q4y9iUkKszxXyB14ZH,3
4602,spotify:artist:4UETUdF77BfyJ7fEFVztr3,spotify:artist:5UMQV83wwZCCvRSQCVjZw6,3
4603,spotify:artist:4UETUdF77BfyJ7fEFVztr3,spotify:artist:2i8ynmFv4qgRksyDlBgi6d,3
4604,spotify:artist:4UETUdF77BfyJ7fEFVztr3,spotify:artist:4MlLVFHiA4e7BU7vQ4r5Lh,3
4605,spotify:artist:4UETUdF77BfyJ7fEFVztr3,spotify:artist:2eRdPaLHWAL4d1WcNUO9Vz,3
4606,spotify:artist:4UETUdF77BfyJ7fEFVztr3,spotify:artist:6LRmgzRManplPQghd2BMqz,3
4607,spotify:artist:4UETUdF77BfyJ7fEFVztr3,spotify:artist:1l0eT7EY5r7U1gMVm2SyoS,3
4608,spotify:artist:4UETUdF77BfyJ7fEFVztr3,spotify:artist:0S7Zur2g8YhqlzqtlYStli,3
4609,spotify:artist:4UETUdF77BfyJ7fEFVztr3,spotify:artist:6WoTvA9qinpHtSRJuldYh6,3
4610,spotify:artist:4UETUdF77BfyJ7fEFVztr3,spotify:artist:1Ag6UM6dow2OH9V06mxzV5,3
4611,spotify:artist:4UETUdF77BfyJ7fEFVztr3,spotify:artist:6guTJsgPymDUVfqDJyz5UG,3
4612,spotify:artist:4UETUdF77BfyJ7fEFVztr3,spotify:artist:1FGzeqDPTLZwfbfxpmPAZn,3
4613,spotify:artist:4UETUdF77BfyJ7fEFVztr3,spotify:artist:2YvNi4oPdBgD45gc1UycxW,3
4614,spotify:artist:4UETUdF77BfyJ7fEFVztr3,spotify:artist:1CYmYyxlWBVY80Kvq5lTDg,3
4615,spotify:artist:4UETUdF77BfyJ7fEFVztr3,spotify:artist:7CW5MYWUsyUYiHbiTmVZHe,3
4616,spotify:artist:4UETUdF77BfyJ7fEFVztr3,spotify:artist:2u7xZP39dtED9EuRX9MUwu,3
4617,spotify:artist:4UETUdF77BfyJ7fEFVztr3,spotify:artist:5MWBg16f5UYiaSlyVhzlIW,3
4618,spotify:artist:4UETUdF77BfyJ7fEFVztr3,spotify:artist:1wAvVTxYw932BnBO5JhrXJ,3
4619,spotify:artist:4UETUdF77BfyJ7fEFVztr3,spotify:artist:4VuMnSnoTGrma3a79UhfMs,3
4620,spotify:artist:1e9cOgMYTLJ0KFOjmTx13F,spotify:artist:1l0eT7EY5r7U1gMVm2SyoS,3
4621,spotify:artist:1e9cOgMYTLJ0KFOjmTx13F,spotify:artist:3iayA3QkB3jfkUgcXqsL7C,3
4622,spotify:artist:1e9cOgMYTLJ0KFOjmTx13F,spotify:artist:3WNuXg2cfUF1m2ol7bh5ff,3
4623,spotify:artist:1e9cOgMYTLJ0KFOjmTx13F,spotify:artist:1InKQ2UHt93fQaVh1NTV0P,3
4624,spotify:artist:1e9cOgMYTLJ0KFOjmTx13F,spotify:artist:0O0g9JMOVNoIgLG6dgaYMY,3
4625,spotify:artist:1e9cOgMYTLJ0KFOjmTx13F,spotify:artist:3aCS3JvkoSr84i7ge9pA9o,3
4626,spotify:artist:1e9cOgMYTLJ0KFOjmTx13F,spotify:artist:1CYmYyxlWBVY80Kvq5lTDg,3
4627,spotify:artist:1e9cOgMYTLJ0KFOjmTx13F,spotify:artist:26mSNyxjAsV5HSb7vAHu1W,3
4628,spotify:artist:1e9cOgMYTLJ0KFOjmTx13F,spotify:artist:6HRtcKFPKPw6FtbGpvQviZ,3
4629,spotify:artist:1e9cOgMYTLJ0KFOjmTx13F,spotify:artist:046wtejcUX9rhlzw2nlveT,3
4630,spotify:artist:1e9cOgMYTLJ0KFOjmTx13F,spotify:artist:46VyUpfU6n2uTJa99fjWxu,3
4631,spotify:artist:1e9cOgMYTLJ0KFOjmTx13F,spotify:artist:4UETUdF77BfyJ7fEFVztr3,3
4632,spotify:artist:1e9cOgMYTLJ0KFOjmTx13F,spotify:artist:6soJo0dtX31T30OxtS4A39,3
4633,spotify:artist:1e9cOgMYTLJ0KFOjmTx13F,spotify:artist:1SyCQtKtDtMfJBBKGm0A8B,3
4634,spotify:artist:1e9cOgMYTLJ0KFOjmTx13F,spotify:artist:7CW5MYWUsyUYiHbiTmVZHe,3
4635,spotify:artist:1e9cOgMYTLJ0KFOjmTx13F,spotify:artist:4HCubdy7diarb4KZo8etrq,3
4636,spotify:artist:1e9cOgMYTLJ0KFOjmTx13F,spotify:artist:2YvNi4oPdBgD45gc1UycxW,3
4637,spotify:artist:1e9cOgMYTLJ0KFOjmTx13F,spotify:artist:1ilhXoWIlGxz3fM4B24mNo,3
4638,spotify:artist:1e9cOgMYTLJ0KFOjmTx13F,spotify:artist:6v8lYzIVcmeuPkoobFl7Dx,3
4639,spotify:artist:1e9cOgMYTLJ0KFOjmTx13F,spotify:artist:1Ag6UM6dow2OH9V06mxzV5,3
4640,spotify:artist:3UvcmAOZt64oKpP95f6MMM,spotify:artist:7CW5MYWUsyUYiHbiTmVZHe,3
4641,spotify:artist:3UvcmAOZt64oKpP95f6MMM,spotify:artist:5UDDnXpPNuL91XxNJLX47f,3
4642,spotify:artist:3UvcmAOZt64oKpP95f6MMM,spotify:artist:1CYmYyxlWBVY80Kvq5lTDg,3
4643,spotify:artist:3UvcmAOZt64oKpP95f6MMM,spotify:artist:2idymNTKUdnTxforkb12Mw,3
4644,spotify:artist:3UvcmAOZt64oKpP95f6MMM,spotify:artist:73YLmyaazO66GncUVHP0KV,3
4645,spotify:artist:3UvcmAOZt64oKpP95f6MMM,spotify:artist:5ZOh5D4MKLhU3GekPzNFam,3
4646,spotify:artist:3UvcmAOZt64oKpP95f6MMM,spotify:artist:3yesh1QeNXucaDFw8ZPKxd,3
4647,spotify:artist:3UvcmAOZt64oKpP95f6MMM,spotify:artist:2Sp19cOHSqAUlE64hekARW,3
4648,spotify:artist:3UvcmAOZt64oKpP95f6MMM,spotify:artist:3BqaUtuQmqIHg7B5Bc7fP7,3
4649,spotify:artist:3UvcmAOZt64oKpP95f6MMM,spotify:artist:046wtejcUX9rhlzw2nlveT,3
4650,spotify:artist:3UvcmAOZt64oKpP95f6MMM,spotify:artist:4UETUdF77BfyJ7fEFVztr3,3
4651,spotify:artist:3UvcmAOZt64oKpP95f6MMM,spotify:artist:1yap1SgRPMxgyfrrDlQ95y,3
4652,spotify:artist:3UvcmAOZt64oKpP95f6MMM,spotify:artist:3N6WAAPHoIjo6na008793X,3
4653,spotify:artist:3UvcmAOZt64oKpP95f6MMM,spotify:artist:4WPY0N74T3KUja57xMQTZ3,3
4654,spotify:artist:3UvcmAOZt64oKpP95f6MMM,spotify:artist:5MWBg16f5UYiaSlyVhzlIW,3
4655,spotify:artist:3UvcmAOZt64oKpP95f6MMM,spotify:artist:298i00ena8XMnm9O3qlHtU,3
4656,spotify:artist:3UvcmAOZt64oKpP95f6MMM,spotify:artist:040Bv6cZTRh30LyyYVXgJX,3
4657,spotify:artist:3UvcmAOZt64oKpP95f6MMM,spotify:artist:4oV5EVJ0XFWsJKoOvdRPvl,3
4658,spotify:artist:3UvcmAOZt64oKpP95f6MMM,spotify:artist:7Kkx4dACo6kFSeT9wjfVA5,3
4659,spotify:artist:3UvcmAOZt64oKpP95f6MMM,spotify:artist:2eRdPaLHWAL4d1WcNUO9Vz,3
4660,spotify:artist:4rxXqaQUe5udkRsGRDDDIY,spotify:artist:046wtejcUX9rhlzw2nlveT,3
4661,spotify:artist:4rxXqaQUe5udkRsGRDDDIY,spotify:artist:4VuMnSnoTGrma3a79UhfMs,3
4662,spotify:artist:4rxXqaQUe5udkRsGRDDDIY,spotify:artist:1Ag6UM6dow2OH9V06mxzV5,3
4663,spotify:artist:4rxXqaQUe5udkRsGRDDDIY,spotify:artist:0S7Zur2g8YhqlzqtlYStli,3
4664,spotify:artist:4rxXqaQUe5udkRsGRDDDIY,spotify:artist:1l0eT7EY5r7U1gMVm2SyoS,3
4665,spotify:artist:4rxXqaQUe5udkRsGRDDDIY,spotify:artist:6WoTvA9qinpHtSRJuldYh6,3
4666,spotify:artist:4rxXqaQUe5udkRsGRDDDIY,spotify:artist:4UETUdF77BfyJ7fEFVztr3,3
4667,spotify:artist:4rxXqaQUe5udkRsGRDDDIY,spotify:artist:16VudBYGOd9sMpOtA0szfp,3
4668,spotify:artist:4rxXqaQUe5udkRsGRDDDIY,spotify:artist:2i8ynmFv4qgRksyDlBgi6d,3
4669,spotify:artist:4rxXqaQUe5udkRsGRDDDIY,spotify:artist:5MWBg16f5UYiaSlyVhzlIW,3
4670,spotify:artist:4rxXqaQUe5udkRsGRDDDIY,spotify:artist:3V4FPipSnuYjtHnnAw9cZd,3
4671,spotify:artist:4rxXqaQUe5udkRsGRDDDIY,spotify:artist:1wAvVTxYw932BnBO5JhrXJ,3
4672,spotify:artist:4rxXqaQUe5udkRsGRDDDIY,spotify:artist:4AIo9dEYhuS3AtwhhKgA0M,3
4673,spotify:artist:4rxXqaQUe5udkRsGRDDDIY,spotify:artist:121Q6oslYCMBYZHhOFL1RB,3
4674,spotify:artist:4rxXqaQUe5udkRsGRDDDIY,spotify:artist:1FGzeqDPTLZwfbfxpmPAZn,3
4675,spotify:artist:4rxXqaQUe5udkRsGRDDDIY,spotify:artist:6TR7TYiDiS5okigndyMIpK,3
4676,spotify:artist:4rxXqaQUe5udkRsGRDDDIY,spotify:artist:0gdggS1jCNKXzFbUcOsotf,3
4677,spotify:artist:4rxXqaQUe5udkRsGRDDDIY,spotify:artist:0tQ2Q4y9iUkKszxXyB14ZH,3
4678,spotify:artist:4rxXqaQUe5udkRsGRDDDIY,spotify:artist:0O0g9JMOVNoIgLG6dgaYMY,3
4679,spotify:artist:4rxXqaQUe5udkRsGRDDDIY,spotify:artist:7Kry4vMY7xRIGYIhIxSvhh,3
4680,spotify:artist:4HCubdy7diarb4KZo8etrq,spotify:artist:2kTn692duPSkqN6czSilyk,3
4681,spotify:artist:4HCubdy7diarb4KZo8etrq,spotify:artist:4yvuCAFk8vERXXBf138h8S,3
4682,spotify:artist:4HCubdy7diarb4KZo8etrq,spotify:artist:7tfS18oUEffScrxryTgwyC,3
4683,spotify:artist:4HCubdy7diarb4KZo8etrq,spotify:artist:2u7xZP39dtED9EuRX9MUwu,3
4684,spotify:artist:4HCubdy7diarb4KZo8etrq,spotify:artist:2YvNi4oPdBgD45gc1UycxW,3
4685,spotify:artist:4HCubdy7diarb4KZo8etrq,spotify:artist:6soJo0dtX31T30OxtS4A39,3
4686,spotify:artist:4HCubdy7diarb4KZo8etrq,spotify:artist:4tfyTbsNNN5xfxKDwG4VfP,3
4687,spotify:artist:4HCubdy7diarb4KZo8etrq,spotify:artist:4tyCvqG48h4LdcbFfWBjR9,3
4688,spotify:artist:4HCubdy7diarb4KZo8etrq,spotify:artist:4MlLVFHiA4e7BU7vQ4r5Lh,3
4689,spotify:artist:4HCubdy7diarb4KZo8etrq,spotify:artist:6juuiuCv8jRHZOcvP2BqKp,3
4690,spotify:artist:4HCubdy7diarb4KZo8etrq,spotify:artist:7sbwBqdkynNUDgiWU3TQ5J,3
4691,spotify:artist:4HCubdy7diarb4KZo8etrq,spotify:artist:6v8lYzIVcmeuPkoobFl7Dx,3
4692,spotify:artist:4HCubdy7diarb4KZo8etrq,spotify:artist:2ZfogSsOWP4mVfEqfpLXCt,3
4693,spotify:artist:4HCubdy7diarb4KZo8etrq,spotify:artist:6LRmgzRManplPQghd2BMqz,3
4694,spotify:artist:4HCubdy7diarb4KZo8etrq,spotify:artist:71erjwGhr3OtCqtmKuy7qr,3
4695,spotify:artist:4HCubdy7diarb4KZo8etrq,spotify:artist:5CXWXFfhDhFN5uzbfUwAKt,3
4696,spotify:artist:4HCubdy7diarb4KZo8etrq,spotify:artist:4UETUdF77BfyJ7fEFVztr3,3
4697,spotify:artist:4HCubdy7diarb4KZo8etrq,spotify:artist:4Nu0EL8c5d2vFHPOcNjlBP,3
4698,spotify:artist:4HCubdy7diarb4KZo8etrq,spotify:artist:2Sp19cOHSqAUlE64hekARW,3
4699,spotify:artist:4HCubdy7diarb4KZo8etrq,spotify:artist:0O0g9JMOVNoIgLG6dgaYMY,3
4700,spotify:artist:3aCS3JvkoSr84i7ge9pA9o,spotify:artist:6HRtcKFPKPw6FtbGpvQviZ,3
4701,spotify:artist:3aCS3JvkoSr84i7ge9pA9o,spotify:artist:4nnvwFUhvSQ1WLcMbKJB9V,3
4702,spotify:artist:3aCS3JvkoSr84i7ge9pA9o,spotify:artist:7hQsq7p8cRabrNvklqxCvU,3
4703,spotify:artist:3aCS3JvkoSr84i7ge9pA9o,spotify:artist:1i7YYagcULgnW5Qilsto1d,3
4704,spotify:artist:3aCS3JvkoSr84i7ge9pA9o,spotify:artist:3iayA3QkB3jfkUgcXqsL7C,3
4705,spotify:artist:3aCS3JvkoSr84i7ge9pA9o,spotify:artist:1SyCQtKtDtMfJBBKGm0A8B,3
4706,spotify:artist:3aCS3JvkoSr84i7ge9pA9o,spotify:artist:1CYmYyxlWBVY80Kvq5lTDg,3
4707,spotify:artist:3aCS3JvkoSr84i7ge9pA9o,spotify:artist:3d1zFz2gPJbDaQDTsyNmbZ,3
4708,spotify:artist:3aCS3JvkoSr84i7ge9pA9o,spotify:artist:3oFRpiLvaflFOVNxvsLrze,3
4709,spotify:artist:3aCS3JvkoSr84i7ge9pA9o,spotify:artist:368QQvIamnKKKUiYskBRZN,3
4710,spotify:artist:3aCS3JvkoSr84i7ge9pA9o,spotify:artist:1BZzsIaJrwVhoY4oNnAGjr,3
4711,spotify:artist:3aCS3JvkoSr84i7ge9pA9o,spotify:artist:1e9cOgMYTLJ0KFOjmTx13F,3
4712,spotify:artist:3aCS3JvkoSr84i7ge9pA9o,spotify:artist:7CW5MYWUsyUYiHbiTmVZHe,3
4713,spotify:artist:3aCS3JvkoSr84i7ge9pA9o,spotify:artist:6XJV1bjttGYoe3cH4QWjpX,3
4714,spotify:artist:3aCS3JvkoSr84i7ge9pA9o,spotify:artist:6IfaumPVXMZ8iDue5QhuCY,3
4715,spotify:artist:3aCS3JvkoSr84i7ge9pA9o,spotify:artist:3MBZ7cW7vbWlM9YMYaXE9n,3
4716,spotify:artist:3aCS3JvkoSr84i7ge9pA9o,spotify:artist:1l0eT7EY5r7U1gMVm2SyoS,3
4717,spotify:artist:3aCS3JvkoSr84i7ge9pA9o,spotify:artist:0muxV3OP61FVcWkgcBm7iv,3
4718,spotify:artist:3aCS3JvkoSr84i7ge9pA9o,spotify:artist:73YLmyaazO66GncUVHP0KV,3
4719,spotify:artist:3aCS3JvkoSr84i7ge9pA9o,spotify:artist:4QxHfzS2ylZwKX11fohqcq,3
4720,spotify:artist:5MWBg16f5UYiaSlyVhzlIW,spotify:artist:04tBaW21jyUfeP5iqiKBVq,3
4721,spotify:artist:5MWBg16f5UYiaSlyVhzlIW,spotify:artist:5iksmHDN2qZQcgFfXqIXtT,3
4722,spotify:artist:5MWBg16f5UYiaSlyVhzlIW,spotify:artist:5k5yIvxtsqHqWrRBF3nhSY,3
4723,spotify:artist:5MWBg16f5UYiaSlyVhzlIW,spotify:artist:0IwlY33zbBXN7zlS9DP2Cj,3
4724,spotify:artist:5MWBg16f5UYiaSlyVhzlIW,spotify:artist:2aVHDjRHRM7dcFkGwahXLG,3
4725,spotify:artist:5MWBg16f5UYiaSlyVhzlIW,spotify:artist:046wtejcUX9rhlzw2nlveT,3
4726,spotify:artist:5MWBg16f5UYiaSlyVhzlIW,spotify:artist:4UETUdF77BfyJ7fEFVztr3,3
4727,spotify:artist:5MWBg16f5UYiaSlyVhzlIW,spotify:artist:2k8kY9zHUWxuTtwV4UutHw,3
4728,spotify:artist:5MWBg16f5UYiaSlyVhzlIW,spotify:artist:2eRdPaLHWAL4d1WcNUO9Vz,3
4729,spotify:artist:5MWBg16f5UYiaSlyVhzlIW,spotify:artist:6uVeWolwyRDrT84lLsaZyW,3
4730,spotify:artist:5MWBg16f5UYiaSlyVhzlIW,spotify:artist:4l8xPGtl6DHR2uvunqrl8r,3
4731,spotify:artist:5MWBg16f5UYiaSlyVhzlIW,spotify:artist:6WoTvA9qinpHtSRJuldYh6,3
4732,spotify:artist:5MWBg16f5UYiaSlyVhzlIW,spotify:artist:7CW5MYWUsyUYiHbiTmVZHe,3
4733,spotify:artist:5MWBg16f5UYiaSlyVhzlIW,spotify:artist:3V4FPipSnuYjtHnnAw9cZd,3
4734,spotify:artist:5MWBg16f5UYiaSlyVhzlIW,spotify:artist:6zHRqvws8dVeqL8D31ponr,3
4735,spotify:artist:5MWBg16f5UYiaSlyVhzlIW,spotify:artist:0S7Zur2g8YhqlzqtlYStli,3
4736,spotify:artist:5MWBg16f5UYiaSlyVhzlIW,spotify:artist:2i8ynmFv4qgRksyDlBgi6d,3
4737,spotify:artist:5MWBg16f5UYiaSlyVhzlIW,spotify:artist:6hkch2KhRl0tywpeVK5xR5,3
4738,spotify:artist:5MWBg16f5UYiaSlyVhzlIW,spotify:artist:2CqEOngQOOMstJupNn6Hmf,3
4739,spotify:artist:5MWBg16f5UYiaSlyVhzlIW,spotify:artist:2u7xZP39dtED9EuRX9MUwu,3
4740,spotify:artist:7k8oHbK8ratXIVlYX7fVRU,spotify:artist:0o6vWEqUMVEHLLrWuFUVut,3
4741,spotify:artist:7k8oHbK8ratXIVlYX7fVRU,spotify:artist:0BLh5cn4nqfqoVUREx3hLj,3
4742,spotify:artist:7k8oHbK8ratXIVlYX7fVRU,spotify:artist:5JFS60r6NwiQfX8Ue29JHL,3
4743,spotify:artist:7k8oHbK8ratXIVlYX7fVRU,spotify:artist:71I7zoXe7aIZvzN19S1gIo,3
4744,spotify:artist:7k8oHbK8ratXIVlYX7fVRU,spotify:artist:1CgvL3gASrnuI8SKXr8K7F,3
4745,spotify:artist:7k8oHbK8ratXIVlYX7fVRU,spotify:artist:6IfaumPVXMZ8iDue5QhuCY,3
4746,spotify:artist:7k8oHbK8ratXIVlYX7fVRU,spotify:artist:2Plkkomsc4DKawkCioLKjc,3
4747,spotify:artist:7k8oHbK8ratXIVlYX7fVRU,spotify:artist:4CvAzkeYfFG9DbZ4rCRzih,3
4748,spotify:artist:7k8oHbK8ratXIVlYX7fVRU,spotify:artist:2rDxtYUzTAYJJE3Bl3Z5IN,3
4749,spotify:artist:7k8oHbK8ratXIVlYX7fVRU,spotify:artist:4OogVxC2vWAsXsTYXctXi1,3
4750,spotify:artist:7k8oHbK8ratXIVlYX7fVRU,spotify:artist:0O0g9JMOVNoIgLG6dgaYMY,3
4751,spotify:artist:7k8oHbK8ratXIVlYX7fVRU,spotify:artist:7AhDVqsNA5q46WKsRPXvoe,3
4752,spotify:artist:7k8oHbK8ratXIVlYX7fVRU,spotify:artist:3N6WAAPHoIjo6na008793X,3
4753,spotify:artist:7k8oHbK8ratXIVlYX7fVRU,spotify:artist:26mSNyxjAsV5HSb7vAHu1W,3
4754,spotify:artist:7k8oHbK8ratXIVlYX7fVRU,spotify:artist:1Cc79YAHP7xvQAVQSjveP6,3
4755,spotify:artist:7k8oHbK8ratXIVlYX7fVRU,spotify:artist:2UDplVRprMbazU74Hq8OLl,3
4756,spotify:artist:7k8oHbK8ratXIVlYX7fVRU,spotify:artist:3vidJsiALgVC5ZuweJgeDT,3
4757,spotify:artist:7k8oHbK8ratXIVlYX7fVRU,spotify:artist:1CYmYyxlWBVY80Kvq5lTDg,3
4758,spotify:artist:7k8oHbK8ratXIVlYX7fVRU,spotify:artist:3F4PBcfdeFdmxjRPS2UdMl,3
4759,spotify:artist:7k8oHbK8ratXIVlYX7fVRU,spotify:artist:4ljMUpFLXEVZWUrdHtuEzw,3
4760,spotify:artist:4MlLVFHiA4e7BU7vQ4r5Lh,spotify:artist:0tQ2Q4y9iUkKszxXyB14ZH,3
4761,spotify:artist:4MlLVFHiA4e7BU7vQ4r5Lh,spotify:artist:2u7xZP39dtED9EuRX9MUwu,3
4762,spotify:artist:4MlLVFHiA4e7BU7vQ4r5Lh,spotify:artist:1wAvVTxYw932BnBO5JhrXJ,3
4763,spotify:artist:4MlLVFHiA4e7BU7vQ4r5Lh,spotify:artist:6TR7TYiDiS5okigndyMIpK,3
4764,spotify:artist:4MlLVFHiA4e7BU7vQ4r5Lh,spotify:artist:4Nu0EL8c5d2vFHPOcNjlBP,3
4765,spotify:artist:4MlLVFHiA4e7BU7vQ4r5Lh,spotify:artist:1FGzeqDPTLZwfbfxpmPAZn,3
4766,spotify:artist:4MlLVFHiA4e7BU7vQ4r5Lh,spotify:artist:046wtejcUX9rhlzw2nlveT,3
4767,spotify:artist:4MlLVFHiA4e7BU7vQ4r5Lh,spotify:artist:4t7bXPFEPe0pu1ozhdDLOp,3
4768,spotify:artist:4MlLVFHiA4e7BU7vQ4r5Lh,spotify:artist:4UETUdF77BfyJ7fEFVztr3,3
4769,spotify:artist:4MlLVFHiA4e7BU7vQ4r5Lh,spotify:artist:2YvNi4oPdBgD45gc1UycxW,3
4770,spotify:artist:4MlLVFHiA4e7BU7vQ4r5Lh,spotify:artist:6WoTvA9qinpHtSRJuldYh6,3
4771,spotify:artist:4MlLVFHiA4e7BU7vQ4r5Lh,spotify:artist:6LRmgzRManplPQghd2BMqz,3
4772,spotify:artist:4MlLVFHiA4e7BU7vQ4r5Lh,spotify:artist:06U3HB7kYW3D8AORt54Xp8,3
4773,spotify:artist:4MlLVFHiA4e7BU7vQ4r5Lh,spotify:artist:1qHR9DMfOJQjvWLEfMZQlG,3
4774,spotify:artist:4MlLVFHiA4e7BU7vQ4r5Lh,spotify:artist:6v8lYzIVcmeuPkoobFl7Dx,3
4775,spotify:artist:4MlLVFHiA4e7BU7vQ4r5Lh,spotify:artist:6soJo0dtX31T30OxtS4A39,3
4776,spotify:artist:4MlLVFHiA4e7BU7vQ4r5Lh,spotify:artist:1Ag6UM6dow2OH9V06mxzV5,3
4777,spotify:artist:4MlLVFHiA4e7BU7vQ4r5Lh,spotify:artist:2i8ynmFv4qgRksyDlBgi6d,3
4778,spotify:artist:4MlLVFHiA4e7BU7vQ4r5Lh,spotify:artist:7ppwXAQNWfPDGu22hCk5Yr,3
4779,spotify:artist:4MlLVFHiA4e7BU7vQ4r5Lh,spotify:artist:5nGQE2ehuRkkK1iNUQQthd,3
4780,spotify:artist:3BqaUtuQmqIHg7B5Bc7fP7,spotify:artist:6c8INA1EQQe9TkukfEdiCA,3
4781,spotify:artist:3BqaUtuQmqIHg7B5Bc7fP7,spotify:artist:4eBRIkqBA2GyYKzLvXD9a4,3
4782,spotify:artist:3BqaUtuQmqIHg7B5Bc7fP7,spotify:artist:722MDCdw3Ee4SdESC4uy38,3
4783,spotify:artist:3BqaUtuQmqIHg7B5Bc7fP7,spotify:artist:65Gh3BfK84aTIugiRCgLBA,3
4784,spotify:artist:3BqaUtuQmqIHg7B5Bc7fP7,spotify:artist:2CZj6Atoe6w2JhkMQnOEXo,3
4785,spotify:artist:3BqaUtuQmqIHg7B5Bc7fP7,spotify:artist:73YLmyaazO66GncUVHP0KV,3
4786,spotify:artist:3BqaUtuQmqIHg7B5Bc7fP7,spotify:artist:7CW5MYWUsyUYiHbiTmVZHe,3
4787,spotify:artist:3BqaUtuQmqIHg7B5Bc7fP7,spotify:artist:5PpcyAkdpuo9a08HiU6yfi,3
4788,spotify:artist:3BqaUtuQmqIHg7B5Bc7fP7,spotify:artist:3UvcmAOZt64oKpP95f6MMM,3
4789,spotify:artist:3BqaUtuQmqIHg7B5Bc7fP7,spotify:artist:2BGRfQgtzikz1pzAD0kaEn,3
4790,spotify:artist:3BqaUtuQmqIHg7B5Bc7fP7,spotify:artist:1CYmYyxlWBVY80Kvq5lTDg,3
4791,spotify:artist:3BqaUtuQmqIHg7B5Bc7fP7,spotify:artist:1q4Jwdw6XRbsIOYBJ830Nq,3
4792,spotify:artist:3BqaUtuQmqIHg7B5Bc7fP7,spotify:artist:25IRTisJjqI6JlkyCVMBsV,3
4793,spotify:artist:3BqaUtuQmqIHg7B5Bc7fP7,spotify:artist:3oAbjWINfcTSAuVUlXXMty,3
4794,spotify:artist:3BqaUtuQmqIHg7B5Bc7fP7,spotify:artist:6Jrj26oAY96EEC2lqC6fua,3
4795,spotify:artist:3BqaUtuQmqIHg7B5Bc7fP7,spotify:artist:3yesh1QeNXucaDFw8ZPKxd,3
4796,spotify:artist:3BqaUtuQmqIHg7B5Bc7fP7,spotify:artist:06KgaEpSluofkcChSo7TNr,3
4797,spotify:artist:3BqaUtuQmqIHg7B5Bc7fP7,spotify:artist:1Oedz03PvIZQvBJBneRd9S,3
4798,spotify:artist:3BqaUtuQmqIHg7B5Bc7fP7,spotify:artist:2idymNTKUdnTxforkb12Mw,3
4799,spotify:artist:3BqaUtuQmqIHg7B5Bc7fP7,spotify:artist:4Sld5LOPbAm1QSq9U32fFV,3
4800,spotify:artist:7IDrRpDz0cOuUVC32c8PKD,spotify:artist:2dxi3wnJ9h9kNioaWyIpYd,3
4801,spotify:artist:7IDrRpDz0cOuUVC32c8PKD,spotify:artist:0lmPazVDvsQ8FXDcBfKc6r,3
4802,spotify:artist:7IDrRpDz0cOuUVC32c8PKD,spotify:artist:4DD6xBZ1INIT3yGJRQLzej,3
4803,spotify:artist:7IDrRpDz0cOuUVC32c8PKD,spotify:artist:6paRdA1dkAEb0dWcIS4TOp,3
4804,spotify:artist:7IDrRpDz0cOuUVC32c8PKD,spotify:artist:0hFSUykrqfVXac7E3ZpiaH,3
4805,spotify:artist:7IDrRpDz0cOuUVC32c8PKD,spotify:artist:0fWvSXbvztkeHEnEuYvU2A,3
4806,spotify:artist:7IDrRpDz0cOuUVC32c8PKD,spotify:artist:6w7fc6IZlo5zwBaKT5jU1X,3
4807,spotify:artist:7IDrRpDz0cOuUVC32c8PKD,spotify:artist:1fpXM23IoNckJ7NDAm8YJQ,3
4808,spotify:artist:7IDrRpDz0cOuUVC32c8PKD,spotify:artist:267VY6GX5LyU5c9M85ECZQ,3
4809,spotify:artist:7IDrRpDz0cOuUVC32c8PKD,spotify:artist:5LEUigTSXpwrtERRcSW1N4,3
4810,spotify:artist:7IDrRpDz0cOuUVC32c8PKD,spotify:artist:3Ukr3Ufjg8ygRJv7Ww887f,3
4811,spotify:artist:7IDrRpDz0cOuUVC32c8PKD,spotify:artist:1PokjXeIq2zVosXbTEaNlx,3
4812,spotify:artist:7IDrRpDz0cOuUVC32c8PKD,spotify:artist:0pNaVvqSvldpJl7pHpNoM9,3
4813,spotify:artist:7IDrRpDz0cOuUVC32c8PKD,spotify:artist:5Q8gM5SMBT2LAoZ5LzqAvH,3
4814,spotify:artist:7IDrRpDz0cOuUVC32c8PKD,spotify:artist:7lmde7T1WJPFwv1eR6melP,3
4815,spotify:artist:7IDrRpDz0cOuUVC32c8PKD,spotify:artist:2wrhBKGC3DTNNNDRJPaxW6,3
4816,spotify:artist:7IDrRpDz0cOuUVC32c8PKD,spotify:artist:31ir0nQWMLTowZmZO8CiBw,3
4817,spotify:artist:7IDrRpDz0cOuUVC32c8PKD,spotify:artist:33HLOae9rhJfw6Mh0e8g5r,3
4818,spotify:artist:7IDrRpDz0cOuUVC32c8PKD,spotify:artist:762Lq0yk2VhjIfkTVDzlhv,3
4819,spotify:artist:7IDrRpDz0cOuUVC32c8PKD,spotify:artist:3N6WAAPHoIjo6na008793X,3
4820,spotify:artist:0lmPazVDvsQ8FXDcBfKc6r,spotify:artist:2dxi3wnJ9h9kNioaWyIpYd,3
4821,spotify:artist:0lmPazVDvsQ8FXDcBfKc6r,spotify:artist:7IDrRpDz0cOuUVC32c8PKD,3
4822,spotify:artist:0lmPazVDvsQ8FXDcBfKc6r,spotify:artist:0hFSUykrqfVXac7E3ZpiaH,3
4823,spotify:artist:0lmPazVDvsQ8FXDcBfKc6r,spotify:artist:762Lq0yk2VhjIfkTVDzlhv,3
4824,spotify:artist:0lmPazVDvsQ8FXDcBfKc6r,spotify:artist:1fpXM23IoNckJ7NDAm8YJQ,3
4825,spotify:artist:0lmPazVDvsQ8FXDcBfKc6r,spotify:artist:6paRdA1dkAEb0dWcIS4TOp,3
4826,spotify:artist:0lmPazVDvsQ8FXDcBfKc6r,spotify:artist:31ir0nQWMLTowZmZO8CiBw,3
4827,spotify:artist:0lmPazVDvsQ8FXDcBfKc6r,spotify:artist:3Ukr3Ufjg8ygRJv7Ww887f,3
4828,spotify:artist:0lmPazVDvsQ8FXDcBfKc6r,spotify:artist:2qgNcLm181szWzHaQj6x8U,3
4829,spotify:artist:0lmPazVDvsQ8FXDcBfKc6r,spotify:artist:0fWvSXbvztkeHEnEuYvU2A,3
4830,spotify:artist:0lmPazVDvsQ8FXDcBfKc6r,spotify:artist:1PokjXeIq2zVosXbTEaNlx,3
4831,spotify:artist:0lmPazVDvsQ8FXDcBfKc6r,spotify:artist:3N6WAAPHoIjo6na008793X,3
4832,spotify:artist:0lmPazVDvsQ8FXDcBfKc6r,spotify:artist:6wBUn8gMP85n8dPu6LoUcF,3
4833,spotify:artist:0lmPazVDvsQ8FXDcBfKc6r,spotify:artist:4DD6xBZ1INIT3yGJRQLzej,3
4834,spotify:artist:0lmPazVDvsQ8FXDcBfKc6r,spotify:artist:55dlp5I9jyc4UjzlrcKMnq,3
4835,spotify:artist:0lmPazVDvsQ8FXDcBfKc6r,spotify:artist:3qkZBMz5JgmRN9u5wwhRC6,3
4836,spotify:artist:0lmPazVDvsQ8FXDcBfKc6r,spotify:artist:3dmSPhg0tdao8ePj4pySJ5,3
4837,spotify:artist:0lmPazVDvsQ8FXDcBfKc6r,spotify:artist:0pNaVvqSvldpJl7pHpNoM9,3
4838,spotify:artist:0lmPazVDvsQ8FXDcBfKc6r,spotify:artist:77oD8X9qLXZhpbCjv53l5n,3
4839,spotify:artist:0lmPazVDvsQ8FXDcBfKc6r,spotify:artist:10pS9yDrtvF9eIi96oS0T8,3
4840,spotify:artist:0hFSUykrqfVXac7E3ZpiaH,spotify:artist:1fpXM23IoNckJ7NDAm8YJQ,3
4841,spotify:artist:0hFSUykrqfVXac7E3ZpiaH,spotify:artist:762Lq0yk2VhjIfkTVDzlhv,3
4842,spotify:artist:0hFSUykrqfVXac7E3ZpiaH,spotify:artist:0lmPazVDvsQ8FXDcBfKc6r,3
4843,spotify:artist:0hFSUykrqfVXac7E3ZpiaH,spotify:artist:2dxi3wnJ9h9kNioaWyIpYd,3
4844,spotify:artist:0hFSUykrqfVXac7E3ZpiaH,spotify:artist:3Ukr3Ufjg8ygRJv7Ww887f,3
4845,spotify:artist:0hFSUykrqfVXac7E3ZpiaH,spotify:artist:7IDrRpDz0cOuUVC32c8PKD,3
4846,spotify:artist:0hFSUykrqfVXac7E3ZpiaH,spotify:artist:4HSuIYtpd35eUBF0Ib9s8D,3
4847,spotify:artist:0hFSUykrqfVXac7E3ZpiaH,spotify:artist:3EeWBwimsIfdRvldiKXYGj,3
4848,spotify:artist:0hFSUykrqfVXac7E3ZpiaH,spotify:artist:4PzjNCFCQaozuOTez1NSKp,3
4849,spotify:artist:0hFSUykrqfVXac7E3ZpiaH,spotify:artist:62cvIQKyg3aHsHNgPxzGPT,3
4850,spotify:artist:0hFSUykrqfVXac7E3ZpiaH,spotify:artist:2qgNcLm181szWzHaQj6x8U,3
4851,spotify:artist:0hFSUykrqfVXac7E3ZpiaH,spotify:artist:57vhIhkzqXdrZnLoD0yl9C,3
4852,spotify:artist:0hFSUykrqfVXac7E3ZpiaH,spotify:artist:5Ug0EkTXplXiip0C2OzVi7,3
4853,spotify:artist:0hFSUykrqfVXac7E3ZpiaH,spotify:artist:0T7JQxpy1Li93vLNirbv0Z,3
4854,spotify:artist:0hFSUykrqfVXac7E3ZpiaH,spotify:artist:6I96egIonnFBY26MprKYKb,3
4855,spotify:artist:0hFSUykrqfVXac7E3ZpiaH,spotify:artist:5HUFo8AH9ZILmlyKFfEMNP,3
4856,spotify:artist:0hFSUykrqfVXac7E3ZpiaH,spotify:artist:0IpDaO9A1OW1h0YChKzVaX,3
4857,spotify:artist:0hFSUykrqfVXac7E3ZpiaH,spotify:artist:3QgSmABpItIdj908ek80n5,3
4858,spotify:artist:0hFSUykrqfVXac7E3ZpiaH,spotify:artist:3XR64HmFo4OvexUUNW7TP0,3
4859,spotify:artist:0hFSUykrqfVXac7E3ZpiaH,spotify:artist:0dpglhdTlof5BS5LX7uJmg,3
4860,spotify:artist:1fpXM23IoNckJ7NDAm8YJQ,spotify:artist:0hFSUykrqfVXac7E3ZpiaH,3
4861,spotify:artist:1fpXM23IoNckJ7NDAm8YJQ,spotify:artist:3Ukr3Ufjg8ygRJv7Ww887f,3
4862,spotify:artist:1fpXM23IoNckJ7NDAm8YJQ,spotify:artist:762Lq0yk2VhjIfkTVDzlhv,3
4863,spotify:artist:1fpXM23IoNckJ7NDAm8YJQ,spotify:artist:7IDrRpDz0cOuUVC32c8PKD,3
4864,spotify:artist:1fpXM23IoNckJ7NDAm8YJQ,spotify:artist:2dxi3wnJ9h9kNioaWyIpYd,3
4865,spotify:artist:1fpXM23IoNckJ7NDAm8YJQ,spotify:artist:62cvIQKyg3aHsHNgPxzGPT,3
4866,spotify:artist:1fpXM23IoNckJ7NDAm8YJQ,spotify:artist:0lmPazVDvsQ8FXDcBfKc6r,3
4867,spotify:artist:1fpXM23IoNckJ7NDAm8YJQ,spotify:artist:5Ug0EkTXplXiip0C2OzVi7,3
4868,spotify:artist:1fpXM23IoNckJ7NDAm8YJQ,spotify:artist:6I96egIonnFBY26MprKYKb,3
4869,spotify:artist:1fpXM23IoNckJ7NDAm8YJQ,spotify:artist:0T7JQxpy1Li93vLNirbv0Z,3
4870,spotify:artist:1fpXM23IoNckJ7NDAm8YJQ,spotify:artist:0IpDaO9A1OW1h0YChKzVaX,3
4871,spotify:artist:1fpXM23IoNckJ7NDAm8YJQ,spotify:artist:7LuYiSXiWs86rwWJjEEgB9,3
4872,spotify:artist:1fpXM23IoNckJ7NDAm8YJQ,spotify:artist:538ZIoOw6wW1xdjuIaQHOS,3
4873,spotify:artist:1fpXM23IoNckJ7NDAm8YJQ,spotify:artist:3HCpwNmFp2rvjkdjTs4uxs,3
4874,spotify:artist:1fpXM23IoNckJ7NDAm8YJQ,spotify:artist:55dlp5I9jyc4UjzlrcKMnq,3
4875,spotify:artist:1fpXM23IoNckJ7NDAm8YJQ,spotify:artist:3QgSmABpItIdj908ek80n5,3
4876,spotify:artist:1fpXM23IoNckJ7NDAm8YJQ,spotify:artist:3dmSPhg0tdao8ePj4pySJ5,3
4877,spotify:artist:1fpXM23IoNckJ7NDAm8YJQ,spotify:artist:4zYQWYmtimAEmI6WWEzGfO,3
4878,spotify:artist:1fpXM23IoNckJ7NDAm8YJQ,spotify:artist:00sAr10UTV1JZtHqxsLVn4,3
4879,spotify:artist:1fpXM23IoNckJ7NDAm8YJQ,spotify:artist:10pS9yDrtvF9eIi96oS0T8,3
4880,spotify:artist:6paRdA1dkAEb0dWcIS4TOp,spotify:artist:6w7fc6IZlo5zwBaKT5jU1X,3
4881,spotify:artist:6paRdA1dkAEb0dWcIS4TOp,spotify:artist:4DD6xBZ1INIT3yGJRQLzej,3
4882,spotify:artist:6paRdA1dkAEb0dWcIS4TOp,spotify:artist:0fWvSXbvztkeHEnEuYvU2A,3
4883,spotify:artist:6paRdA1dkAEb0dWcIS4TOp,spotify:artist:7IDrRpDz0cOuUVC32c8PKD,3
4884,spotify:artist:6paRdA1dkAEb0dWcIS4TOp,spotify:artist:3N6WAAPHoIjo6na008793X,3
4885,spotify:artist:6paRdA1dkAEb0dWcIS4TOp,spotify:artist:2dxi3wnJ9h9kNioaWyIpYd,3
4886,spotify:artist:6paRdA1dkAEb0dWcIS4TOp,spotify:artist:1S5IUHJTlPOp5GJVL0sWha,3
4887,spotify:artist:6paRdA1dkAEb0dWcIS4TOp,spotify:artist:5ZOh5D4MKLhU3GekPzNFam,3
4888,spotify:artist:6paRdA1dkAEb0dWcIS4TOp,spotify:artist:4Aq4ePZT5OKPz94Fd1stey,3
4889,spotify:artist:6paRdA1dkAEb0dWcIS4TOp,spotify:artist:5DEkBipkFl3aQHfkB9PZmg,3
4890,spotify:artist:6paRdA1dkAEb0dWcIS4TOp,spotify:artist:5LEUigTSXpwrtERRcSW1N4,3
4891,spotify:artist:6paRdA1dkAEb0dWcIS4TOp,spotify:artist:31ir0nQWMLTowZmZO8CiBw,3
4892,spotify:artist:6paRdA1dkAEb0dWcIS4TOp,spotify:artist:1PokjXeIq2zVosXbTEaNlx,3
4893,spotify:artist:6paRdA1dkAEb0dWcIS4TOp,spotify:artist:4L1danWWAgSc0b7nBgY9CB,3
4894,spotify:artist:6paRdA1dkAEb0dWcIS4TOp,spotify:artist:5xU5wRTlZHVRoo2OxPvqA4,3
4895,spotify:artist:6paRdA1dkAEb0dWcIS4TOp,spotify:artist:2Sp19cOHSqAUlE64hekARW,3
4896,spotify:artist:6paRdA1dkAEb0dWcIS4TOp,spotify:artist:267VY6GX5LyU5c9M85ECZQ,3
4897,spotify:artist:6paRdA1dkAEb0dWcIS4TOp,spotify:artist:2xoDN5GlMYE7ebaMKrx0Lv,3
4898,spotify:artist:6paRdA1dkAEb0dWcIS4TOp,spotify:artist:0ZY9xX3ninRS8dDz82nRQS,3
4899,spotify:artist:6paRdA1dkAEb0dWcIS4TOp,spotify:artist:7lmde7T1WJPFwv1eR6melP,3
4900,spotify:artist:0fWvSXbvztkeHEnEuYvU2A,spotify:artist:4DD6xBZ1INIT3yGJRQLzej,3
4901,spotify:artist:0fWvSXbvztkeHEnEuYvU2A,spotify:artist:6paRdA1dkAEb0dWcIS4TOp,3
4902,spotify:artist:0fWvSXbvztkeHEnEuYvU2A,spotify:artist:5DEkBipkFl3aQHfkB9PZmg,3
4903,spotify:artist:0fWvSXbvztkeHEnEuYvU2A,spotify:artist:6w7fc6IZlo5zwBaKT5jU1X,3
4904,spotify:artist:0fWvSXbvztkeHEnEuYvU2A,spotify:artist:3N6WAAPHoIjo6na008793X,3
4905,spotify:artist:0fWvSXbvztkeHEnEuYvU2A,spotify:artist:7IDrRpDz0cOuUVC32c8PKD,3
4906,spotify:artist:0fWvSXbvztkeHEnEuYvU2A,spotify:artist:2dxi3wnJ9h9kNioaWyIpYd,3
4907,spotify:artist:0fWvSXbvztkeHEnEuYvU2A,spotify:artist:7lmde7T1WJPFwv1eR6melP,3
4908,spotify:artist:0fWvSXbvztkeHEnEuYvU2A,spotify:artist:1PokjXeIq2zVosXbTEaNlx,3
4909,spotify:artist:0fWvSXbvztkeHEnEuYvU2A,spotify:artist:267VY6GX5LyU5c9M85ECZQ,3
4910,spotify:artist:0fWvSXbvztkeHEnEuYvU2A,spotify:artist:5ZOh5D4MKLhU3GekPzNFam,3
4911,spotify:artist:0fWvSXbvztkeHEnEuYvU2A,spotify:artist:4WPY0N74T3KUja57xMQTZ3,3
4912,spotify:artist:0fWvSXbvztkeHEnEuYvU2A,spotify:artist:5Q8gM5SMBT2LAoZ5LzqAvH,3
4913,spotify:artist:0fWvSXbvztkeHEnEuYvU2A,spotify:artist:4oV5EVJ0XFWsJKoOvdRPvl,3
4914,spotify:artist:0fWvSXbvztkeHEnEuYvU2A,spotify:artist:16bN8mhtDFdegWbg0z3s10,3
4915,spotify:artist:0fWvSXbvztkeHEnEuYvU2A,spotify:artist:2xoDN5GlMYE7ebaMKrx0Lv,3
4916,spotify:artist:0fWvSXbvztkeHEnEuYvU2A,spotify:artist:6MIbrfpc9aH6gsEl2yep68,3
4917,spotify:artist:0fWvSXbvztkeHEnEuYvU2A,spotify:artist:2idymNTKUdnTxforkb12Mw,3
4918,spotify:artist:0fWvSXbvztkeHEnEuYvU2A,spotify:artist:2wrhBKGC3DTNNNDRJPaxW6,3
4919,spotify:artist:0fWvSXbvztkeHEnEuYvU2A,spotify:artist:0pNaVvqSvldpJl7pHpNoM9,3
4920,spotify:artist:762Lq0yk2VhjIfkTVDzlhv,spotify:artist:0hFSUykrqfVXac7E3ZpiaH,3
4921,spotify:artist:762Lq0yk2VhjIfkTVDzlhv,spotify:artist:1fpXM23IoNckJ7NDAm8YJQ,3
4922,spotify:artist:762Lq0yk2VhjIfkTVDzlhv,spotify:artist:0lmPazVDvsQ8FXDcBfKc6r,3
4923,spotify:artist:762Lq0yk2VhjIfkTVDzlhv,spotify:artist:2dxi3wnJ9h9kNioaWyIpYd,3
4924,spotify:artist:762Lq0yk2VhjIfkTVDzlhv,spotify:artist:7IDrRpDz0cOuUVC32c8PKD,3
4925,spotify:artist:762Lq0yk2VhjIfkTVDzlhv,spotify:artist:3dmSPhg0tdao8ePj4pySJ5,3
4926,spotify:artist:762Lq0yk2VhjIfkTVDzlhv,spotify:artist:0dpglhdTlof5BS5LX7uJmg,3
4927,spotify:artist:762Lq0yk2VhjIfkTVDzlhv,spotify:artist:3Ukr3Ufjg8ygRJv7Ww887f,3
4928,spotify:artist:762Lq0yk2VhjIfkTVDzlhv,spotify:artist:0IpDaO9A1OW1h0YChKzVaX,3
4929,spotify:artist:762Lq0yk2VhjIfkTVDzlhv,spotify:artist:2lnVaJjmDvrFi3Pyf1sGxI,3
4930,spotify:artist:762Lq0yk2VhjIfkTVDzlhv,spotify:artist:2FsVA4kCeWeuzhll2D8HtT,3
4931,spotify:artist:762Lq0yk2VhjIfkTVDzlhv,spotify:artist:188gwh9RnRT58ZQPwqwHE3,3
4932,spotify:artist:762Lq0yk2VhjIfkTVDzlhv,spotify:artist:55dlp5I9jyc4UjzlrcKMnq,3
4933,spotify:artist:762Lq0yk2VhjIfkTVDzlhv,spotify:artist:3QgSmABpItIdj908ek80n5,3
4934,spotify:artist:762Lq0yk2VhjIfkTVDzlhv,spotify:artist:7hKXTmrq3ZppBx881yBbOr,3
4935,spotify:artist:762Lq0yk2VhjIfkTVDzlhv,spotify:artist:10pS9yDrtvF9eIi96oS0T8,3
4936,spotify:artist:762Lq0yk2VhjIfkTVDzlhv,spotify:artist:6KQQ6ka4Thwww3kjYqrG0F,3
4937,spotify:artist:762Lq0yk2VhjIfkTVDzlhv,spotify:artist:0iC8O5ABswVUFiYwM94bu3,3
4938,spotify:artist:762Lq0yk2VhjIfkTVDzlhv,spotify:artist:08w6KQXL60XUftg3Ds3177,3
4939,spotify:artist:762Lq0yk2VhjIfkTVDzlhv,spotify:artist:77oD8X9qLXZhpbCjv53l5n,3
4940,spotify:artist:55dlp5I9jyc4UjzlrcKMnq,spotify:artist:4R024vmmAv1tyJGZPWkEDu,3
4941,spotify:artist:55dlp5I9jyc4UjzlrcKMnq,spotify:artist:4VcTmgGKGuJn56Ac2zNhiH,3
4942,spotify:artist:55dlp5I9jyc4UjzlrcKMnq,spotify:artist:3dmSPhg0tdao8ePj4pySJ5,3
4943,spotify:artist:55dlp5I9jyc4UjzlrcKMnq,spotify:artist:1fpXM23IoNckJ7NDAm8YJQ,3
4944,spotify:artist:55dlp5I9jyc4UjzlrcKMnq,spotify:artist:2dxi3wnJ9h9kNioaWyIpYd,3
4945,spotify:artist:55dlp5I9jyc4UjzlrcKMnq,spotify:artist:7wbZFLV3wwTqyrKNCJ8Y8D,3
4946,spotify:artist:55dlp5I9jyc4UjzlrcKMnq,spotify:artist:10pS9yDrtvF9eIi96oS0T8,3
4947,spotify:artist:55dlp5I9jyc4UjzlrcKMnq,spotify:artist:0hFSUykrqfVXac7E3ZpiaH,3
4948,spotify:artist:55dlp5I9jyc4UjzlrcKMnq,spotify:artist:6PBv8t9YTLggA9ZMwpeoqj,3
4949,spotify:artist:55dlp5I9jyc4UjzlrcKMnq,spotify:artist:3Wok7FweiLrlia97LMCJh1,3
4950,spotify:artist:55dlp5I9jyc4UjzlrcKMnq,spotify:artist:2zAvisjImPICTNsRgagqlV,3
4951,spotify:artist:55dlp5I9jyc4UjzlrcKMnq,spotify:artist:5P1tdwsQdI6z9MXXfmYRDS,3
4952,spotify:artist:55dlp5I9jyc4UjzlrcKMnq,spotify:artist:339qxEdD8z8okRAiTp1HKf,3
4953,spotify:artist:55dlp5I9jyc4UjzlrcKMnq,spotify:artist:4RIOH6XCUt1Xr8NLUj2u66,3
4954,spotify:artist:55dlp5I9jyc4UjzlrcKMnq,spotify:artist:762Lq0yk2VhjIfkTVDzlhv,3
4955,spotify:artist:55dlp5I9jyc4UjzlrcKMnq,spotify:artist:1symcfB0KMf0vEg2nE1pHZ,3
4956,spotify:artist:55dlp5I9jyc4UjzlrcKMnq,spotify:artist:53HMXaQpXt5m6cBJNO5OFX,3
4957,spotify:artist:55dlp5I9jyc4UjzlrcKMnq,spotify:artist:50sSN9E5i4DJzYDclAXlSo,3
4958,spotify:artist:55dlp5I9jyc4UjzlrcKMnq,spotify:artist:0WISkx0PwT6lYWdPqKUJY8,3
4959,spotify:artist:55dlp5I9jyc4UjzlrcKMnq,spotify:artist:62NNHMoDbLSbR3THDaFNO7,3
4960,spotify:artist:6wBUn8gMP85n8dPu6LoUcF,spotify:artist:3DWWL4kwLZMBLsmVsbZYHR,3
4961,spotify:artist:6wBUn8gMP85n8dPu6LoUcF,spotify:artist:5DZBnxCYzs32O2bbqK8KNg,3
4962,spotify:artist:6wBUn8gMP85n8dPu6LoUcF,spotify:artist:2JpHk8yju1DH1l3c9sXzOS,3
4963,spotify:artist:6wBUn8gMP85n8dPu6LoUcF,spotify:artist:558fch9H4BrW99aTfvtYrz,3
4964,spotify:artist:6wBUn8gMP85n8dPu6LoUcF,spotify:artist:5hEP2P4E1FjoFYdhhxe7vi,3
4965,spotify:artist:6wBUn8gMP85n8dPu6LoUcF,spotify:artist:0pNaVvqSvldpJl7pHpNoM9,3
4966,spotify:artist:6wBUn8gMP85n8dPu6LoUcF,spotify:artist:0WISkx0PwT6lYWdPqKUJY8,3
4967,spotify:artist:6wBUn8gMP85n8dPu6LoUcF,spotify:artist:3xA9AB0f4BVjsSlyQc12iE,3
4968,spotify:artist:6wBUn8gMP85n8dPu6LoUcF,spotify:artist:2dxi3wnJ9h9kNioaWyIpYd,3
4969,spotify:artist:6wBUn8gMP85n8dPu6LoUcF,spotify:artist:5E2rtn57BM2WPjwak4kGd5,3
4970,spotify:artist:6wBUn8gMP85n8dPu6LoUcF,spotify:artist:5m2NwwPj4pzGQC0PQwMBWi,3
4971,spotify:artist:6wBUn8gMP85n8dPu6LoUcF,spotify:artist:4YjpqCSDD7zwMQgPYJMqb0,3
4972,spotify:artist:6wBUn8gMP85n8dPu6LoUcF,spotify:artist:4oV5EVJ0XFWsJKoOvdRPvl,3
4973,spotify:artist:6wBUn8gMP85n8dPu6LoUcF,spotify:artist:1GDjwZ2zwNZizuNJPmH3mE,3
4974,spotify:artist:6wBUn8gMP85n8dPu6LoUcF,spotify:artist:0XSqX2PB3C5dTMv7SZaxSm,3
4975,spotify:artist:6wBUn8gMP85n8dPu6LoUcF,spotify:artist:30XB6UJMhn7v7ZDX2GlIsM,3
4976,spotify:artist:6wBUn8gMP85n8dPu6LoUcF,spotify:artist:2wrhBKGC3DTNNNDRJPaxW6,3
4977,spotify:artist:6wBUn8gMP85n8dPu6LoUcF,spotify:artist:7lmde7T1WJPFwv1eR6melP,3
4978,spotify:artist:6wBUn8gMP85n8dPu6LoUcF,spotify:artist:2lZkXWxkZsZzBocxMjN1or,3
4979,spotify:artist:6wBUn8gMP85n8dPu6LoUcF,spotify:artist:0Fj0cWPHOpexJCZRdSHioP,3
4980,spotify:artist:0WISkx0PwT6lYWdPqKUJY8,spotify:artist:7wyRA7deGRxozTyBc6QXPe,3
4981,spotify:artist:0WISkx0PwT6lYWdPqKUJY8,spotify:artist:3inCNiUr4R6XQ3W43s9Aqi,3
4982,spotify:artist:0WISkx0PwT6lYWdPqKUJY8,spotify:artist:4oV5EVJ0XFWsJKoOvdRPvl,3
4983,spotify:artist:0WISkx0PwT6lYWdPqKUJY8,spotify:artist:2wrhBKGC3DTNNNDRJPaxW6,3
4984,spotify:artist:0WISkx0PwT6lYWdPqKUJY8,spotify:artist:4ePunOqQbOYoQwd1298g3Z,3
4985,spotify:artist:0WISkx0PwT6lYWdPqKUJY8,spotify:artist:7lmde7T1WJPFwv1eR6melP,3
4986,spotify:artist:0WISkx0PwT6lYWdPqKUJY8,spotify:artist:3kbBWco9PZ5eSQsNScwG6U,3
4987,spotify:artist:0WISkx0PwT6lYWdPqKUJY8,spotify:artist:0pNaVvqSvldpJl7pHpNoM9,3
4988,spotify:artist:0WISkx0PwT6lYWdPqKUJY8,spotify:artist:22ojy4H4ZVpowC4lRRC8In,3
4989,spotify:artist:0WISkx0PwT6lYWdPqKUJY8,spotify:artist:3W4xM5XYtUp4ifYYPVKVdk,3
4990,spotify:artist:0WISkx0PwT6lYWdPqKUJY8,spotify:artist:1PokjXeIq2zVosXbTEaNlx,3
4991,spotify:artist:0WISkx0PwT6lYWdPqKUJY8,spotify:artist:3mv2eHwrIONSkviASDMRMa,3
4992,spotify:artist:0WISkx0PwT6lYWdPqKUJY8,spotify:artist:1ysOXSDpupZ5RBQ9PNFZU7,3
4993,spotify:artist:0WISkx0PwT6lYWdPqKUJY8,spotify:artist:2ajVJyxI4sHmTMtTA3ENko,3
4994,spotify:artist:0WISkx0PwT6lYWdPqKUJY8,spotify:artist:04cetTUz2JTzXBqFKO5YB5,3
4995,spotify:artist:0WISkx0PwT6lYWdPqKUJY8,spotify:artist:2dxi3wnJ9h9kNioaWyIpYd,3
4996,spotify:artist:0WISkx0PwT6lYWdPqKUJY8,spotify:artist:1ll45mCZIveI9KHNZx2DdS,3
4997,spotify:artist:0WISkx0PwT6lYWdPqKUJY8,spotify:artist:6wBUn8gMP85n8dPu6LoUcF,3
4998,spotify:artist:0WISkx0PwT6lYWdPqKUJY8,spotify:artist:5jX8L7D6vWHYlNj9k361vI,3
4999,spotify:artist:0WISkx0PwT6lYWdPqKUJY8,spotify:artist:4UETUdF77BfyJ7fEFVztr3,3
5000,spotify:artist:4DD6xBZ1INIT3yGJRQLzej,spotify:artist:0fWvSXbvztkeHEnEuYvU2A,3
5001,spotify:artist:4DD6xBZ1INIT3yGJRQLzej,spotify:artist:6paRdA1dkAEb0dWcIS4TOp,3
5002,spotify:artist:4DD6xBZ1INIT3yGJRQLzej,spotify:artist:6w7fc6IZlo5zwBaKT5jU1X,3
5003,spotify:artist:4DD6xBZ1INIT3yGJRQLzej,spotify:artist:7IDrRpDz0cOuUVC32c8PKD,3
5004,spotify:artist:4DD6xBZ1INIT3yGJRQLzej,spotify:artist:267VY6GX5LyU5c9M85ECZQ,3
5005,spotify:artist:4DD6xBZ1INIT3yGJRQLzej,spotify:artist:5DEkBipkFl3aQHfkB9PZmg,3
5006,spotify:artist:4DD6xBZ1INIT3yGJRQLzej,spotify:artist:7lmde7T1WJPFwv1eR6melP,3
5007,spotify:artist:4DD6xBZ1INIT3yGJRQLzej,spotify:artist:3N6WAAPHoIjo6na008793X,3
5008,spotify:artist:4DD6xBZ1INIT3yGJRQLzej,spotify:artist:5Q8gM5SMBT2LAoZ5LzqAvH,3
5009,spotify:artist:4DD6xBZ1INIT3yGJRQLzej,spotify:artist:0pNaVvqSvldpJl7pHpNoM9,3
5010,spotify:artist:4DD6xBZ1INIT3yGJRQLzej,spotify:artist:5LEUigTSXpwrtERRcSW1N4,3
5011,spotify:artist:4DD6xBZ1INIT3yGJRQLzej,spotify:artist:6MIbrfpc9aH6gsEl2yep68,3
5012,spotify:artist:4DD6xBZ1INIT3yGJRQLzej,spotify:artist:16bN8mhtDFdegWbg0z3s10,3
5013,spotify:artist:4DD6xBZ1INIT3yGJRQLzej,spotify:artist:5AX02tEFl85gnqkvzqeltP,3
5014,spotify:artist:4DD6xBZ1INIT3yGJRQLzej,spotify:artist:2Sp19cOHSqAUlE64hekARW,3
5015,spotify:artist:4DD6xBZ1INIT3yGJRQLzej,spotify:artist:4WPY0N74T3KUja57xMQTZ3,3
5016,spotify:artist:4DD6xBZ1INIT3yGJRQLzej,spotify:artist:5ZOh5D4MKLhU3GekPzNFam,3
5017,spotify:artist:4DD6xBZ1INIT3yGJRQLzej,spotify:artist:2wrhBKGC3DTNNNDRJPaxW6,3
5018,spotify:artist:4DD6xBZ1INIT3yGJRQLzej,spotify:artist:5xU5wRTlZHVRoo2OxPvqA4,3
5019,spotify:artist:4DD6xBZ1INIT3yGJRQLzej,spotify:artist:2idymNTKUdnTxforkb12Mw,3
5020,spotify:artist:3dmSPhg0tdao8ePj4pySJ5,spotify:artist:70gvc4NvTwgBpEB1goYy8z,3
5021,spotify:artist:3dmSPhg0tdao8ePj4pySJ5,spotify:artist:2Lhs0asnFQiLuntn3s8p78,3
5022,spotify:artist:3dmSPhg0tdao8ePj4pySJ5,spotify:artist:77oD8X9qLXZhpbCjv53l5n,3
5023,spotify:artist:3dmSPhg0tdao8ePj4pySJ5,spotify:artist:2zAvisjImPICTNsRgagqlV,3
5024,spotify:artist:3dmSPhg0tdao8ePj4pySJ5,spotify:artist:2ajVJyxI4sHmTMtTA3ENko,3
5025,spotify:artist:3dmSPhg0tdao8ePj4pySJ5,spotify:artist:339qxEdD8z8okRAiTp1HKf,3
5026,spotify:artist:3dmSPhg0tdao8ePj4pySJ5,spotify:artist:1ZsnHGOLYFg8CAHQQBc1ut,3
5027,spotify:artist:3dmSPhg0tdao8ePj4pySJ5,spotify:artist:1XW5L5zIBqMw7sqkkuIi5n,3
5028,spotify:artist:3dmSPhg0tdao8ePj4pySJ5,spotify:artist:1fpXM23IoNckJ7NDAm8YJQ,3
5029,spotify:artist:3dmSPhg0tdao8ePj4pySJ5,spotify:artist:0wz0jO9anccPzH04N7FLBH,3
5030,spotify:artist:3dmSPhg0tdao8ePj4pySJ5,spotify:artist:55dlp5I9jyc4UjzlrcKMnq,3
5031,spotify:artist:3dmSPhg0tdao8ePj4pySJ5,spotify:artist:2oAKV8mT3NB1hZbGbGcdYB,3
5032,spotify:artist:3dmSPhg0tdao8ePj4pySJ5,spotify:artist:2dxi3wnJ9h9kNioaWyIpYd,3
5033,spotify:artist:3dmSPhg0tdao8ePj4pySJ5,spotify:artist:3uQ5cxFHxXddqPL58egs1z,3
5034,spotify:artist:3dmSPhg0tdao8ePj4pySJ5,spotify:artist:0IpDaO9A1OW1h0YChKzVaX,3
5035,spotify:artist:3dmSPhg0tdao8ePj4pySJ5,spotify:artist:04tBaW21jyUfeP5iqiKBVq,3
5036,spotify:artist:3dmSPhg0tdao8ePj4pySJ5,spotify:artist:08w6KQXL60XUftg3Ds3177,3
5037,spotify:artist:3dmSPhg0tdao8ePj4pySJ5,spotify:artist:7gqsi6aBSkRMJoL9psKqMr,3
5038,spotify:artist:3dmSPhg0tdao8ePj4pySJ5,spotify:artist:6g8Jqb5JMfv92eB2r0awTN,3
5039,spotify:artist:3dmSPhg0tdao8ePj4pySJ5,spotify:artist:1OmdWpAh1pucAuZPzJaxIJ,3
5040,spotify:artist:4tXPSo0qk91VMP3wFxL0Fo,spotify:artist:1J4ACYB6yMqd79q3rjskqs,3
5041,spotify:artist:4tXPSo0qk91VMP3wFxL0Fo,spotify:artist:3n8qeKQViV1waeCzZmS4Tx,3
5042,spotify:artist:4tXPSo0qk91VMP3wFxL0Fo,spotify:artist:5rXxFs3SSllmCoOlZqDD7p,3
5043,spotify:artist:4tXPSo0qk91VMP3wFxL0Fo,spotify:artist:0eiyrB0ET8AbrR5s6rrLJr,3
5044,spotify:artist:4tXPSo0qk91VMP3wFxL0Fo,spotify:artist:1XuQeR4sDsrX9gO2gtRQwe,3
5045,spotify:artist:4tXPSo0qk91VMP3wFxL0Fo,spotify:artist:2wrhBKGC3DTNNNDRJPaxW6,3
5046,spotify:artist:4tXPSo0qk91VMP3wFxL0Fo,spotify:artist:2CFDYbcjLeFAb6Xv2T9k4F,3
5047,spotify:artist:4tXPSo0qk91VMP3wFxL0Fo,spotify:artist:5jX8L7D6vWHYlNj9k361vI,3
5048,spotify:artist:4tXPSo0qk91VMP3wFxL0Fo,spotify:artist:0WISkx0PwT6lYWdPqKUJY8,3
5049,spotify:artist:4tXPSo0qk91VMP3wFxL0Fo,spotify:artist:2dxi3wnJ9h9kNioaWyIpYd,3
5050,spotify:artist:4tXPSo0qk91VMP3wFxL0Fo,spotify:artist:1PokjXeIq2zVosXbTEaNlx,3
5051,spotify:artist:4tXPSo0qk91VMP3wFxL0Fo,spotify:artist:2i8ynmFv4qgRksyDlBgi6d,3
5052,spotify:artist:4tXPSo0qk91VMP3wFxL0Fo,spotify:artist:1l0eT7EY5r7U1gMVm2SyoS,3
5053,spotify:artist:4tXPSo0qk91VMP3wFxL0Fo,spotify:artist:30XB6UJMhn7v7ZDX2GlIsM,3
5054,spotify:artist:4tXPSo0qk91VMP3wFxL0Fo,spotify:artist:7LaH88QLB2lRfa2VtGhpV1,3
5055,spotify:artist:4tXPSo0qk91VMP3wFxL0Fo,spotify:artist:5UqTO8smerMvxHYA5xsXb6,3
5056,spotify:artist:4tXPSo0qk91VMP3wFxL0Fo,spotify:artist:1rMkroCNvGAk4kO6I1j5A3,3
5057,spotify:artist:4tXPSo0qk91VMP3wFxL0Fo,spotify:artist:62NNHMoDbLSbR3THDaFNO7,3
5058,spotify:artist:4tXPSo0qk91VMP3wFxL0Fo,spotify:artist:74o9NlWEiftu6kvoDpIpAA,3
5059,spotify:artist:4tXPSo0qk91VMP3wFxL0Fo,spotify:artist:7iWLSJUrdU7ijowTmAHMCc,3
5060,spotify:artist:74o9NlWEiftu6kvoDpIpAA,spotify:artist:38D9fLVrGAclPJnH6rs663,3
5061,spotify:artist:74o9NlWEiftu6kvoDpIpAA,spotify:artist:5jX8L7D6vWHYlNj9k361vI,3
5062,spotify:artist:74o9NlWEiftu6kvoDpIpAA,spotify:artist:3mv2eHwrIONSkviASDMRMa,3
5063,spotify:artist:74o9NlWEiftu6kvoDpIpAA,spotify:artist:5oskjjKT8YsWJV0o8NEV9R,3
5064,spotify:artist:74o9NlWEiftu6kvoDpIpAA,spotify:artist:2WEGGlb0R1izEtTE5YTaTc,3
5065,spotify:artist:74o9NlWEiftu6kvoDpIpAA,spotify:artist:38fAj11eMUqp1hTaDaLkyZ,3
5066,spotify:artist:74o9NlWEiftu6kvoDpIpAA,spotify:artist:3Uf1PaVWJ3cUp76AIzCcoO,3
5067,spotify:artist:74o9NlWEiftu6kvoDpIpAA,spotify:artist:7COf7QkYuPrzl1lVrR1sIE,3
5068,spotify:artist:74o9NlWEiftu6kvoDpIpAA,spotify:artist:3Wok7FweiLrlia97LMCJh1,3
5069,spotify:artist:74o9NlWEiftu6kvoDpIpAA,spotify:artist:53HMXaQpXt5m6cBJNO5OFX,3
5070,spotify:artist:74o9NlWEiftu6kvoDpIpAA,spotify:artist:55HO6KzHhlDYOZeJQEYSgZ,3
5071,spotify:artist:74o9NlWEiftu6kvoDpIpAA,spotify:artist:01j1tgusZmVecaU1DEiCm3,3
5072,spotify:artist:74o9NlWEiftu6kvoDpIpAA,spotify:artist:5tV7IzriqXZvRGVRL0xv6v,3
5073,spotify:artist:74o9NlWEiftu6kvoDpIpAA,spotify:artist:2dxi3wnJ9h9kNioaWyIpYd,3
5074,spotify:artist:74o9NlWEiftu6kvoDpIpAA,spotify:artist:4CMdLKWNEoNSLpaJ6QMWYy,3
5075,spotify:artist:74o9NlWEiftu6kvoDpIpAA,spotify:artist:1LkLIVstA1IoipK1nx0RAD,3
5076,spotify:artist:74o9NlWEiftu6kvoDpIpAA,spotify:artist:3TIpMWwtIVLALtazdyDhoi,3
5077,spotify:artist:74o9NlWEiftu6kvoDpIpAA,spotify:artist:6EaW3JpcbKgWbfGCAD16oK,3
5078,spotify:artist:74o9NlWEiftu6kvoDpIpAA,spotify:artist:1ysOXSDpupZ5RBQ9PNFZU7,3
5079,spotify:artist:74o9NlWEiftu6kvoDpIpAA,spotify:artist:7wbZFLV3wwTqyrKNCJ8Y8D,3
5080,spotify:artist:3N6WAAPHoIjo6na008793X,spotify:artist:2xoDN5GlMYE7ebaMKrx0Lv,3
5081,spotify:artist:3N6WAAPHoIjo6na008793X,spotify:artist:0fWvSXbvztkeHEnEuYvU2A,3
5082,spotify:artist:3N6WAAPHoIjo6na008793X,spotify:artist:6paRdA1dkAEb0dWcIS4TOp,3
5083,spotify:artist:3N6WAAPHoIjo6na008793X,spotify:artist:6w7fc6IZlo5zwBaKT5jU1X,3
5084,spotify:artist:3N6WAAPHoIjo6na008793X,spotify:artist:2idymNTKUdnTxforkb12Mw,3
5085,spotify:artist:3N6WAAPHoIjo6na008793X,spotify:artist:4WPY0N74T3KUja57xMQTZ3,3
5086,spotify:artist:3N6WAAPHoIjo6na008793X,spotify:artist:4DD6xBZ1INIT3yGJRQLzej,3
5087,spotify:artist:3N6WAAPHoIjo6na008793X,spotify:artist:4Aq4ePZT5OKPz94Fd1stey,3
5088,spotify:artist:3N6WAAPHoIjo6na008793X,spotify:artist:0ODQJS4mk7rVBJXjdqByX6,3
5089,spotify:artist:3N6WAAPHoIjo6na008793X,spotify:artist:0BLh5cn4nqfqoVUREx3hLj,3
5090,spotify:artist:3N6WAAPHoIjo6na008793X,spotify:artist:0o1eC2L6gOIyKwkAtxVAWH,3
5091,spotify:artist:3N6WAAPHoIjo6na008793X,spotify:artist:6zKkaqMGGmaKLUSLTcsrls,3
5092,spotify:artist:3N6WAAPHoIjo6na008793X,spotify:artist:5ZOh5D4MKLhU3GekPzNFam,3
5093,spotify:artist:3N6WAAPHoIjo6na008793X,spotify:artist:2Plkkomsc4DKawkCioLKjc,3
5094,spotify:artist:3N6WAAPHoIjo6na008793X,spotify:artist:27AzFtMZhRN78bAMPntbpF,3
5095,spotify:artist:3N6WAAPHoIjo6na008793X,spotify:artist:7CW5MYWUsyUYiHbiTmVZHe,3
5096,spotify:artist:3N6WAAPHoIjo6na008793X,spotify:artist:2UDplVRprMbazU74Hq8OLl,3
5097,spotify:artist:3N6WAAPHoIjo6na008793X,spotify:artist:3UvcmAOZt64oKpP95f6MMM,3
5098,spotify:artist:3N6WAAPHoIjo6na008793X,spotify:artist:7AhDVqsNA5q46WKsRPXvoe,3
5099,spotify:artist:3N6WAAPHoIjo6na008793X,spotify:artist:3JqoJ9CMC1y6iLHz5zZLut,3
5100,spotify:artist:5aD0uh1BpYTN7AzhiSDgaO,spotify:artist:5l2EAkfckNPYZbEDbQtEkO,3
5101,spotify:artist:5aD0uh1BpYTN7AzhiSDgaO,spotify:artist:38euc5ce2q2MMzaoJcPstz,3
5102,spotify:artist:5aD0uh1BpYTN7AzhiSDgaO,spotify:artist:6igfLpd8s6DBBAuwebRUuo,3
5103,spotify:artist:5aD0uh1BpYTN7AzhiSDgaO,spotify:artist:2qc41rNTtdLK0tV3mJn2Pm,3
5104,spotify:artist:5aD0uh1BpYTN7AzhiSDgaO,spotify:artist:4I1ZPDoEcZOul26MTXDhNO,3
5105,spotify:artist:5aD0uh1BpYTN7AzhiSDgaO,spotify:artist:2tKdhceBIPAabG1BMuVhpa,3
5106,spotify:artist:5aD0uh1BpYTN7AzhiSDgaO,spotify:artist:5EOPLr73C9nIPYwVEAsiOY,3
5107,spotify:artist:5aD0uh1BpYTN7AzhiSDgaO,spotify:artist:2dxi3wnJ9h9kNioaWyIpYd,3
5108,spotify:artist:5aD0uh1BpYTN7AzhiSDgaO,spotify:artist:6zKkaqMGGmaKLUSLTcsrls,3
5109,spotify:artist:5aD0uh1BpYTN7AzhiSDgaO,spotify:artist:7omzannyG2lfDqP5xyZo34,3
5110,spotify:artist:5aD0uh1BpYTN7AzhiSDgaO,spotify:artist:511NdtFxUgN1HgraPcUotf,3
5111,spotify:artist:5aD0uh1BpYTN7AzhiSDgaO,spotify:artist:79JJCxCCfJ8HufX6w8q2k4,3
5112,spotify:artist:5aD0uh1BpYTN7AzhiSDgaO,spotify:artist:0TeVWuc8Sw05X4Qkl3AA5r,3
5113,spotify:artist:5aD0uh1BpYTN7AzhiSDgaO,spotify:artist:25mrbNwFzoqPWyYXLhiDRw,3
5114,spotify:artist:5aD0uh1BpYTN7AzhiSDgaO,spotify:artist:21R50WhyQI5HxWOTr6MyY1,3
5115,spotify:artist:5aD0uh1BpYTN7AzhiSDgaO,spotify:artist:11zHPjHnZN0ACA50rSnTcy,3
5116,spotify:artist:5aD0uh1BpYTN7AzhiSDgaO,spotify:artist:0lmPazVDvsQ8FXDcBfKc6r,3
5117,spotify:artist:5aD0uh1BpYTN7AzhiSDgaO,spotify:artist:41FEVJCBGidsJwbjq0KfgM,3
5118,spotify:artist:5aD0uh1BpYTN7AzhiSDgaO,spotify:artist:2Mf99N2VcDEcVuocyBLhyC,3
5119,spotify:artist:5aD0uh1BpYTN7AzhiSDgaO,spotify:artist:3Nhyo9KNcy4JI38iOWIWk3,3
5120,spotify:artist:1PokjXeIq2zVosXbTEaNlx,spotify:artist:2wrhBKGC3DTNNNDRJPaxW6,3
5121,spotify:artist:1PokjXeIq2zVosXbTEaNlx,spotify:artist:267VY6GX5LyU5c9M85ECZQ,3
5122,spotify:artist:1PokjXeIq2zVosXbTEaNlx,spotify:artist:7wyRA7deGRxozTyBc6QXPe,3
5123,spotify:artist:1PokjXeIq2zVosXbTEaNlx,spotify:artist:7lmde7T1WJPFwv1eR6melP,3
5124,spotify:artist:1PokjXeIq2zVosXbTEaNlx,spotify:artist:1J4ACYB6yMqd79q3rjskqs,3
5125,spotify:artist:1PokjXeIq2zVosXbTEaNlx,spotify:artist:73ITRDqlSE4huQlrKuqrBU,3
5126,spotify:artist:1PokjXeIq2zVosXbTEaNlx,spotify:artist:0pNaVvqSvldpJl7pHpNoM9,3
5127,spotify:artist:1PokjXeIq2zVosXbTEaNlx,spotify:artist:4oV5EVJ0XFWsJKoOvdRPvl,3
5128,spotify:artist:1PokjXeIq2zVosXbTEaNlx,spotify:artist:0fWvSXbvztkeHEnEuYvU2A,3
5129,spotify:artist:1PokjXeIq2zVosXbTEaNlx,spotify:artist:3inCNiUr4R6XQ3W43s9Aqi,3
5130,spotify:artist:1PokjXeIq2zVosXbTEaNlx,spotify:artist:0WISkx0PwT6lYWdPqKUJY8,3
5131,spotify:artist:1PokjXeIq2zVosXbTEaNlx,spotify:artist:6w7fc6IZlo5zwBaKT5jU1X,3
5132,spotify:artist:1PokjXeIq2zVosXbTEaNlx,spotify:artist:6paRdA1dkAEb0dWcIS4TOp,3
5133,spotify:artist:1PokjXeIq2zVosXbTEaNlx,spotify:artist:7IDrRpDz0cOuUVC32c8PKD,3
5134,spotify:artist:1PokjXeIq2zVosXbTEaNlx,spotify:artist:4DD6xBZ1INIT3yGJRQLzej,3
5135,spotify:artist:1PokjXeIq2zVosXbTEaNlx,spotify:artist:3kbBWco9PZ5eSQsNScwG6U,3
5136,spotify:artist:1PokjXeIq2zVosXbTEaNlx,spotify:artist:4ePunOqQbOYoQwd1298g3Z,3
5137,spotify:artist:1PokjXeIq2zVosXbTEaNlx,spotify:artist:5Q8gM5SMBT2LAoZ5LzqAvH,3
5138,spotify:artist:1PokjXeIq2zVosXbTEaNlx,spotify:artist:2dxi3wnJ9h9kNioaWyIpYd,3
5139,spotify:artist:1PokjXeIq2zVosXbTEaNlx,spotify:artist:2Sp19cOHSqAUlE64hekARW,3
5140,spotify:artist:4L1danWWAgSc0b7nBgY9CB,spotify:artist:73ZEvY32YduH2FODwWLTlP,3
5141,spotify:artist:4L1danWWAgSc0b7nBgY9CB,spotify:artist:2LXeJdQVcFkhkWydphLI74,3
5142,spotify:artist:4L1danWWAgSc0b7nBgY9CB,spotify:artist:3T4EY2HthpDQceZWzgSar5,3
5143,spotify:artist:4L1danWWAgSc0b7nBgY9CB,spotify:artist:5xU5wRTlZHVRoo2OxPvqA4,3
5144,spotify:artist:4L1danWWAgSc0b7nBgY9CB,spotify:artist:0tXdvAMrxsEOVmnMJIHolv,3
5145,spotify:artist:4L1danWWAgSc0b7nBgY9CB,spotify:artist:1EcRE2Nnqg2spdn2otakhg,3
5146,spotify:artist:4L1danWWAgSc0b7nBgY9CB,spotify:artist:2QwJQuBekTA4qF7N7uLHDP,3
5147,spotify:artist:4L1danWWAgSc0b7nBgY9CB,spotify:artist:6ZWUhhSv3IahZyW5keNSxK,3
5148,spotify:artist:4L1danWWAgSc0b7nBgY9CB,spotify:artist:6w7fc6IZlo5zwBaKT5jU1X,3
5149,spotify:artist:4L1danWWAgSc0b7nBgY9CB,spotify:artist:7dHWgQrSX118dV8s56RQDe,3
5150,spotify:artist:4L1danWWAgSc0b7nBgY9CB,spotify:artist:7Bl9Cwu3fIcCrbvMhVicmA,3
5151,spotify:artist:4L1danWWAgSc0b7nBgY9CB,spotify:artist:6paRdA1dkAEb0dWcIS4TOp,3
5152,spotify:artist:4L1danWWAgSc0b7nBgY9CB,spotify:artist:1xgFexIwrf2QjbU0buCNnp,3
5153,spotify:artist:4L1danWWAgSc0b7nBgY9CB,spotify:artist:7E41j1yL9ZeTWfqe9bUGgw,3
5154,spotify:artist:4L1danWWAgSc0b7nBgY9CB,spotify:artist:1fXw2uWfwAlNxlDsW8cKIS,3
5155,spotify:artist:4L1danWWAgSc0b7nBgY9CB,spotify:artist:4DD6xBZ1INIT3yGJRQLzej,3
5156,spotify:artist:4L1danWWAgSc0b7nBgY9CB,spotify:artist:0fWvSXbvztkeHEnEuYvU2A,3
5157,spotify:artist:4L1danWWAgSc0b7nBgY9CB,spotify:artist:4Aq4ePZT5OKPz94Fd1stey,3
5158,spotify:artist:4L1danWWAgSc0b7nBgY9CB,spotify:artist:3N6WAAPHoIjo6na008793X,3
5159,spotify:artist:4L1danWWAgSc0b7nBgY9CB,spotify:artist:2idymNTKUdnTxforkb12Mw,3
5160,spotify:artist:30XB6UJMhn7v7ZDX2GlIsM,spotify:artist:2bs3QE2ZMBjmb0QTqAjCj3,3
5161,spotify:artist:30XB6UJMhn7v7ZDX2GlIsM,spotify:artist:03hlOXqRyyXO3ectp3eEbU,3
5162,spotify:artist:30XB6UJMhn7v7ZDX2GlIsM,spotify:artist:7IdPmzvB3PugXieZE9vS4S,3
5163,spotify:artist:30XB6UJMhn7v7ZDX2GlIsM,spotify:artist:2VhVBXSB8n2KxuzKVZNxTY,3
5164,spotify:artist:30XB6UJMhn7v7ZDX2GlIsM,spotify:artist:5DT78nxI4rAHYddufPUOBx,3
5165,spotify:artist:30XB6UJMhn7v7ZDX2GlIsM,spotify:artist:7jrKVdbsnsYOR8roKyx1Th,3
5166,spotify:artist:30XB6UJMhn7v7ZDX2GlIsM,spotify:artist:4wBhllC5Nto10UefzXVMt9,3
5167,spotify:artist:30XB6UJMhn7v7ZDX2GlIsM,spotify:artist:72acCeElLYGL9nBHcZzX1h,3
5168,spotify:artist:30XB6UJMhn7v7ZDX2GlIsM,spotify:artist:5q3Rqu9idb7essQqKJ7SOa,3
5169,spotify:artist:30XB6UJMhn7v7ZDX2GlIsM,spotify:artist:2YFBqMMiIIL4XyiEwqySUQ,3
5170,spotify:artist:30XB6UJMhn7v7ZDX2GlIsM,spotify:artist:2OdkcNnvSRbVRcziM3OK2S,3
5171,spotify:artist:30XB6UJMhn7v7ZDX2GlIsM,spotify:artist:1ysOXSDpupZ5RBQ9PNFZU7,3
5172,spotify:artist:30XB6UJMhn7v7ZDX2GlIsM,spotify:artist:1qPMBDzIv4WJoToZqNxb1f,3
5173,spotify:artist:30XB6UJMhn7v7ZDX2GlIsM,spotify:artist:5Ssue4NKgXFwte9xe6azsu,3
5174,spotify:artist:30XB6UJMhn7v7ZDX2GlIsM,spotify:artist:0JHvODQe3KnriRMPuZPNL6,3
5175,spotify:artist:30XB6UJMhn7v7ZDX2GlIsM,spotify:artist:6QobJ3vnalBTlsdOrvQTIt,3
5176,spotify:artist:30XB6UJMhn7v7ZDX2GlIsM,spotify:artist:5lJ4XQ2hlPlxACN7q3xKL1,3
5177,spotify:artist:30XB6UJMhn7v7ZDX2GlIsM,spotify:artist:4CMdLKWNEoNSLpaJ6QMWYy,3
5178,spotify:artist:30XB6UJMhn7v7ZDX2GlIsM,spotify:artist:01Jsi7Q2a1GdLvNShahaj1,3
5179,spotify:artist:30XB6UJMhn7v7ZDX2GlIsM,spotify:artist:0WISkx0PwT6lYWdPqKUJY8,3
5180,spotify:artist:4oV5EVJ0XFWsJKoOvdRPvl,spotify:artist:2wrhBKGC3DTNNNDRJPaxW6,3
5181,spotify:artist:4oV5EVJ0XFWsJKoOvdRPvl,spotify:artist:0L8gNE8U7v7YvefZenVKo5,3
5182,spotify:artist:4oV5EVJ0XFWsJKoOvdRPvl,spotify:artist:3inCNiUr4R6XQ3W43s9Aqi,3
5183,spotify:artist:4oV5EVJ0XFWsJKoOvdRPvl,spotify:artist:7lmde7T1WJPFwv1eR6melP,3
5184,spotify:artist:4oV5EVJ0XFWsJKoOvdRPvl,spotify:artist:0pNaVvqSvldpJl7pHpNoM9,3
5185,spotify:artist:4oV5EVJ0XFWsJKoOvdRPvl,spotify:artist:0WISkx0PwT6lYWdPqKUJY8,3
5186,spotify:artist:4oV5EVJ0XFWsJKoOvdRPvl,spotify:artist:7wyRA7deGRxozTyBc6QXPe,3
5187,spotify:artist:4oV5EVJ0XFWsJKoOvdRPvl,spotify:artist:2LsbZ4vhm7aWOEqBLZQfbX,3
5188,spotify:artist:4oV5EVJ0XFWsJKoOvdRPvl,spotify:artist:3kbBWco9PZ5eSQsNScwG6U,3
5189,spotify:artist:4oV5EVJ0XFWsJKoOvdRPvl,spotify:artist:04cetTUz2JTzXBqFKO5YB5,3
5190,spotify:artist:4oV5EVJ0XFWsJKoOvdRPvl,spotify:artist:3SpA64SUzDeu1Q4MztoGw3,3
5191,spotify:artist:4oV5EVJ0XFWsJKoOvdRPvl,spotify:artist:4UETUdF77BfyJ7fEFVztr3,3
5192,spotify:artist:4oV5EVJ0XFWsJKoOvdRPvl,spotify:artist:4a2nAPF15Gv8V65Ba3IJSB,3
5193,spotify:artist:4oV5EVJ0XFWsJKoOvdRPvl,spotify:artist:4ePunOqQbOYoQwd1298g3Z,3
5194,spotify:artist:4oV5EVJ0XFWsJKoOvdRPvl,spotify:artist:267VY6GX5LyU5c9M85ECZQ,3
5195,spotify:artist:4oV5EVJ0XFWsJKoOvdRPvl,spotify:artist:5UMQV83wwZCCvRSQCVjZw6,3
5196,spotify:artist:4oV5EVJ0XFWsJKoOvdRPvl,spotify:artist:2JpHk8yju1DH1l3c9sXzOS,3
5197,spotify:artist:4oV5EVJ0XFWsJKoOvdRPvl,spotify:artist:6LRmgzRManplPQghd2BMqz,3
5198,spotify:artist:4oV5EVJ0XFWsJKoOvdRPvl,spotify:artist:4WPY0N74T3KUja57xMQTZ3,3
5199,spotify:artist:4oV5EVJ0XFWsJKoOvdRPvl,spotify:artist:0pbIqPTefLfuOcbM2ojXdl,3
5200,spotify:artist:70gvc4NvTwgBpEB1goYy8z,spotify:artist:3dmSPhg0tdao8ePj4pySJ5,3
5201,spotify:artist:70gvc4NvTwgBpEB1goYy8z,spotify:artist:339qxEdD8z8okRAiTp1HKf,3
5202,spotify:artist:70gvc4NvTwgBpEB1goYy8z,spotify:artist:2Lhs0asnFQiLuntn3s8p78,3
5203,spotify:artist:70gvc4NvTwgBpEB1goYy8z,spotify:artist:2oAKV8mT3NB1hZbGbGcdYB,3
5204,spotify:artist:70gvc4NvTwgBpEB1goYy8z,spotify:artist:6MnQV8O2R0Oci41F4HLB59,3
5205,spotify:artist:70gvc4NvTwgBpEB1goYy8z,spotify:artist:1XW5L5zIBqMw7sqkkuIi5n,3
5206,spotify:artist:70gvc4NvTwgBpEB1goYy8z,spotify:artist:5RyAbJ3y4yw8EbDcRblB8S,3
5207,spotify:artist:70gvc4NvTwgBpEB1goYy8z,spotify:artist:0qt6QSruHshcWT9QOzyfZp,3
5208,spotify:artist:70gvc4NvTwgBpEB1goYy8z,spotify:artist:2zAvisjImPICTNsRgagqlV,3
5209,spotify:artist:70gvc4NvTwgBpEB1goYy8z,spotify:artist:6M5FR3JkFFVDkgwtO6Vtz6,3
5210,spotify:artist:70gvc4NvTwgBpEB1goYy8z,spotify:artist:7EFfGZiKL1Ud3cspnlMq4H,3
5211,spotify:artist:70gvc4NvTwgBpEB1goYy8z,spotify:artist:08w6KQXL60XUftg3Ds3177,3
5212,spotify:artist:70gvc4NvTwgBpEB1goYy8z,spotify:artist:4tBNwdhdWAXGzzaPTp9dRE,3
5213,spotify:artist:70gvc4NvTwgBpEB1goYy8z,spotify:artist:4HEIKb9PGw8MG7Am50ev98,3
5214,spotify:artist:70gvc4NvTwgBpEB1goYy8z,spotify:artist:5tgz5nUmXzQkGo7i0RczvC,3
5215,spotify:artist:70gvc4NvTwgBpEB1goYy8z,spotify:artist:3uQ5cxFHxXddqPL58egs1z,3
5216,spotify:artist:70gvc4NvTwgBpEB1goYy8z,spotify:artist:2l7DkzVuYJW700mR7r43un,3
5217,spotify:artist:70gvc4NvTwgBpEB1goYy8z,spotify:artist:2ajVJyxI4sHmTMtTA3ENko,3
5218,spotify:artist:70gvc4NvTwgBpEB1goYy8z,spotify:artist:7gqsi6aBSkRMJoL9psKqMr,3
5219,spotify:artist:70gvc4NvTwgBpEB1goYy8z,spotify:artist:1RM5gp0RFfjpJhCYFPB30p,3
5220,spotify:artist:2Lhs0asnFQiLuntn3s8p78,spotify:artist:339qxEdD8z8okRAiTp1HKf,3
5221,spotify:artist:2Lhs0asnFQiLuntn3s8p78,spotify:artist:2oAKV8mT3NB1hZbGbGcdYB,3
5222,spotify:artist:2Lhs0asnFQiLuntn3s8p78,spotify:artist:2zAvisjImPICTNsRgagqlV,3
5223,spotify:artist:2Lhs0asnFQiLuntn3s8p78,spotify:artist:2l7DkzVuYJW700mR7r43un,3
5224,spotify:artist:2Lhs0asnFQiLuntn3s8p78,spotify:artist:3uQ5cxFHxXddqPL58egs1z,3
5225,spotify:artist:2Lhs0asnFQiLuntn3s8p78,spotify:artist:2k07pWgpJiFIbb9q1yJ36B,3
5226,spotify:artist:2Lhs0asnFQiLuntn3s8p78,spotify:artist:7EFfGZiKL1Ud3cspnlMq4H,3
5227,spotify:artist:2Lhs0asnFQiLuntn3s8p78,spotify:artist:3dmSPhg0tdao8ePj4pySJ5,3
5228,spotify:artist:2Lhs0asnFQiLuntn3s8p78,spotify:artist:79JJCxCCfJ8HufX6w8q2k4,3
5229,spotify:artist:2Lhs0asnFQiLuntn3s8p78,spotify:artist:0qt6QSruHshcWT9QOzyfZp,3
5230,spotify:artist:2Lhs0asnFQiLuntn3s8p78,spotify:artist:7gqsi6aBSkRMJoL9psKqMr,3
5231,spotify:artist:2Lhs0asnFQiLuntn3s8p78,spotify:artist:2ajVJyxI4sHmTMtTA3ENko,3
5232,spotify:artist:2Lhs0asnFQiLuntn3s8p78,spotify:artist:2EEw2tt8AJcH9qXUeB96Oc,3
5233,spotify:artist:2Lhs0asnFQiLuntn3s8p78,spotify:artist:4G0XDEk7RbA4BBCTs917U9,3
5234,spotify:artist:2Lhs0asnFQiLuntn3s8p78,spotify:artist:70gvc4NvTwgBpEB1goYy8z,3
5235,spotify:artist:2Lhs0asnFQiLuntn3s8p78,spotify:artist:2rDxtYUzTAYJJE3Bl3Z5IN,3
5236,spotify:artist:2Lhs0asnFQiLuntn3s8p78,spotify:artist:1OmdWpAh1pucAuZPzJaxIJ,3
5237,spotify:artist:2Lhs0asnFQiLuntn3s8p78,spotify:artist:2zTCLiQ8OUIWEyV6eZWzFy,3
5238,spotify:artist:2Lhs0asnFQiLuntn3s8p78,spotify:artist:4ePunOqQbOYoQwd1298g3Z,3
5239,spotify:artist:2Lhs0asnFQiLuntn3s8p78,spotify:artist:4yvuCAFk8vERXXBf138h8S,3
5240,spotify:artist:77oD8X9qLXZhpbCjv53l5n,spotify:artist:3W4xM5XYtUp4ifYYPVKVdk,3
5241,spotify:artist:77oD8X9qLXZhpbCjv53l5n,spotify:artist:2LMR8u7DOMF0FBseDpTsRa,3
5242,spotify:artist:77oD8X9qLXZhpbCjv53l5n,spotify:artist:6DKmuXxXASTF6xaJwcTfjv,3
5243,spotify:artist:77oD8X9qLXZhpbCjv53l5n,spotify:artist:0FOcXqJgJ1oq9XfzYTDZmZ,3
5244,spotify:artist:77oD8X9qLXZhpbCjv53l5n,spotify:artist:64tVHZVSAZhDEiOJxnb6hE,3
5245,spotify:artist:77oD8X9qLXZhpbCjv53l5n,spotify:artist:6guTJsgPymDUVfqDJyz5UG,3
5246,spotify:artist:77oD8X9qLXZhpbCjv53l5n,spotify:artist:3dmSPhg0tdao8ePj4pySJ5,3
5247,spotify:artist:77oD8X9qLXZhpbCjv53l5n,spotify:artist:2Sp19cOHSqAUlE64hekARW,3
5248,spotify:artist:77oD8X9qLXZhpbCjv53l5n,spotify:artist:5hAhrnb0Ch4ODwWu4tsbpi,3
5249,spotify:artist:77oD8X9qLXZhpbCjv53l5n,spotify:artist:244fcyNSuyhbRlMGfMbYrO,3
5250,spotify:artist:77oD8X9qLXZhpbCjv53l5n,spotify:artist:4oV5EVJ0XFWsJKoOvdRPvl,3
5251,spotify:artist:77oD8X9qLXZhpbCjv53l5n,spotify:artist:6UYwzZChuolxsylHcZcBBP,3
5252,spotify:artist:77oD8X9qLXZhpbCjv53l5n,spotify:artist:0wz0jO9anccPzH04N7FLBH,3
5253,spotify:artist:77oD8X9qLXZhpbCjv53l5n,spotify:artist:1ZsnHGOLYFg8CAHQQBc1ut,3
5254,spotify:artist:77oD8X9qLXZhpbCjv53l5n,spotify:artist:2ajVJyxI4sHmTMtTA3ENko,3
5255,spotify:artist:77oD8X9qLXZhpbCjv53l5n,spotify:artist:0WPY9nnBy01s5QOt4o4oQX,3
5256,spotify:artist:77oD8X9qLXZhpbCjv53l5n,spotify:artist:3Rj0tDHoX7C5NFq5DKIpHt,3
5257,spotify:artist:77oD8X9qLXZhpbCjv53l5n,spotify:artist:4jSYHcSo85heWskYvAULio,3
5258,spotify:artist:77oD8X9qLXZhpbCjv53l5n,spotify:artist:2Lhs0asnFQiLuntn3s8p78,3
5259,spotify:artist:77oD8X9qLXZhpbCjv53l5n,spotify:artist:0LVrQUinPUBFvVD5pLqmWY,3
5260,spotify:artist:2zAvisjImPICTNsRgagqlV,spotify:artist:3uQ5cxFHxXddqPL58egs1z,3
5261,spotify:artist:2zAvisjImPICTNsRgagqlV,spotify:artist:2EEw2tt8AJcH9qXUeB96Oc,3
5262,spotify:artist:2zAvisjImPICTNsRgagqlV,spotify:artist:2l7DkzVuYJW700mR7r43un,3
5263,spotify:artist:2zAvisjImPICTNsRgagqlV,spotify:artist:2k07pWgpJiFIbb9q1yJ36B,3
5264,spotify:artist:2zAvisjImPICTNsRgagqlV,spotify:artist:2Lhs0asnFQiLuntn3s8p78,3
5265,spotify:artist:2zAvisjImPICTNsRgagqlV,spotify:artist:4tBNwdhdWAXGzzaPTp9dRE,3
5266,spotify:artist:2zAvisjImPICTNsRgagqlV,spotify:artist:2ajVJyxI4sHmTMtTA3ENko,3
5267,spotify:artist:2zAvisjImPICTNsRgagqlV,spotify:artist:79JJCxCCfJ8HufX6w8q2k4,3
5268,spotify:artist:2zAvisjImPICTNsRgagqlV,spotify:artist:0qt6QSruHshcWT9QOzyfZp,3
5269,spotify:artist:2zAvisjImPICTNsRgagqlV,spotify:artist:4G0XDEk7RbA4BBCTs917U9,3
5270,spotify:artist:2zAvisjImPICTNsRgagqlV,spotify:artist:7EFfGZiKL1Ud3cspnlMq4H,3
5271,spotify:artist:2zAvisjImPICTNsRgagqlV,spotify:artist:7gqsi6aBSkRMJoL9psKqMr,3
5272,spotify:artist:2zAvisjImPICTNsRgagqlV,spotify:artist:3mv2eHwrIONSkviASDMRMa,3
5273,spotify:artist:2zAvisjImPICTNsRgagqlV,spotify:artist:0Z6hyoqGpchajBS8Gt3c0l,3
5274,spotify:artist:2zAvisjImPICTNsRgagqlV,spotify:artist:57kIMCLPgkzQlXjblX7XXP,3
5275,spotify:artist:2zAvisjImPICTNsRgagqlV,spotify:artist:4ePunOqQbOYoQwd1298g3Z,3
5276,spotify:artist:2zAvisjImPICTNsRgagqlV,spotify:artist:2rDxtYUzTAYJJE3Bl3Z5IN,3
5277,spotify:artist:2zAvisjImPICTNsRgagqlV,spotify:artist:3dmSPhg0tdao8ePj4pySJ5,3
5278,spotify:artist:2zAvisjImPICTNsRgagqlV,spotify:artist:339qxEdD8z8okRAiTp1HKf,3
5279,spotify:artist:2zAvisjImPICTNsRgagqlV,spotify:artist:6Jg1WSoV27sDj7N2WRFPqo,3
5280,spotify:artist:2ajVJyxI4sHmTMtTA3ENko,spotify:artist:3uQ5cxFHxXddqPL58egs1z,3
5281,spotify:artist:2ajVJyxI4sHmTMtTA3ENko,spotify:artist:2zAvisjImPICTNsRgagqlV,3
5282,spotify:artist:2ajVJyxI4sHmTMtTA3ENko,spotify:artist:2EEw2tt8AJcH9qXUeB96Oc,3
5283,spotify:artist:2ajVJyxI4sHmTMtTA3ENko,spotify:artist:2l7DkzVuYJW700mR7r43un,3
5284,spotify:artist:2ajVJyxI4sHmTMtTA3ENko,spotify:artist:4tBNwdhdWAXGzzaPTp9dRE,3
5285,spotify:artist:2ajVJyxI4sHmTMtTA3ENko,spotify:artist:2GATzeg62cr6sH29wSOVWe,3
5286,spotify:artist:2ajVJyxI4sHmTMtTA3ENko,spotify:artist:2k07pWgpJiFIbb9q1yJ36B,3
5287,spotify:artist:2ajVJyxI4sHmTMtTA3ENko,spotify:artist:2Lhs0asnFQiLuntn3s8p78,3
5288,spotify:artist:2ajVJyxI4sHmTMtTA3ENko,spotify:artist:0qt6QSruHshcWT9QOzyfZp,3
5289,spotify:artist:2ajVJyxI4sHmTMtTA3ENko,spotify:artist:4G0XDEk7RbA4BBCTs917U9,3
5290,spotify:artist:2ajVJyxI4sHmTMtTA3ENko,spotify:artist:7gqsi6aBSkRMJoL9psKqMr,3
5291,spotify:artist:2ajVJyxI4sHmTMtTA3ENko,spotify:artist:0Z6hyoqGpchajBS8Gt3c0l,3
5292,spotify:artist:2ajVJyxI4sHmTMtTA3ENko,spotify:artist:4ePunOqQbOYoQwd1298g3Z,3
5293,spotify:artist:2ajVJyxI4sHmTMtTA3ENko,spotify:artist:7EFfGZiKL1Ud3cspnlMq4H,3
5294,spotify:artist:2ajVJyxI4sHmTMtTA3ENko,spotify:artist:79JJCxCCfJ8HufX6w8q2k4,3
5295,spotify:artist:2ajVJyxI4sHmTMtTA3ENko,spotify:artist:64tVHZVSAZhDEiOJxnb6hE,3
5296,spotify:artist:2ajVJyxI4sHmTMtTA3ENko,spotify:artist:2iUVQjheBnvOt8vaBrxXJz,3
5297,spotify:artist:2ajVJyxI4sHmTMtTA3ENko,spotify:artist:5O5V29YvM6AzAQ0rNt59fy,3
5298,spotify:artist:2ajVJyxI4sHmTMtTA3ENko,spotify:artist:6hkch2KhRl0tywpeVK5xR5,3
5299,spotify:artist:2ajVJyxI4sHmTMtTA3ENko,spotify:artist:3XHvzfKFZkSXEUiZE4WrIz,3
5300,spotify:artist:339qxEdD8z8okRAiTp1HKf,spotify:artist:2oAKV8mT3NB1hZbGbGcdYB,3
5301,spotify:artist:339qxEdD8z8okRAiTp1HKf,spotify:artist:6MnQV8O2R0Oci41F4HLB59,3
5302,spotify:artist:339qxEdD8z8okRAiTp1HKf,spotify:artist:3Rdkj77BOQHj5dTLveCJvI,3
5303,spotify:artist:339qxEdD8z8okRAiTp1HKf,spotify:artist:2zTCLiQ8OUIWEyV6eZWzFy,3
5304,spotify:artist:339qxEdD8z8okRAiTp1HKf,spotify:artist:2Lhs0asnFQiLuntn3s8p78,3
5305,spotify:artist:339qxEdD8z8okRAiTp1HKf,spotify:artist:5tgz5nUmXzQkGo7i0RczvC,3
5306,spotify:artist:339qxEdD8z8okRAiTp1HKf,spotify:artist:7EFfGZiKL1Ud3cspnlMq4H,3
5307,spotify:artist:339qxEdD8z8okRAiTp1HKf,spotify:artist:2k07pWgpJiFIbb9q1yJ36B,3
5308,spotify:artist:339qxEdD8z8okRAiTp1HKf,spotify:artist:08w6KQXL60XUftg3Ds3177,3
5309,spotify:artist:339qxEdD8z8okRAiTp1HKf,spotify:artist:72PnPUc1qv9UjRPaGVZ1jq,3
5310,spotify:artist:339qxEdD8z8okRAiTp1HKf,spotify:artist:1OmdWpAh1pucAuZPzJaxIJ,3
5311,spotify:artist:339qxEdD8z8okRAiTp1HKf,spotify:artist:188gwh9RnRT58ZQPwqwHE3,3
5312,spotify:artist:339qxEdD8z8okRAiTp1HKf,spotify:artist:70gvc4NvTwgBpEB1goYy8z,3
5313,spotify:artist:339qxEdD8z8okRAiTp1HKf,spotify:artist:6uHjKRsYGaElOrKWlSEji3,3
5314,spotify:artist:339qxEdD8z8okRAiTp1HKf,spotify:artist:3uQ5cxFHxXddqPL58egs1z,3
5315,spotify:artist:339qxEdD8z8okRAiTp1HKf,spotify:artist:2zAvisjImPICTNsRgagqlV,3
5316,spotify:artist:339qxEdD8z8okRAiTp1HKf,spotify:artist:4tBNwdhdWAXGzzaPTp9dRE,3
5317,spotify:artist:339qxEdD8z8okRAiTp1HKf,spotify:artist:0TeVWuc8Sw05X4Qkl3AA5r,3
5318,spotify:artist:339qxEdD8z8okRAiTp1HKf,spotify:artist:6M5FR3JkFFVDkgwtO6Vtz6,3
5319,spotify:artist:339qxEdD8z8okRAiTp1HKf,spotify:artist:3x0LgZSPgNh91O6NBMtqTs,3
5320,spotify:artist:1ZsnHGOLYFg8CAHQQBc1ut,spotify:artist:7EV6jW6dotBdvsHj6xPixi,3
5321,spotify:artist:1ZsnHGOLYFg8CAHQQBc1ut,spotify:artist:244fcyNSuyhbRlMGfMbYrO,3
5322,spotify:artist:1ZsnHGOLYFg8CAHQQBc1ut,spotify:artist:3dmSPhg0tdao8ePj4pySJ5,3
5323,spotify:artist:1ZsnHGOLYFg8CAHQQBc1ut,spotify:artist:5EOPLr73C9nIPYwVEAsiOY,3
5324,spotify:artist:1ZsnHGOLYFg8CAHQQBc1ut,spotify:artist:77oD8X9qLXZhpbCjv53l5n,3
5325,spotify:artist:1ZsnHGOLYFg8CAHQQBc1ut,spotify:artist:3TScZ6zJkavDy0tqoGqiCf,3
5326,spotify:artist:1ZsnHGOLYFg8CAHQQBc1ut,spotify:artist:4IDoKaZIEacb3QncU8RQMp,3
5327,spotify:artist:1ZsnHGOLYFg8CAHQQBc1ut,spotify:artist:2Lhs0asnFQiLuntn3s8p78,3
5328,spotify:artist:1ZsnHGOLYFg8CAHQQBc1ut,spotify:artist:4yvuCAFk8vERXXBf138h8S,3
5329,spotify:artist:1ZsnHGOLYFg8CAHQQBc1ut,spotify:artist:5CXWXFfhDhFN5uzbfUwAKt,3
5330,spotify:artist:1ZsnHGOLYFg8CAHQQBc1ut,spotify:artist:13W7XLRXdWeLmIu9vacE1w,3
5331,spotify:artist:1ZsnHGOLYFg8CAHQQBc1ut,spotify:artist:1GWV70Reko15eV2nHCm0bM,3
5332,spotify:artist:1ZsnHGOLYFg8CAHQQBc1ut,spotify:artist:0LVrQUinPUBFvVD5pLqmWY,3
5333,spotify:artist:1ZsnHGOLYFg8CAHQQBc1ut,spotify:artist:0dLSQG3IV62UNVhWUe6mx6,3
5334,spotify:artist:1ZsnHGOLYFg8CAHQQBc1ut,spotify:artist:2wXBWJhbm1gfEVjyEEuhDH,3
5335,spotify:artist:1ZsnHGOLYFg8CAHQQBc1ut,spotify:artist:0TJB3EE2efClsYIDQ8V2Jk,3
5336,spotify:artist:1ZsnHGOLYFg8CAHQQBc1ut,spotify:artist:04tBaW21jyUfeP5iqiKBVq,3
5337,spotify:artist:1ZsnHGOLYFg8CAHQQBc1ut,spotify:artist:38euc5ce2q2MMzaoJcPstz,3
5338,spotify:artist:1ZsnHGOLYFg8CAHQQBc1ut,spotify:artist:7Lf3LOZp3U3u2f6cWMd3AH,3
5339,spotify:artist:1ZsnHGOLYFg8CAHQQBc1ut,spotify:artist:2E70ENJNHoACgzTkJ3QnO4,3
5340,spotify:artist:1XW5L5zIBqMw7sqkkuIi5n,spotify:artist:5lQ9ygSr6WMqXYsG00nNNY,3
5341,spotify:artist:1XW5L5zIBqMw7sqkkuIi5n,spotify:artist:2GATzeg62cr6sH29wSOVWe,3
5342,spotify:artist:1XW5L5zIBqMw7sqkkuIi5n,spotify:artist:0qt6QSruHshcWT9QOzyfZp,3
5343,spotify:artist:1XW5L5zIBqMw7sqkkuIi5n,spotify:artist:6uHjKRsYGaElOrKWlSEji3,3
5344,spotify:artist:1XW5L5zIBqMw7sqkkuIi5n,spotify:artist:0wz0jO9anccPzH04N7FLBH,3
5345,spotify:artist:1XW5L5zIBqMw7sqkkuIi5n,spotify:artist:70gvc4NvTwgBpEB1goYy8z,3
5346,spotify:artist:1XW5L5zIBqMw7sqkkuIi5n,spotify:artist:4W1poTLCG6XjhBUVehcaMB,3
5347,spotify:artist:1XW5L5zIBqMw7sqkkuIi5n,spotify:artist:2Lhs0asnFQiLuntn3s8p78,3
5348,spotify:artist:1XW5L5zIBqMw7sqkkuIi5n,spotify:artist:1555UFA4CyCnJEzCKikGHe,3
5349,spotify:artist:1XW5L5zIBqMw7sqkkuIi5n,spotify:artist:4HEIKb9PGw8MG7Am50ev98,3
5350,spotify:artist:1XW5L5zIBqMw7sqkkuIi5n,spotify:artist:339qxEdD8z8okRAiTp1HKf,3
5351,spotify:artist:1XW5L5zIBqMw7sqkkuIi5n,spotify:artist:4tBNwdhdWAXGzzaPTp9dRE,3
5352,spotify:artist:1XW5L5zIBqMw7sqkkuIi5n,spotify:artist:7EFfGZiKL1Ud3cspnlMq4H,3
5353,spotify:artist:1XW5L5zIBqMw7sqkkuIi5n,spotify:artist:3dmSPhg0tdao8ePj4pySJ5,3
5354,spotify:artist:1XW5L5zIBqMw7sqkkuIi5n,spotify:artist:2lnVaJjmDvrFi3Pyf1sGxI,3
5355,spotify:artist:1XW5L5zIBqMw7sqkkuIi5n,spotify:artist:3uQ5cxFHxXddqPL58egs1z,3
5356,spotify:artist:1XW5L5zIBqMw7sqkkuIi5n,spotify:artist:2oAKV8mT3NB1hZbGbGcdYB,3
5357,spotify:artist:1XW5L5zIBqMw7sqkkuIi5n,spotify:artist:0BFRrMqOHuc1fxGWXMinHd,3
5358,spotify:artist:1XW5L5zIBqMw7sqkkuIi5n,spotify:artist:4G0XDEk7RbA4BBCTs917U9,3
5359,spotify:artist:1XW5L5zIBqMw7sqkkuIi5n,spotify:artist:6g8Jqb5JMfv92eB2r0awTN,3
5360,spotify:artist:1fpXM23IoNckJ7NDAm8YJQ,spotify:artist:0hFSUykrqfVXac7E3ZpiaH,3
5361,spotify:artist:1fpXM23IoNckJ7NDAm8YJQ,spotify:artist:3Ukr3Ufjg8ygRJv7Ww887f,3
5362,spotify:artist:1fpXM23IoNckJ7NDAm8YJQ,spotify:artist:762Lq0yk2VhjIfkTVDzlhv,3
5363,spotify:artist:1fpXM23IoNckJ7NDAm8YJQ,spotify:artist:7IDrRpDz0cOuUVC32c8PKD,3
5364,spotify:artist:1fpXM23IoNckJ7NDAm8YJQ,spotify:artist:2dxi3wnJ9h9kNioaWyIpYd,3
5365,spotify:artist:1fpXM23IoNckJ7NDAm8YJQ,spotify:artist:62cvIQKyg3aHsHNgPxzGPT,3
5366,spotify:artist:1fpXM23IoNckJ7NDAm8YJQ,spotify:artist:0lmPazVDvsQ8FXDcBfKc6r,3
5367,spotify:artist:1fpXM23IoNckJ7NDAm8YJQ,spotify:artist:5Ug0EkTXplXiip0C2OzVi7,3
5368,spotify:artist:1fpXM23IoNckJ7NDAm8YJQ,spotify:artist:6I96egIonnFBY26MprKYKb,3
5369,spotify:artist:1fpXM23IoNckJ7NDAm8YJQ,spotify:artist:0T7JQxpy1Li93vLNirbv0Z,3
5370,spotify:artist:1fpXM23IoNckJ7NDAm8YJQ,spotify:artist:0IpDaO9A1OW1h0YChKzVaX,3
5371,spotify:artist:1fpXM23IoNckJ7NDAm8YJQ,spotify:artist:7LuYiSXiWs86rwWJjEEgB9,3
5372,spotify:artist:1fpXM23IoNckJ7NDAm8YJQ,spotify:artist:538ZIoOw6wW1xdjuIaQHOS,3
5373,spotify:artist:1fpXM23IoNckJ7NDAm8YJQ,spotify:artist:3HCpwNmFp2rvjkdjTs4uxs,3
5374,spotify:artist:1fpXM23IoNckJ7NDAm8YJQ,spotify:artist:55dlp5I9jyc4UjzlrcKMnq,3
5375,spotify:artist:1fpXM23IoNckJ7NDAm8YJQ,spotify:artist:3QgSmABpItIdj908ek80n5,3
5376,spotify:artist:1fpXM23IoNckJ7NDAm8YJQ,spotify:artist:3dmSPhg0tdao8ePj4pySJ5,3
5377,spotify:artist:1fpXM23IoNckJ7NDAm8YJQ,spotify:artist:4zYQWYmtimAEmI6WWEzGfO,3
5378,spotify:artist:1fpXM23IoNckJ7NDAm8YJQ,spotify:artist:00sAr10UTV1JZtHqxsLVn4,3
5379,spotify:artist:1fpXM23IoNckJ7NDAm8YJQ,spotify:artist:10pS9yDrtvF9eIi96oS0T8,3
5380,spotify:artist:0wz0jO9anccPzH04N7FLBH,spotify:artist:2GATzeg62cr6sH29wSOVWe,3
5381,spotify:artist:0wz0jO9anccPzH04N7FLBH,spotify:artist:1555UFA4CyCnJEzCKikGHe,3
5382,spotify:artist:0wz0jO9anccPzH04N7FLBH,spotify:artist:60CBjmRpwr02JwAd3Ho25U,3
5383,spotify:artist:0wz0jO9anccPzH04N7FLBH,spotify:artist:4G0XDEk7RbA4BBCTs917U9,3
5384,spotify:artist:0wz0jO9anccPzH04N7FLBH,spotify:artist:0qt6QSruHshcWT9QOzyfZp,3
5385,spotify:artist:0wz0jO9anccPzH04N7FLBH,spotify:artist:3uQ5cxFHxXddqPL58egs1z,3
5386,spotify:artist:0wz0jO9anccPzH04N7FLBH,spotify:artist:2ajVJyxI4sHmTMtTA3ENko,3
5387,spotify:artist:0wz0jO9anccPzH04N7FLBH,spotify:artist:5VnYwYnG7QmpzQtxyubIwh,3
5388,spotify:artist:0wz0jO9anccPzH04N7FLBH,spotify:artist:5AyEXCtu3xnnsTGCo4RVZh,3
5389,spotify:artist:0wz0jO9anccPzH04N7FLBH,spotify:artist:6guTJsgPymDUVfqDJyz5UG,3
5390,spotify:artist:0wz0jO9anccPzH04N7FLBH,spotify:artist:64tVHZVSAZhDEiOJxnb6hE,3
5391,spotify:artist:0wz0jO9anccPzH04N7FLBH,spotify:artist:4jSYHcSo85heWskYvAULio,3
5392,spotify:artist:0wz0jO9anccPzH04N7FLBH,spotify:artist:1QUsHFoDqNsC0W9AlNyHWF,3
5393,spotify:artist:0wz0jO9anccPzH04N7FLBH,spotify:artist:6g8Jqb5JMfv92eB2r0awTN,3
5394,spotify:artist:0wz0jO9anccPzH04N7FLBH,spotify:artist:0QwH5InvCwfL4UbYkjP9pi,3
5395,spotify:artist:0wz0jO9anccPzH04N7FLBH,spotify:artist:77oD8X9qLXZhpbCjv53l5n,3
5396,spotify:artist:0wz0jO9anccPzH04N7FLBH,spotify:artist:2zAvisjImPICTNsRgagqlV,3
5397,spotify:artist:0wz0jO9anccPzH04N7FLBH,spotify:artist:4IwOItqRhsIoRuD5HP4vyC,3
5398,spotify:artist:0wz0jO9anccPzH04N7FLBH,spotify:artist:31uyAcnY0kjjKKIQZMKX4i,3
5399,spotify:artist:0wz0jO9anccPzH04N7FLBH,spotify:artist:4Sw0SFu1fFdYXdAEVdrqnO,3
5400,spotify:artist:55dlp5I9jyc4UjzlrcKMnq,spotify:artist:4R024vmmAv1tyJGZPWkEDu,3
5401,spotify:artist:55dlp5I9jyc4UjzlrcKMnq,spotify:artist:4VcTmgGKGuJn56Ac2zNhiH,3
5402,spotify:artist:55dlp5I9jyc4UjzlrcKMnq,spotify:artist:3dmSPhg0tdao8ePj4pySJ5,3
5403,spotify:artist:55dlp5I9jyc4UjzlrcKMnq,spotify:artist:1fpXM23IoNckJ7NDAm8YJQ,3
5404,spotify:artist:55dlp5I9jyc4UjzlrcKMnq,spotify:artist:2dxi3wnJ9h9kNioaWyIpYd,3
5405,spotify:artist:55dlp5I9jyc4UjzlrcKMnq,spotify:artist:7wbZFLV3wwTqyrKNCJ8Y8D,3
5406,spotify:artist:55dlp5I9jyc4UjzlrcKMnq,spotify:artist:10pS9yDrtvF9eIi96oS0T8,3
5407,spotify:artist:55dlp5I9jyc4UjzlrcKMnq,spotify:artist:0hFSUykrqfVXac7E3ZpiaH,3
5408,spotify:artist:55dlp5I9jyc4UjzlrcKMnq,spotify:artist:6PBv8t9YTLggA9ZMwpeoqj,3
5409,spotify:artist:55dlp5I9jyc4UjzlrcKMnq,spotify:artist:3Wok7FweiLrlia97LMCJh1,3
5410,spotify:artist:55dlp5I9jyc4UjzlrcKMnq,spotify:artist:2zAvisjImPICTNsRgagqlV,3
5411,spotify:artist:55dlp5I9jyc4UjzlrcKMnq,spotify:artist:5P1tdwsQdI6z9MXXfmYRDS,3
5412,spotify:artist:55dlp5I9jyc4UjzlrcKMnq,spotify:artist:339qxEdD8z8okRAiTp1HKf,3
5413,spotify:artist:55dlp5I9jyc4UjzlrcKMnq,spotify:artist:4RIOH6XCUt1Xr8NLUj2u66,3
5414,spotify:artist:55dlp5I9jyc4UjzlrcKMnq,spotify:artist:762Lq0yk2VhjIfkTVDzlhv,3
5415,spotify:artist:55dlp5I9jyc4UjzlrcKMnq,spotify:artist:1symcfB0KMf0vEg2nE1pHZ,3
5416,spotify:artist:55dlp5I9jyc4UjzlrcKMnq,spotify:artist:53HMXaQpXt5m6cBJNO5OFX,3
5417,spotify:artist:55dlp5I9jyc4UjzlrcKMnq,spotify:artist:50sSN9E5i4DJzYDclAXlSo,3
5418,spotify:artist:55dlp5I9jyc4UjzlrcKMnq,spotify:artist:0WISkx0PwT6lYWdPqKUJY8,3
5419,spotify:artist:55dlp5I9jyc4UjzlrcKMnq,spotify:artist:62NNHMoDbLSbR3THDaFNO7,3
5420,spotify:artist:2oAKV8mT3NB1hZbGbGcdYB,spotify:artist:339qxEdD8z8okRAiTp1HKf,3
5421,spotify:artist:2oAKV8mT3NB1hZbGbGcdYB,spotify:artist:6MnQV8O2R0Oci41F4HLB59,3
5422,spotify:artist:2oAKV8mT3NB1hZbGbGcdYB,spotify:artist:3Rdkj77BOQHj5dTLveCJvI,3
5423,spotify:artist:2oAKV8mT3NB1hZbGbGcdYB,spotify:artist:2Lhs0asnFQiLuntn3s8p78,3
5424,spotify:artist:2oAKV8mT3NB1hZbGbGcdYB,spotify:artist:5tgz5nUmXzQkGo7i0RczvC,3
5425,spotify:artist:2oAKV8mT3NB1hZbGbGcdYB,spotify:artist:2zTCLiQ8OUIWEyV6eZWzFy,3
5426,spotify:artist:2oAKV8mT3NB1hZbGbGcdYB,spotify:artist:7EFfGZiKL1Ud3cspnlMq4H,3
5427,spotify:artist:2oAKV8mT3NB1hZbGbGcdYB,spotify:artist:2k07pWgpJiFIbb9q1yJ36B,3
5428,spotify:artist:2oAKV8mT3NB1hZbGbGcdYB,spotify:artist:4tBNwdhdWAXGzzaPTp9dRE,3
5429,spotify:artist:2oAKV8mT3NB1hZbGbGcdYB,spotify:artist:70gvc4NvTwgBpEB1goYy8z,3
5430,spotify:artist:2oAKV8mT3NB1hZbGbGcdYB,spotify:artist:1OmdWpAh1pucAuZPzJaxIJ,3
5431,spotify:artist:2oAKV8mT3NB1hZbGbGcdYB,spotify:artist:2zAvisjImPICTNsRgagqlV,3
5432,spotify:artist:2oAKV8mT3NB1hZbGbGcdYB,spotify:artist:0TeVWuc8Sw05X4Qkl3AA5r,3
5433,spotify:artist:2oAKV8mT3NB1hZbGbGcdYB,spotify:artist:3uQ5cxFHxXddqPL58egs1z,3
5434,spotify:artist:2oAKV8mT3NB1hZbGbGcdYB,spotify:artist:2l7DkzVuYJW700mR7r43un,3
5435,spotify:artist:2oAKV8mT3NB1hZbGbGcdYB,spotify:artist:6M5FR3JkFFVDkgwtO6Vtz6,3
5436,spotify:artist:2oAKV8mT3NB1hZbGbGcdYB,spotify:artist:08w6KQXL60XUftg3Ds3177,3
5437,spotify:artist:2oAKV8mT3NB1hZbGbGcdYB,spotify:artist:72PnPUc1qv9UjRPaGVZ1jq,3
5438,spotify:artist:2oAKV8mT3NB1hZbGbGcdYB,spotify:artist:0qt6QSruHshcWT9QOzyfZp,3
5439,spotify:artist:2oAKV8mT3NB1hZbGbGcdYB,spotify:artist:2EEw2tt8AJcH9qXUeB96Oc,3
5440,spotify:artist:2dxi3wnJ9h9kNioaWyIpYd,spotify:artist:7IDrRpDz0cOuUVC32c8PKD,3
5441,spotify:artist:2dxi3wnJ9h9kNioaWyIpYd,spotify:artist:0lmPazVDvsQ8FXDcBfKc6r,3
5442,spotify:artist:2dxi3wnJ9h9kNioaWyIpYd,spotify:artist:0hFSUykrqfVXac7E3ZpiaH,3
5443,spotify:artist:2dxi3wnJ9h9kNioaWyIpYd,spotify:artist:1fpXM23IoNckJ7NDAm8YJQ,3
5444,spotify:artist:2dxi3wnJ9h9kNioaWyIpYd,spotify:artist:6paRdA1dkAEb0dWcIS4TOp,3
5445,spotify:artist:2dxi3wnJ9h9kNioaWyIpYd,spotify:artist:0fWvSXbvztkeHEnEuYvU2A,3
5446,spotify:artist:2dxi3wnJ9h9kNioaWyIpYd,spotify:artist:762Lq0yk2VhjIfkTVDzlhv,3
5447,spotify:artist:2dxi3wnJ9h9kNioaWyIpYd,spotify:artist:55dlp5I9jyc4UjzlrcKMnq,3
5448,spotify:artist:2dxi3wnJ9h9kNioaWyIpYd,spotify:artist:6wBUn8gMP85n8dPu6LoUcF,3
5449,spotify:artist:2dxi3wnJ9h9kNioaWyIpYd,spotify:artist:0WISkx0PwT6lYWdPqKUJY8,3
5450,spotify:artist:2dxi3wnJ9h9kNioaWyIpYd,spotify:artist:4DD6xBZ1INIT3yGJRQLzej,3
5451,spotify:artist:2dxi3wnJ9h9kNioaWyIpYd,spotify:artist:3dmSPhg0tdao8ePj4pySJ5,3
5452,spotify:artist:2dxi3wnJ9h9kNioaWyIpYd,spotify:artist:4tXPSo0qk91VMP3wFxL0Fo,3
5453,spotify:artist:2dxi3wnJ9h9kNioaWyIpYd,spotify:artist:74o9NlWEiftu6kvoDpIpAA,3
5454,spotify:artist:2dxi3wnJ9h9kNioaWyIpYd,spotify:artist:3N6WAAPHoIjo6na008793X,3
5455,spotify:artist:2dxi3wnJ9h9kNioaWyIpYd,spotify:artist:5aD0uh1BpYTN7AzhiSDgaO,3
5456,spotify:artist:2dxi3wnJ9h9kNioaWyIpYd,spotify:artist:1PokjXeIq2zVosXbTEaNlx,3
5457,spotify:artist:2dxi3wnJ9h9kNioaWyIpYd,spotify:artist:4L1danWWAgSc0b7nBgY9CB,3
5458,spotify:artist:2dxi3wnJ9h9kNioaWyIpYd,spotify:artist:30XB6UJMhn7v7ZDX2GlIsM,3
5459,spotify:artist:2dxi3wnJ9h9kNioaWyIpYd,spotify:artist:4oV5EVJ0XFWsJKoOvdRPvl,3
5460,spotify:artist:3uQ5cxFHxXddqPL58egs1z,spotify:artist:4tBNwdhdWAXGzzaPTp9dRE,3
5461,spotify:artist:3uQ5cxFHxXddqPL58egs1z,spotify:artist:2k07pWgpJiFIbb9q1yJ36B,3
5462,spotify:artist:3uQ5cxFHxXddqPL58egs1z,spotify:artist:2l7DkzVuYJW700mR7r43un,3
5463,spotify:artist:3uQ5cxFHxXddqPL58egs1z,spotify:artist:2zAvisjImPICTNsRgagqlV,3
5464,spotify:artist:3uQ5cxFHxXddqPL58egs1z,spotify:artist:0qt6QSruHshcWT9QOzyfZp,3
5465,spotify:artist:3uQ5cxFHxXddqPL58egs1z,spotify:artist:4G0XDEk7RbA4BBCTs917U9,3
5466,spotify:artist:3uQ5cxFHxXddqPL58egs1z,spotify:artist:2ajVJyxI4sHmTMtTA3ENko,3
5467,spotify:artist:3uQ5cxFHxXddqPL58egs1z,spotify:artist:7EFfGZiKL1Ud3cspnlMq4H,3
5468,spotify:artist:3uQ5cxFHxXddqPL58egs1z,spotify:artist:79JJCxCCfJ8HufX6w8q2k4,3
5469,spotify:artist:3uQ5cxFHxXddqPL58egs1z,spotify:artist:2Lhs0asnFQiLuntn3s8p78,3
5470,spotify:artist:3uQ5cxFHxXddqPL58egs1z,spotify:artist:2EEw2tt8AJcH9qXUeB96Oc,3
5471,spotify:artist:3uQ5cxFHxXddqPL58egs1z,spotify:artist:2GATzeg62cr6sH29wSOVWe,3
5472,spotify:artist:3uQ5cxFHxXddqPL58egs1z,spotify:artist:3gSfOAPCvsDDVDBeSLl9v6,3
5473,spotify:artist:3uQ5cxFHxXddqPL58egs1z,spotify:artist:0wz0jO9anccPzH04N7FLBH,3
5474,spotify:artist:3uQ5cxFHxXddqPL58egs1z,spotify:artist:57kIMCLPgkzQlXjblX7XXP,3
5475,spotify:artist:3uQ5cxFHxXddqPL58egs1z,spotify:artist:7gqsi6aBSkRMJoL9psKqMr,3
5476,spotify:artist:3uQ5cxFHxXddqPL58egs1z,spotify:artist:0Z6hyoqGpchajBS8Gt3c0l,3
5477,spotify:artist:3uQ5cxFHxXddqPL58egs1z,spotify:artist:2rDxtYUzTAYJJE3Bl3Z5IN,3
5478,spotify:artist:3uQ5cxFHxXddqPL58egs1z,spotify:artist:3mv2eHwrIONSkviASDMRMa,3
5479,spotify:artist:3uQ5cxFHxXddqPL58egs1z,spotify:artist:64tVHZVSAZhDEiOJxnb6hE,3
5480,spotify:artist:0IpDaO9A1OW1h0YChKzVaX,spotify:artist:4UXJsSlnKd7ltsrHebV79Q,3
5481,spotify:artist:0IpDaO9A1OW1h0YChKzVaX,spotify:artist:1RM5gp0RFfjpJhCYFPB30p,3
5482,spotify:artist:0IpDaO9A1OW1h0YChKzVaX,spotify:artist:2NOhotupwYbKRNJF7LMDPG,3
5483,spotify:artist:0IpDaO9A1OW1h0YChKzVaX,spotify:artist:5RyAbJ3y4yw8EbDcRblB8S,3
5484,spotify:artist:0IpDaO9A1OW1h0YChKzVaX,spotify:artist:1fpXM23IoNckJ7NDAm8YJQ,3
5485,spotify:artist:0IpDaO9A1OW1h0YChKzVaX,spotify:artist:5I2hMUcztc6QbzkyLskdt4,3
5486,spotify:artist:0IpDaO9A1OW1h0YChKzVaX,spotify:artist:3QgSmABpItIdj908ek80n5,3
5487,spotify:artist:0IpDaO9A1OW1h0YChKzVaX,spotify:artist:12VaqyEhgwDRuFfEqbnrpz,3
5488,spotify:artist:0IpDaO9A1OW1h0YChKzVaX,spotify:artist:1ScuQ8TIlsmpeThaI18gYC,3
5489,spotify:artist:0IpDaO9A1OW1h0YChKzVaX,spotify:artist:3Un18X4NF1bpjgUk44lUzn,3
5490,spotify:artist:0IpDaO9A1OW1h0YChKzVaX,spotify:artist:3dmSPhg0tdao8ePj4pySJ5,3
5491,spotify:artist:0IpDaO9A1OW1h0YChKzVaX,spotify:artist:1JHNDcYDgecLVApixUMQY2,3
5492,spotify:artist:0IpDaO9A1OW1h0YChKzVaX,spotify:artist:7KomCxZv6D5qCVvefwMnwB,3
5493,spotify:artist:0IpDaO9A1OW1h0YChKzVaX,spotify:artist:6WoTvA9qinpHtSRJuldYh6,3
5494,spotify:artist:0IpDaO9A1OW1h0YChKzVaX,spotify:artist:4gfb9GJ7RvxktLETnC4Afo,3
5495,spotify:artist:0IpDaO9A1OW1h0YChKzVaX,spotify:artist:4AZab8zo2nTYd7ORDmQu0V,3
5496,spotify:artist:0IpDaO9A1OW1h0YChKzVaX,spotify:artist:1QUsHFoDqNsC0W9AlNyHWF,3
5497,spotify:artist:0IpDaO9A1OW1h0YChKzVaX,spotify:artist:188gwh9RnRT58ZQPwqwHE3,3
5498,spotify:artist:0IpDaO9A1OW1h0YChKzVaX,spotify:artist:6uVeWolwyRDrT84lLsaZyW,3
5499,spotify:artist:0IpDaO9A1OW1h0YChKzVaX,spotify:artist:77oD8X9qLXZhpbCjv53l5n,3
5500,spotify:artist:04tBaW21jyUfeP5iqiKBVq,spotify:artist:5MWBg16f5UYiaSlyVhzlIW,3
5501,spotify:artist:04tBaW21jyUfeP5iqiKBVq,spotify:artist:2aVHDjRHRM7dcFkGwahXLG,3
5502,spotify:artist:04tBaW21jyUfeP5iqiKBVq,spotify:artist:49WlsIvcUYj7Awo93hDKgf,3
5503,spotify:artist:04tBaW21jyUfeP5iqiKBVq,spotify:artist:6zHRqvws8dVeqL8D31ponr,3
5504,spotify:artist:04tBaW21jyUfeP5iqiKBVq,spotify:artist:5iksmHDN2qZQcgFfXqIXtT,3
5505,spotify:artist:04tBaW21jyUfeP5iqiKBVq,spotify:artist:5k5yIvxtsqHqWrRBF3nhSY,3
5506,spotify:artist:04tBaW21jyUfeP5iqiKBVq,spotify:artist:0IwlY33zbBXN7zlS9DP2Cj,3
5507,spotify:artist:04tBaW21jyUfeP5iqiKBVq,spotify:artist:6WoTvA9qinpHtSRJuldYh6,3
5508,spotify:artist:04tBaW21jyUfeP5iqiKBVq,spotify:artist:6uVeWolwyRDrT84lLsaZyW,3
5509,spotify:artist:04tBaW21jyUfeP5iqiKBVq,spotify:artist:7fh7bwX9qV60tLxxsp9bTe,3
5510,spotify:artist:04tBaW21jyUfeP5iqiKBVq,spotify:artist:4l8xPGtl6DHR2uvunqrl8r,3
5511,spotify:artist:04tBaW21jyUfeP5iqiKBVq,spotify:artist:2k8kY9zHUWxuTtwV4UutHw,3
5512,spotify:artist:04tBaW21jyUfeP5iqiKBVq,spotify:artist:3iJJD5v7oIFUevW4N5w5cj,3
5513,spotify:artist:04tBaW21jyUfeP5iqiKBVq,spotify:artist:040Bv6cZTRh30LyyYVXgJX,3
5514,spotify:artist:04tBaW21jyUfeP5iqiKBVq,spotify:artist:2IkwqvwEnXFlZEq6eFP1wL,3
5515,spotify:artist:04tBaW21jyUfeP5iqiKBVq,spotify:artist:2CqEOngQOOMstJupNn6Hmf,3
5516,spotify:artist:04tBaW21jyUfeP5iqiKBVq,spotify:artist:1dKzjmxVJw8SSE0LVxW2Dp,3
5517,spotify:artist:04tBaW21jyUfeP5iqiKBVq,spotify:artist:77oD8X9qLXZhpbCjv53l5n,3
5518,spotify:artist:04tBaW21jyUfeP5iqiKBVq,spotify:artist:4yBBNmdvVaoPEnr2lt14q7,3
5519,spotify:artist:04tBaW21jyUfeP5iqiKBVq,spotify:artist:3SMY2MGuaUOhuPpgRn6clw,3
5520,spotify:artist:08w6KQXL60XUftg3Ds3177,spotify:artist:6MnQV8O2R0Oci41F4HLB59,3
5521,spotify:artist:08w6KQXL60XUftg3Ds3177,spotify:artist:339qxEdD8z8okRAiTp1HKf,3
5522,spotify:artist:08w6KQXL60XUftg3Ds3177,spotify:artist:6i5q5T7CbwuAyAMdDIkhvQ,3
5523,spotify:artist:08w6KQXL60XUftg3Ds3177,spotify:artist:188gwh9RnRT58ZQPwqwHE3,3
5524,spotify:artist:08w6KQXL60XUftg3Ds3177,spotify:artist:2oAKV8mT3NB1hZbGbGcdYB,3
5525,spotify:artist:08w6KQXL60XUftg3Ds3177,spotify:artist:0C8DFnoT192R5pDy0kRnrP,3
5526,spotify:artist:08w6KQXL60XUftg3Ds3177,spotify:artist:70gvc4NvTwgBpEB1goYy8z,3
5527,spotify:artist:08w6KQXL60XUftg3Ds3177,spotify:artist:72PnPUc1qv9UjRPaGVZ1jq,3
5528,spotify:artist:08w6KQXL60XUftg3Ds3177,spotify:artist:2Lc049MATwWRm2VpfB74YW,3
5529,spotify:artist:08w6KQXL60XUftg3Ds3177,spotify:artist:2zTCLiQ8OUIWEyV6eZWzFy,3
5530,spotify:artist:08w6KQXL60XUftg3Ds3177,spotify:artist:5JFS60r6NwiQfX8Ue29JHL,3
5531,spotify:artist:08w6KQXL60XUftg3Ds3177,spotify:artist:7EFfGZiKL1Ud3cspnlMq4H,3
5532,spotify:artist:08w6KQXL60XUftg3Ds3177,spotify:artist:3Rdkj77BOQHj5dTLveCJvI,3
5533,spotify:artist:08w6KQXL60XUftg3Ds3177,spotify:artist:1XW5L5zIBqMw7sqkkuIi5n,3
5534,spotify:artist:08w6KQXL60XUftg3Ds3177,spotify:artist:3dmSPhg0tdao8ePj4pySJ5,3
5535,spotify:artist:08w6KQXL60XUftg3Ds3177,spotify:artist:3WNuXg2cfUF1m2ol7bh5ff,3
5536,spotify:artist:08w6KQXL60XUftg3Ds3177,spotify:artist:2Lhs0asnFQiLuntn3s8p78,3
5537,spotify:artist:08w6KQXL60XUftg3Ds3177,spotify:artist:0TeVWuc8Sw05X4Qkl3AA5r,3
5538,spotify:artist:08w6KQXL60XUftg3Ds3177,spotify:artist:0dpglhdTlof5BS5LX7uJmg,3
5539,spotify:artist:08w6KQXL60XUftg3Ds3177,spotify:artist:31ir0nQWMLTowZmZO8CiBw,3
5540,spotify:artist:7gqsi6aBSkRMJoL9psKqMr,spotify:artist:2l7DkzVuYJW700mR7r43un,3
5541,spotify:artist:7gqsi6aBSkRMJoL9psKqMr,spotify:artist:4ePunOqQbOYoQwd1298g3Z,3
5542,spotify:artist:7gqsi6aBSkRMJoL9psKqMr,spotify:artist:3lmR0qMiGuoIF9UC54egcG,3
5543,spotify:artist:7gqsi6aBSkRMJoL9psKqMr,spotify:artist:5poU7FPEYoBlwjzOEWMbX5,3
5544,spotify:artist:7gqsi6aBSkRMJoL9psKqMr,spotify:artist:6fxk3UXHTFYET8qCT9WlBF,3
5545,spotify:artist:7gqsi6aBSkRMJoL9psKqMr,spotify:artist:2zAvisjImPICTNsRgagqlV,3
5546,spotify:artist:7gqsi6aBSkRMJoL9psKqMr,spotify:artist:2Lhs0asnFQiLuntn3s8p78,3
5547,spotify:artist:7gqsi6aBSkRMJoL9psKqMr,spotify:artist:2ajVJyxI4sHmTMtTA3ENko,3
5548,spotify:artist:7gqsi6aBSkRMJoL9psKqMr,spotify:artist:2iUVQjheBnvOt8vaBrxXJz,3
5549,spotify:artist:7gqsi6aBSkRMJoL9psKqMr,spotify:artist:79JJCxCCfJ8HufX6w8q2k4,3
5550,spotify:artist:7gqsi6aBSkRMJoL9psKqMr,spotify:artist:1VfgWum48nwYJcCfdPwWgs,3
5551,spotify:artist:7gqsi6aBSkRMJoL9psKqMr,spotify:artist:2rDxtYUzTAYJJE3Bl3Z5IN,3
5552,spotify:artist:7gqsi6aBSkRMJoL9psKqMr,spotify:artist:3uQ5cxFHxXddqPL58egs1z,3
5553,spotify:artist:7gqsi6aBSkRMJoL9psKqMr,spotify:artist:1ll45mCZIveI9KHNZx2DdS,3
5554,spotify:artist:7gqsi6aBSkRMJoL9psKqMr,spotify:artist:4G0XDEk7RbA4BBCTs917U9,3
5555,spotify:artist:7gqsi6aBSkRMJoL9psKqMr,spotify:artist:7uLXW75DlTRahz2WKJZGeO,3
5556,spotify:artist:7gqsi6aBSkRMJoL9psKqMr,spotify:artist:5O5V29YvM6AzAQ0rNt59fy,3
5557,spotify:artist:7gqsi6aBSkRMJoL9psKqMr,spotify:artist:0qt6QSruHshcWT9QOzyfZp,3
5558,spotify:artist:7gqsi6aBSkRMJoL9psKqMr,spotify:artist:0LZac5VicY19QLaIUvIB0G,3
5559,spotify:artist:7gqsi6aBSkRMJoL9psKqMr,spotify:artist:2k07pWgpJiFIbb9q1yJ36B,3
5560,spotify:artist:6g8Jqb5JMfv92eB2r0awTN,spotify:artist:49EgLhJzWZZMwlCHlL088h,3
5561,spotify:artist:6g8Jqb5JMfv92eB2r0awTN,spotify:artist:6e6GkaF6uiSEFuTrlvDJUF,3
5562,spotify:artist:6g8Jqb5JMfv92eB2r0awTN,spotify:artist:2GATzeg62cr6sH29wSOVWe,3
5563,spotify:artist:6g8Jqb5JMfv92eB2r0awTN,spotify:artist:0wz0jO9anccPzH04N7FLBH,3
5564,spotify:artist:6g8Jqb5JMfv92eB2r0awTN,spotify:artist:1555UFA4CyCnJEzCKikGHe,3
5565,spotify:artist:6g8Jqb5JMfv92eB2r0awTN,spotify:artist:2lnVaJjmDvrFi3Pyf1sGxI,3
5566,spotify:artist:6g8Jqb5JMfv92eB2r0awTN,spotify:artist:4wavWMHhIiUXxwCuWsHzXo,3
5567,spotify:artist:6g8Jqb5JMfv92eB2r0awTN,spotify:artist:3dmSPhg0tdao8ePj4pySJ5,3
5568,spotify:artist:6g8Jqb5JMfv92eB2r0awTN,spotify:artist:64tVHZVSAZhDEiOJxnb6hE,3
5569,spotify:artist:6g8Jqb5JMfv92eB2r0awTN,spotify:artist:77oD8X9qLXZhpbCjv53l5n,3
5570,spotify:artist:6g8Jqb5JMfv92eB2r0awTN,spotify:artist:2ajVJyxI4sHmTMtTA3ENko,3
5571,spotify:artist:6g8Jqb5JMfv92eB2r0awTN,spotify:artist:7zYJsSA3SfPKvFyP80zLmL,3
5572,spotify:artist:6g8Jqb5JMfv92eB2r0awTN,spotify:artist:0qt6QSruHshcWT9QOzyfZp,3
5573,spotify:artist:6g8Jqb5JMfv92eB2r0awTN,spotify:artist:4G0XDEk7RbA4BBCTs917U9,3
5574,spotify:artist:6g8Jqb5JMfv92eB2r0awTN,spotify:artist:5SP6T04F8Ic9oftMVfdKkp,3
5575,spotify:artist:6g8Jqb5JMfv92eB2r0awTN,spotify:artist:4taetje8eIs1EX1xtjVXaF,3
5576,spotify:artist:6g8Jqb5JMfv92eB2r0awTN,spotify:artist:3uQ5cxFHxXddqPL58egs1z,3
5577,spotify:artist:6g8Jqb5JMfv92eB2r0awTN,spotify:artist:2zAvisjImPICTNsRgagqlV,3
5578,spotify:artist:6g8Jqb5JMfv92eB2r0awTN,spotify:artist:5zhn89Em2jWUUWdpcLO3YL,3
5579,spotify:artist:6g8Jqb5JMfv92eB2r0awTN,spotify:artist:2l7DkzVuYJW700mR7r43un,3
5580,spotify:artist:1OmdWpAh1pucAuZPzJaxIJ,spotify:artist:339qxEdD8z8okRAiTp1HKf,3
5581,spotify:artist:1OmdWpAh1pucAuZPzJaxIJ,spotify:artist:2Lhs0asnFQiLuntn3s8p78,3
5582,spotify:artist:1OmdWpAh1pucAuZPzJaxIJ,spotify:artist:2oAKV8mT3NB1hZbGbGcdYB,3
5583,spotify:artist:1OmdWpAh1pucAuZPzJaxIJ,spotify:artist:2k07pWgpJiFIbb9q1yJ36B,3
5584,spotify:artist:1OmdWpAh1pucAuZPzJaxIJ,spotify:artist:2zAvisjImPICTNsRgagqlV,3
5585,spotify:artist:1OmdWpAh1pucAuZPzJaxIJ,spotify:artist:3uQ5cxFHxXddqPL58egs1z,3
5586,spotify:artist:1OmdWpAh1pucAuZPzJaxIJ,spotify:artist:3dmSPhg0tdao8ePj4pySJ5,3
5587,spotify:artist:1OmdWpAh1pucAuZPzJaxIJ,spotify:artist:2rDxtYUzTAYJJE3Bl3Z5IN,3
5588,spotify:artist:1OmdWpAh1pucAuZPzJaxIJ,spotify:artist:6nXSnNEdLuKTzAQozRtqiI,3
5589,spotify:artist:1OmdWpAh1pucAuZPzJaxIJ,spotify:artist:79JJCxCCfJ8HufX6w8q2k4,3
5590,spotify:artist:1OmdWpAh1pucAuZPzJaxIJ,spotify:artist:57kIMCLPgkzQlXjblX7XXP,3
5591,spotify:artist:1OmdWpAh1pucAuZPzJaxIJ,spotify:artist:188gwh9RnRT58ZQPwqwHE3,3
5592,spotify:artist:1OmdWpAh1pucAuZPzJaxIJ,spotify:artist:4Cedjq5BQL3MhapRvDpFED,3
5593,spotify:artist:1OmdWpAh1pucAuZPzJaxIJ,spotify:artist:2ajVJyxI4sHmTMtTA3ENko,3
5594,spotify:artist:1OmdWpAh1pucAuZPzJaxIJ,spotify:artist:72PnPUc1qv9UjRPaGVZ1jq,3
5595,spotify:artist:1OmdWpAh1pucAuZPzJaxIJ,spotify:artist:2UDplVRprMbazU74Hq8OLl,3
5596,spotify:artist:1OmdWpAh1pucAuZPzJaxIJ,spotify:artist:7gqsi6aBSkRMJoL9psKqMr,3
5597,spotify:artist:1OmdWpAh1pucAuZPzJaxIJ,spotify:artist:2Plkkomsc4DKawkCioLKjc,3
5598,spotify:artist:1OmdWpAh1pucAuZPzJaxIJ,spotify:artist:4Ajgo7nAsTzjSFymIfBjZ1,3
5599,spotify:artist:1OmdWpAh1pucAuZPzJaxIJ,spotify:artist:0TeVWuc8Sw05X4Qkl3AA5r,3
5600,spotify:artist:1555UFA4CyCnJEzCKikGHe,spotify:artist:58bGdoz5bUtPMOTzueTBOy,3
5601,spotify:artist:1555UFA4CyCnJEzCKikGHe,spotify:artist:60CBjmRpwr02JwAd3Ho25U,3
5602,spotify:artist:1555UFA4CyCnJEzCKikGHe,spotify:artist:5lQ9ygSr6WMqXYsG00nNNY,3
5603,spotify:artist:1555UFA4CyCnJEzCKikGHe,spotify:artist:2GATzeg62cr6sH29wSOVWe,3
5604,spotify:artist:1555UFA4CyCnJEzCKikGHe,spotify:artist:0AOyxXRa4odDG1PisHJtKx,3
5605,spotify:artist:1555UFA4CyCnJEzCKikGHe,spotify:artist:7DnDHNnkHER4ompBXz1ibL,3
5606,spotify:artist:1555UFA4CyCnJEzCKikGHe,spotify:artist:5VnYwYnG7QmpzQtxyubIwh,3
5607,spotify:artist:1555UFA4CyCnJEzCKikGHe,spotify:artist:7LMO4vkA2xYpGYbzsggPbk,3
5608,spotify:artist:1555UFA4CyCnJEzCKikGHe,spotify:artist:0wz0jO9anccPzH04N7FLBH,3
5609,spotify:artist:1555UFA4CyCnJEzCKikGHe,spotify:artist:7uRuXWkNhoHhzpqDnaEJLJ,3
5610,spotify:artist:1555UFA4CyCnJEzCKikGHe,spotify:artist:6fLY0fk62ACnHx1QAWXvEZ,3
5611,spotify:artist:1555UFA4CyCnJEzCKikGHe,spotify:artist:5AyEXCtu3xnnsTGCo4RVZh,3
5612,spotify:artist:1555UFA4CyCnJEzCKikGHe,spotify:artist:4KM9dvP8pZwLy9z7J41kq3,3
5613,spotify:artist:1555UFA4CyCnJEzCKikGHe,spotify:artist:3SpA64SUzDeu1Q4MztoGw3,3
5614,spotify:artist:1555UFA4CyCnJEzCKikGHe,spotify:artist:6U1lmwvy3I9dIYu9RalJi6,3
5615,spotify:artist:1555UFA4CyCnJEzCKikGHe,spotify:artist:0QwH5InvCwfL4UbYkjP9pi,3
5616,spotify:artist:1555UFA4CyCnJEzCKikGHe,spotify:artist:376EkILFaF7BFBHr9Rzn7A,3
5617,spotify:artist:1555UFA4CyCnJEzCKikGHe,spotify:artist:4YjpqCSDD7zwMQgPYJMqb0,3
5618,spotify:artist:1555UFA4CyCnJEzCKikGHe,spotify:artist:4IwOItqRhsIoRuD5HP4vyC,3
5619,spotify:artist:1555UFA4CyCnJEzCKikGHe,spotify:artist:0pbIqPTefLfuOcbM2ojXdl,3
5620,spotify:artist:58bGdoz5bUtPMOTzueTBOy,spotify:artist:1555UFA4CyCnJEzCKikGHe,3
5621,spotify:artist:58bGdoz5bUtPMOTzueTBOy,spotify:artist:5lQ9ygSr6WMqXYsG00nNNY,3
5622,spotify:artist:58bGdoz5bUtPMOTzueTBOy,spotify:artist:60CBjmRpwr02JwAd3Ho25U,3
5623,spotify:artist:58bGdoz5bUtPMOTzueTBOy,spotify:artist:7DnDHNnkHER4ompBXz1ibL,3
5624,spotify:artist:58bGdoz5bUtPMOTzueTBOy,spotify:artist:0AOyxXRa4odDG1PisHJtKx,3
5625,spotify:artist:58bGdoz5bUtPMOTzueTBOy,spotify:artist:7uRuXWkNhoHhzpqDnaEJLJ,3
5626,spotify:artist:58bGdoz5bUtPMOTzueTBOy,spotify:artist:2GATzeg62cr6sH29wSOVWe,3
5627,spotify:artist:58bGdoz5bUtPMOTzueTBOy,spotify:artist:5koTBxO31TIzxRzBvsxzwH,3
5628,spotify:artist:58bGdoz5bUtPMOTzueTBOy,spotify:artist:3cr4dt9xFGBcEPMulGzSAY,3
5629,spotify:artist:58bGdoz5bUtPMOTzueTBOy,spotify:artist:7LMO4vkA2xYpGYbzsggPbk,3
5630,spotify:artist:58bGdoz5bUtPMOTzueTBOy,spotify:artist:3E0mWdVTnj9CjQ95ROn9tr,3
5631,spotify:artist:58bGdoz5bUtPMOTzueTBOy,spotify:artist:5VnYwYnG7QmpzQtxyubIwh,3
5632,spotify:artist:58bGdoz5bUtPMOTzueTBOy,spotify:artist:6U1lmwvy3I9dIYu9RalJi6,3
5633,spotify:artist:58bGdoz5bUtPMOTzueTBOy,spotify:artist:376EkILFaF7BFBHr9Rzn7A,3
5634,spotify:artist:58bGdoz5bUtPMOTzueTBOy,spotify:artist:3SpA64SUzDeu1Q4MztoGw3,3
5635,spotify:artist:58bGdoz5bUtPMOTzueTBOy,spotify:artist:0wz0jO9anccPzH04N7FLBH,3
5636,spotify:artist:58bGdoz5bUtPMOTzueTBOy,spotify:artist:6fLY0fk62ACnHx1QAWXvEZ,3
5637,spotify:artist:58bGdoz5bUtPMOTzueTBOy,spotify:artist:4KM9dvP8pZwLy9z7J41kq3,3
5638,spotify:artist:58bGdoz5bUtPMOTzueTBOy,spotify:artist:5AyEXCtu3xnnsTGCo4RVZh,3
5639,spotify:artist:58bGdoz5bUtPMOTzueTBOy,spotify:artist:6g8Jqb5JMfv92eB2r0awTN,3
5640,spotify:artist:3cr4dt9xFGBcEPMulGzSAY,spotify:artist:5wHiveROLh1eOGVqbqkBnj,3
5641,spotify:artist:3cr4dt9xFGBcEPMulGzSAY,spotify:artist:5lQ9ygSr6WMqXYsG00nNNY,3
5642,spotify:artist:3cr4dt9xFGBcEPMulGzSAY,spotify:artist:7uRuXWkNhoHhzpqDnaEJLJ,3
5643,spotify:artist:3cr4dt9xFGBcEPMulGzSAY,spotify:artist:5koTBxO31TIzxRzBvsxzwH,3
5644,spotify:artist:3cr4dt9xFGBcEPMulGzSAY,spotify:artist:3E0mWdVTnj9CjQ95ROn9tr,3
5645,spotify:artist:3cr4dt9xFGBcEPMulGzSAY,spotify:artist:58bGdoz5bUtPMOTzueTBOy,3
5646,spotify:artist:3cr4dt9xFGBcEPMulGzSAY,spotify:artist:60CBjmRpwr02JwAd3Ho25U,3
5647,spotify:artist:3cr4dt9xFGBcEPMulGzSAY,spotify:artist:1555UFA4CyCnJEzCKikGHe,3
5648,spotify:artist:3cr4dt9xFGBcEPMulGzSAY,spotify:artist:0BFRrMqOHuc1fxGWXMinHd,3
5649,spotify:artist:3cr4dt9xFGBcEPMulGzSAY,spotify:artist:7DnDHNnkHER4ompBXz1ibL,3
5650,spotify:artist:3cr4dt9xFGBcEPMulGzSAY,spotify:artist:3pDnwHQUEXbkNX3cvidKpG,3
5651,spotify:artist:3cr4dt9xFGBcEPMulGzSAY,spotify:artist:5VnYwYnG7QmpzQtxyubIwh,3
5652,spotify:artist:3cr4dt9xFGBcEPMulGzSAY,spotify:artist:1TTJJzHdc6IWChZrVpkr4k,3
5653,spotify:artist:3cr4dt9xFGBcEPMulGzSAY,spotify:artist:2GATzeg62cr6sH29wSOVWe,3
5654,spotify:artist:3cr4dt9xFGBcEPMulGzSAY,spotify:artist:0NPEah4tmoeHEbJzBiLZMb,3
5655,spotify:artist:3cr4dt9xFGBcEPMulGzSAY,spotify:artist:0AOyxXRa4odDG1PisHJtKx,3
5656,spotify:artist:3cr4dt9xFGBcEPMulGzSAY,spotify:artist:71ZjnwAyCVUWd6UsMbRtqf,3
5657,spotify:artist:3cr4dt9xFGBcEPMulGzSAY,spotify:artist:30QOKSvtQO1Zls49ISQjek,3
5658,spotify:artist:3cr4dt9xFGBcEPMulGzSAY,spotify:artist:4DjufFYghjnOyYcM7EeyQB,3
5659,spotify:artist:3cr4dt9xFGBcEPMulGzSAY,spotify:artist:6fLY0fk62ACnHx1QAWXvEZ,3
5660,spotify:artist:7uRuXWkNhoHhzpqDnaEJLJ,spotify:artist:5lQ9ygSr6WMqXYsG00nNNY,3
5661,spotify:artist:7uRuXWkNhoHhzpqDnaEJLJ,spotify:artist:3cr4dt9xFGBcEPMulGzSAY,3
5662,spotify:artist:7uRuXWkNhoHhzpqDnaEJLJ,spotify:artist:5wHiveROLh1eOGVqbqkBnj,3
5663,spotify:artist:7uRuXWkNhoHhzpqDnaEJLJ,spotify:artist:5koTBxO31TIzxRzBvsxzwH,3
5664,spotify:artist:7uRuXWkNhoHhzpqDnaEJLJ,spotify:artist:3E0mWdVTnj9CjQ95ROn9tr,3
5665,spotify:artist:7uRuXWkNhoHhzpqDnaEJLJ,spotify:artist:58bGdoz5bUtPMOTzueTBOy,3
5666,spotify:artist:7uRuXWkNhoHhzpqDnaEJLJ,spotify:artist:1555UFA4CyCnJEzCKikGHe,3
5667,spotify:artist:7uRuXWkNhoHhzpqDnaEJLJ,spotify:artist:60CBjmRpwr02JwAd3Ho25U,3
5668,spotify:artist:7uRuXWkNhoHhzpqDnaEJLJ,spotify:artist:1TTJJzHdc6IWChZrVpkr4k,3
5669,spotify:artist:7uRuXWkNhoHhzpqDnaEJLJ,spotify:artist:2GATzeg62cr6sH29wSOVWe,3
5670,spotify:artist:7uRuXWkNhoHhzpqDnaEJLJ,spotify:artist:0BFRrMqOHuc1fxGWXMinHd,3
5671,spotify:artist:7uRuXWkNhoHhzpqDnaEJLJ,spotify:artist:6fLY0fk62ACnHx1QAWXvEZ,3
5672,spotify:artist:7uRuXWkNhoHhzpqDnaEJLJ,spotify:artist:5VnYwYnG7QmpzQtxyubIwh,3
5673,spotify:artist:7uRuXWkNhoHhzpqDnaEJLJ,spotify:artist:7DnDHNnkHER4ompBXz1ibL,3
5674,spotify:artist:7uRuXWkNhoHhzpqDnaEJLJ,spotify:artist:3pDnwHQUEXbkNX3cvidKpG,3
5675,spotify:artist:7uRuXWkNhoHhzpqDnaEJLJ,spotify:artist:7LMO4vkA2xYpGYbzsggPbk,3
5676,spotify:artist:7uRuXWkNhoHhzpqDnaEJLJ,spotify:artist:71ZjnwAyCVUWd6UsMbRtqf,3
5677,spotify:artist:7uRuXWkNhoHhzpqDnaEJLJ,spotify:artist:0AOyxXRa4odDG1PisHJtKx,3
5678,spotify:artist:7uRuXWkNhoHhzpqDnaEJLJ,spotify:artist:0wz0jO9anccPzH04N7FLBH,3
5679,spotify:artist:7uRuXWkNhoHhzpqDnaEJLJ,spotify:artist:30QOKSvtQO1Zls49ISQjek,3
5680,spotify:artist:60CBjmRpwr02JwAd3Ho25U,spotify:artist:1555UFA4CyCnJEzCKikGHe,3
5681,spotify:artist:60CBjmRpwr02JwAd3Ho25U,spotify:artist:5lQ9ygSr6WMqXYsG00nNNY,3
5682,spotify:artist:60CBjmRpwr02JwAd3Ho25U,spotify:artist:58bGdoz5bUtPMOTzueTBOy,3
5683,spotify:artist:60CBjmRpwr02JwAd3Ho25U,spotify:artist:2GATzeg62cr6sH29wSOVWe,3
5684,spotify:artist:60CBjmRpwr02JwAd3Ho25U,spotify:artist:0AOyxXRa4odDG1PisHJtKx,3
5685,spotify:artist:60CBjmRpwr02JwAd3Ho25U,spotify:artist:5VnYwYnG7QmpzQtxyubIwh,3
5686,spotify:artist:60CBjmRpwr02JwAd3Ho25U,spotify:artist:7DnDHNnkHER4ompBXz1ibL,3
5687,spotify:artist:60CBjmRpwr02JwAd3Ho25U,spotify:artist:7LMO4vkA2xYpGYbzsggPbk,3
5688,spotify:artist:60CBjmRpwr02JwAd3Ho25U,spotify:artist:0wz0jO9anccPzH04N7FLBH,3
5689,spotify:artist:60CBjmRpwr02JwAd3Ho25U,spotify:artist:7uRuXWkNhoHhzpqDnaEJLJ,3
5690,spotify:artist:60CBjmRpwr02JwAd3Ho25U,spotify:artist:6fLY0fk62ACnHx1QAWXvEZ,3
5691,spotify:artist:60CBjmRpwr02JwAd3Ho25U,spotify:artist:5AyEXCtu3xnnsTGCo4RVZh,3
5692,spotify:artist:60CBjmRpwr02JwAd3Ho25U,spotify:artist:4IwOItqRhsIoRuD5HP4vyC,3
5693,spotify:artist:60CBjmRpwr02JwAd3Ho25U,spotify:artist:0QwH5InvCwfL4UbYkjP9pi,3
5694,spotify:artist:60CBjmRpwr02JwAd3Ho25U,spotify:artist:4YjpqCSDD7zwMQgPYJMqb0,3
5695,spotify:artist:60CBjmRpwr02JwAd3Ho25U,spotify:artist:4KM9dvP8pZwLy9z7J41kq3,3
5696,spotify:artist:60CBjmRpwr02JwAd3Ho25U,spotify:artist:7mbHdIVGBTlLC80ngEFJAI,3
5697,spotify:artist:60CBjmRpwr02JwAd3Ho25U,spotify:artist:5pSqmI85JYRSjUtpFsdoon,3
5698,spotify:artist:60CBjmRpwr02JwAd3Ho25U,spotify:artist:0pbIqPTefLfuOcbM2ojXdl,3
5699,spotify:artist:60CBjmRpwr02JwAd3Ho25U,spotify:artist:6U1lmwvy3I9dIYu9RalJi6,3
5700,spotify:artist:7DnDHNnkHER4ompBXz1ibL,spotify:artist:5lQ9ygSr6WMqXYsG00nNNY,3
5701,spotify:artist:7DnDHNnkHER4ompBXz1ibL,spotify:artist:1555UFA4CyCnJEzCKikGHe,3
5702,spotify:artist:7DnDHNnkHER4ompBXz1ibL,spotify:artist:58bGdoz5bUtPMOTzueTBOy,3
5703,spotify:artist:7DnDHNnkHER4ompBXz1ibL,spotify:artist:60CBjmRpwr02JwAd3Ho25U,3
5704,spotify:artist:7DnDHNnkHER4ompBXz1ibL,spotify:artist:2GATzeg62cr6sH29wSOVWe,3
5705,spotify:artist:7DnDHNnkHER4ompBXz1ibL,spotify:artist:0AOyxXRa4odDG1PisHJtKx,3
5706,spotify:artist:7DnDHNnkHER4ompBXz1ibL,spotify:artist:6U1lmwvy3I9dIYu9RalJi6,3
5707,spotify:artist:7DnDHNnkHER4ompBXz1ibL,spotify:artist:5AyEXCtu3xnnsTGCo4RVZh,3
5708,spotify:artist:7DnDHNnkHER4ompBXz1ibL,spotify:artist:7uRuXWkNhoHhzpqDnaEJLJ,3
5709,spotify:artist:7DnDHNnkHER4ompBXz1ibL,spotify:artist:376EkILFaF7BFBHr9Rzn7A,3
5710,spotify:artist:7DnDHNnkHER4ompBXz1ibL,spotify:artist:2nUbg56ljfs5oXyB1UNiY8,3
5711,spotify:artist:7DnDHNnkHER4ompBXz1ibL,spotify:artist:5koTBxO31TIzxRzBvsxzwH,3
5712,spotify:artist:7DnDHNnkHER4ompBXz1ibL,spotify:artist:4Vtlz5IfA9y4EBwmp20wwk,3
5713,spotify:artist:7DnDHNnkHER4ompBXz1ibL,spotify:artist:6guTJsgPymDUVfqDJyz5UG,3
5714,spotify:artist:7DnDHNnkHER4ompBXz1ibL,spotify:artist:4jSYHcSo85heWskYvAULio,3
5715,spotify:artist:7DnDHNnkHER4ompBXz1ibL,spotify:artist:2ajVJyxI4sHmTMtTA3ENko,3
5716,spotify:artist:7DnDHNnkHER4ompBXz1ibL,spotify:artist:0Zk7We5BZoDR40himAI86D,3
5717,spotify:artist:7DnDHNnkHER4ompBXz1ibL,spotify:artist:0QwH5InvCwfL4UbYkjP9pi,3
5718,spotify:artist:7DnDHNnkHER4ompBXz1ibL,spotify:artist:3xZBpeXHkSjTKQIR1OeKN0,3
5719,spotify:artist:7DnDHNnkHER4ompBXz1ibL,spotify:artist:0ihBDeJlIlXo4LFfAllsGm,3
5720,spotify:artist:5koTBxO31TIzxRzBvsxzwH,spotify:artist:5wHiveROLh1eOGVqbqkBnj,3
5721,spotify:artist:5koTBxO31TIzxRzBvsxzwH,spotify:artist:3E0mWdVTnj9CjQ95ROn9tr,3
5722,spotify:artist:5koTBxO31TIzxRzBvsxzwH,spotify:artist:5lQ9ygSr6WMqXYsG00nNNY,3
5723,spotify:artist:5koTBxO31TIzxRzBvsxzwH,spotify:artist:3cr4dt9xFGBcEPMulGzSAY,3
5724,spotify:artist:5koTBxO31TIzxRzBvsxzwH,spotify:artist:7uRuXWkNhoHhzpqDnaEJLJ,3
5725,spotify:artist:5koTBxO31TIzxRzBvsxzwH,spotify:artist:58bGdoz5bUtPMOTzueTBOy,3
5726,spotify:artist:5koTBxO31TIzxRzBvsxzwH,spotify:artist:1TTJJzHdc6IWChZrVpkr4k,3
5727,spotify:artist:5koTBxO31TIzxRzBvsxzwH,spotify:artist:1555UFA4CyCnJEzCKikGHe,3
5728,spotify:artist:5koTBxO31TIzxRzBvsxzwH,spotify:artist:2GATzeg62cr6sH29wSOVWe,3
5729,spotify:artist:5koTBxO31TIzxRzBvsxzwH,spotify:artist:7DnDHNnkHER4ompBXz1ibL,3
5730,spotify:artist:5koTBxO31TIzxRzBvsxzwH,spotify:artist:0BFRrMqOHuc1fxGWXMinHd,3
5731,spotify:artist:5koTBxO31TIzxRzBvsxzwH,spotify:artist:60CBjmRpwr02JwAd3Ho25U,3
5732,spotify:artist:5koTBxO31TIzxRzBvsxzwH,spotify:artist:0wz0jO9anccPzH04N7FLBH,3
5733,spotify:artist:5koTBxO31TIzxRzBvsxzwH,spotify:artist:3pDnwHQUEXbkNX3cvidKpG,3
5734,spotify:artist:5koTBxO31TIzxRzBvsxzwH,spotify:artist:71ZjnwAyCVUWd6UsMbRtqf,3
5735,spotify:artist:5koTBxO31TIzxRzBvsxzwH,spotify:artist:0AOyxXRa4odDG1PisHJtKx,3
5736,spotify:artist:5koTBxO31TIzxRzBvsxzwH,spotify:artist:5VnYwYnG7QmpzQtxyubIwh,3
5737,spotify:artist:5koTBxO31TIzxRzBvsxzwH,spotify:artist:4DjufFYghjnOyYcM7EeyQB,3
5738,spotify:artist:5koTBxO31TIzxRzBvsxzwH,spotify:artist:1XW5L5zIBqMw7sqkkuIi5n,3
5739,spotify:artist:5koTBxO31TIzxRzBvsxzwH,spotify:artist:7LMO4vkA2xYpGYbzsggPbk,3
5740,spotify:artist:2GATzeg62cr6sH29wSOVWe,spotify:artist:4G0XDEk7RbA4BBCTs917U9,3
5741,spotify:artist:2GATzeg62cr6sH29wSOVWe,spotify:artist:1555UFA4CyCnJEzCKikGHe,3
5742,spotify:artist:2GATzeg62cr6sH29wSOVWe,spotify:artist:0qt6QSruHshcWT9QOzyfZp,3
5743,spotify:artist:2GATzeg62cr6sH29wSOVWe,spotify:artist:0wz0jO9anccPzH04N7FLBH,3
5744,spotify:artist:2GATzeg62cr6sH29wSOVWe,spotify:artist:5VnYwYnG7QmpzQtxyubIwh,3
5745,spotify:artist:2GATzeg62cr6sH29wSOVWe,spotify:artist:60CBjmRpwr02JwAd3Ho25U,3
5746,spotify:artist:2GATzeg62cr6sH29wSOVWe,spotify:artist:5lQ9ygSr6WMqXYsG00nNNY,3
5747,spotify:artist:2GATzeg62cr6sH29wSOVWe,spotify:artist:3uQ5cxFHxXddqPL58egs1z,3
5748,spotify:artist:2GATzeg62cr6sH29wSOVWe,spotify:artist:4jSYHcSo85heWskYvAULio,3
5749,spotify:artist:2GATzeg62cr6sH29wSOVWe,spotify:artist:2ajVJyxI4sHmTMtTA3ENko,3
5750,spotify:artist:2GATzeg62cr6sH29wSOVWe,spotify:artist:6uHjKRsYGaElOrKWlSEji3,3
5751,spotify:artist:2GATzeg62cr6sH29wSOVWe,spotify:artist:7DnDHNnkHER4ompBXz1ibL,3
5752,spotify:artist:2GATzeg62cr6sH29wSOVWe,spotify:artist:64tVHZVSAZhDEiOJxnb6hE,3
5753,spotify:artist:2GATzeg62cr6sH29wSOVWe,spotify:artist:6guTJsgPymDUVfqDJyz5UG,3
5754,spotify:artist:2GATzeg62cr6sH29wSOVWe,spotify:artist:0QwH5InvCwfL4UbYkjP9pi,3
5755,spotify:artist:2GATzeg62cr6sH29wSOVWe,spotify:artist:7Ht57YadlBXcFJDK3plmhO,3
5756,spotify:artist:2GATzeg62cr6sH29wSOVWe,spotify:artist:5AyEXCtu3xnnsTGCo4RVZh,3
5757,spotify:artist:2GATzeg62cr6sH29wSOVWe,spotify:artist:2l7DkzVuYJW700mR7r43un,3
5758,spotify:artist:2GATzeg62cr6sH29wSOVWe,spotify:artist:0AOyxXRa4odDG1PisHJtKx,3
5759,spotify:artist:2GATzeg62cr6sH29wSOVWe,spotify:artist:4tBNwdhdWAXGzzaPTp9dRE,3
5760,spotify:artist:0AOyxXRa4odDG1PisHJtKx,spotify:artist:1555UFA4CyCnJEzCKikGHe,3
5761,spotify:artist:0AOyxXRa4odDG1PisHJtKx,spotify:artist:5lQ9ygSr6WMqXYsG00nNNY,3
5762,spotify:artist:0AOyxXRa4odDG1PisHJtKx,spotify:artist:58bGdoz5bUtPMOTzueTBOy,3
5763,spotify:artist:0AOyxXRa4odDG1PisHJtKx,spotify:artist:60CBjmRpwr02JwAd3Ho25U,3
5764,spotify:artist:0AOyxXRa4odDG1PisHJtKx,spotify:artist:7DnDHNnkHER4ompBXz1ibL,3
5765,spotify:artist:0AOyxXRa4odDG1PisHJtKx,spotify:artist:0GXsDnyvpjRO46Cgv3w5KS,3
5766,spotify:artist:0AOyxXRa4odDG1PisHJtKx,spotify:artist:3SpA64SUzDeu1Q4MztoGw3,3
5767,spotify:artist:0AOyxXRa4odDG1PisHJtKx,spotify:artist:7skjJzEym3TvOGR4pqtqkP,3
5768,spotify:artist:0AOyxXRa4odDG1PisHJtKx,spotify:artist:4z3gabDVIY1yYKNtOxvIeC,3
5769,spotify:artist:0AOyxXRa4odDG1PisHJtKx,spotify:artist:0pbIqPTefLfuOcbM2ojXdl,3
5770,spotify:artist:0AOyxXRa4odDG1PisHJtKx,spotify:artist:4KM9dvP8pZwLy9z7J41kq3,3
5771,spotify:artist:0AOyxXRa4odDG1PisHJtKx,spotify:artist:7LMO4vkA2xYpGYbzsggPbk,3
5772,spotify:artist:0AOyxXRa4odDG1PisHJtKx,spotify:artist:4YjpqCSDD7zwMQgPYJMqb0,3
5773,spotify:artist:0AOyxXRa4odDG1PisHJtKx,spotify:artist:2GATzeg62cr6sH29wSOVWe,3
5774,spotify:artist:0AOyxXRa4odDG1PisHJtKx,spotify:artist:6U1lmwvy3I9dIYu9RalJi6,3
5775,spotify:artist:0AOyxXRa4odDG1PisHJtKx,spotify:artist:5pSqmI85JYRSjUtpFsdoon,3
5776,spotify:artist:0AOyxXRa4odDG1PisHJtKx,spotify:artist:5AyEXCtu3xnnsTGCo4RVZh,3
5777,spotify:artist:0AOyxXRa4odDG1PisHJtKx,spotify:artist:0pNaVvqSvldpJl7pHpNoM9,3
5778,spotify:artist:0AOyxXRa4odDG1PisHJtKx,spotify:artist:0Hko1NgISX00BkCPOuyVzQ,3
5779,spotify:artist:0AOyxXRa4odDG1PisHJtKx,spotify:artist:7uRuXWkNhoHhzpqDnaEJLJ,3
5780,spotify:artist:3E0mWdVTnj9CjQ95ROn9tr,spotify:artist:5wHiveROLh1eOGVqbqkBnj,3
5781,spotify:artist:3E0mWdVTnj9CjQ95ROn9tr,spotify:artist:5koTBxO31TIzxRzBvsxzwH,3
5782,spotify:artist:3E0mWdVTnj9CjQ95ROn9tr,spotify:artist:7uRuXWkNhoHhzpqDnaEJLJ,3
5783,spotify:artist:3E0mWdVTnj9CjQ95ROn9tr,spotify:artist:5lQ9ygSr6WMqXYsG00nNNY,3
5784,spotify:artist:3E0mWdVTnj9CjQ95ROn9tr,spotify:artist:3cr4dt9xFGBcEPMulGzSAY,3
5785,spotify:artist:3E0mWdVTnj9CjQ95ROn9tr,spotify:artist:0BFRrMqOHuc1fxGWXMinHd,3
5786,spotify:artist:3E0mWdVTnj9CjQ95ROn9tr,spotify:artist:1TTJJzHdc6IWChZrVpkr4k,3
5787,spotify:artist:3E0mWdVTnj9CjQ95ROn9tr,spotify:artist:3pDnwHQUEXbkNX3cvidKpG,3
5788,spotify:artist:3E0mWdVTnj9CjQ95ROn9tr,spotify:artist:1555UFA4CyCnJEzCKikGHe,3
5789,spotify:artist:3E0mWdVTnj9CjQ95ROn9tr,spotify:artist:2GATzeg62cr6sH29wSOVWe,3
5790,spotify:artist:3E0mWdVTnj9CjQ95ROn9tr,spotify:artist:58bGdoz5bUtPMOTzueTBOy,3
5791,spotify:artist:3E0mWdVTnj9CjQ95ROn9tr,spotify:artist:0qt6QSruHshcWT9QOzyfZp,3
5792,spotify:artist:3E0mWdVTnj9CjQ95ROn9tr,spotify:artist:60CBjmRpwr02JwAd3Ho25U,3
5793,spotify:artist:3E0mWdVTnj9CjQ95ROn9tr,spotify:artist:3uoW716PXWv2XJJZVXSbwt,3
5794,spotify:artist:3E0mWdVTnj9CjQ95ROn9tr,spotify:artist:5VnYwYnG7QmpzQtxyubIwh,3
5795,spotify:artist:3E0mWdVTnj9CjQ95ROn9tr,spotify:artist:0wz0jO9anccPzH04N7FLBH,3
5796,spotify:artist:3E0mWdVTnj9CjQ95ROn9tr,spotify:artist:1XW5L5zIBqMw7sqkkuIi5n,3
5797,spotify:artist:3E0mWdVTnj9CjQ95ROn9tr,spotify:artist:4tBNwdhdWAXGzzaPTp9dRE,3
5798,spotify:artist:3E0mWdVTnj9CjQ95ROn9tr,spotify:artist:71ZjnwAyCVUWd6UsMbRtqf,3
5799,spotify:artist:3E0mWdVTnj9CjQ95ROn9tr,spotify:artist:7LMO4vkA2xYpGYbzsggPbk,3
5800,spotify:artist:5wHiveROLh1eOGVqbqkBnj,spotify:artist:3E0mWdVTnj9CjQ95ROn9tr,3
5801,spotify:artist:5wHiveROLh1eOGVqbqkBnj,spotify:artist:5koTBxO31TIzxRzBvsxzwH,3
5802,spotify:artist:5wHiveROLh1eOGVqbqkBnj,spotify:artist:3cr4dt9xFGBcEPMulGzSAY,3
5803,spotify:artist:5wHiveROLh1eOGVqbqkBnj,spotify:artist:7uRuXWkNhoHhzpqDnaEJLJ,3
5804,spotify:artist:5wHiveROLh1eOGVqbqkBnj,spotify:artist:5lQ9ygSr6WMqXYsG00nNNY,3
5805,spotify:artist:5wHiveROLh1eOGVqbqkBnj,spotify:artist:2GATzeg62cr6sH29wSOVWe,3
5806,spotify:artist:5wHiveROLh1eOGVqbqkBnj,spotify:artist:3pDnwHQUEXbkNX3cvidKpG,3
5807,spotify:artist:5wHiveROLh1eOGVqbqkBnj,spotify:artist:0BFRrMqOHuc1fxGWXMinHd,3
5808,spotify:artist:5wHiveROLh1eOGVqbqkBnj,spotify:artist:58bGdoz5bUtPMOTzueTBOy,3
5809,spotify:artist:5wHiveROLh1eOGVqbqkBnj,spotify:artist:1555UFA4CyCnJEzCKikGHe,3
5810,spotify:artist:5wHiveROLh1eOGVqbqkBnj,spotify:artist:1TTJJzHdc6IWChZrVpkr4k,3
5811,spotify:artist:5wHiveROLh1eOGVqbqkBnj,spotify:artist:0qt6QSruHshcWT9QOzyfZp,3
5812,spotify:artist:5wHiveROLh1eOGVqbqkBnj,spotify:artist:5VnYwYnG7QmpzQtxyubIwh,3
5813,spotify:artist:5wHiveROLh1eOGVqbqkBnj,spotify:artist:0wz0jO9anccPzH04N7FLBH,3
5814,spotify:artist:5wHiveROLh1eOGVqbqkBnj,spotify:artist:1XW5L5zIBqMw7sqkkuIi5n,3
5815,spotify:artist:5wHiveROLh1eOGVqbqkBnj,spotify:artist:60CBjmRpwr02JwAd3Ho25U,3
5816,spotify:artist:5wHiveROLh1eOGVqbqkBnj,spotify:artist:7DnDHNnkHER4ompBXz1ibL,3
5817,spotify:artist:5wHiveROLh1eOGVqbqkBnj,spotify:artist:6fLY0fk62ACnHx1QAWXvEZ,3
5818,spotify:artist:5wHiveROLh1eOGVqbqkBnj,spotify:artist:4HxO3QaVzlJVsVWOe8WyOP,3
5819,spotify:artist:5wHiveROLh1eOGVqbqkBnj,spotify:artist:0AOyxXRa4odDG1PisHJtKx,3
5820,spotify:artist:5VnYwYnG7QmpzQtxyubIwh,spotify:artist:1ZdExG4ySeqy04z4DwAXgI,3
5821,spotify:artist:5VnYwYnG7QmpzQtxyubIwh,spotify:artist:2GATzeg62cr6sH29wSOVWe,3
5822,spotify:artist:5VnYwYnG7QmpzQtxyubIwh,spotify:artist:60CBjmRpwr02JwAd3Ho25U,3
5823,spotify:artist:5VnYwYnG7QmpzQtxyubIwh,spotify:artist:1555UFA4CyCnJEzCKikGHe,3
5824,spotify:artist:5VnYwYnG7QmpzQtxyubIwh,spotify:artist:5lQ9ygSr6WMqXYsG00nNNY,3
5825,spotify:artist:5VnYwYnG7QmpzQtxyubIwh,spotify:artist:7Ht57YadlBXcFJDK3plmhO,3
5826,spotify:artist:5VnYwYnG7QmpzQtxyubIwh,spotify:artist:0wz0jO9anccPzH04N7FLBH,3
5827,spotify:artist:5VnYwYnG7QmpzQtxyubIwh,spotify:artist:3N4eFtnZCCXfMs0hBQwujT,3
5828,spotify:artist:5VnYwYnG7QmpzQtxyubIwh,spotify:artist:5AyEXCtu3xnnsTGCo4RVZh,3
5829,spotify:artist:5VnYwYnG7QmpzQtxyubIwh,spotify:artist:5m858bXqt99f2hWD72hySB,3
5830,spotify:artist:5VnYwYnG7QmpzQtxyubIwh,spotify:artist:6U1lmwvy3I9dIYu9RalJi6,3
5831,spotify:artist:5VnYwYnG7QmpzQtxyubIwh,spotify:artist:3JhEcBWSCPXkRMt1VK14i4,3
5832,spotify:artist:5VnYwYnG7QmpzQtxyubIwh,spotify:artist:3IaqcRr2teHDEqhRE5emu9,3
5833,spotify:artist:5VnYwYnG7QmpzQtxyubIwh,spotify:artist:6mkkQ4HQo21YZRKw3tRQSv,3
5834,spotify:artist:5VnYwYnG7QmpzQtxyubIwh,spotify:artist:0QwH5InvCwfL4UbYkjP9pi,3
5835,spotify:artist:5VnYwYnG7QmpzQtxyubIwh,spotify:artist:0AOyxXRa4odDG1PisHJtKx,3
5836,spotify:artist:5VnYwYnG7QmpzQtxyubIwh,spotify:artist:4G0XDEk7RbA4BBCTs917U9,3
5837,spotify:artist:5VnYwYnG7QmpzQtxyubIwh,spotify:artist:0FRKTwQSToXpCxYMhyUzYY,3
5838,spotify:artist:5VnYwYnG7QmpzQtxyubIwh,spotify:artist:5EQ6WS0sO77AIhthug6S0U,3
5839,spotify:artist:5VnYwYnG7QmpzQtxyubIwh,spotify:artist:2feOOr1Yjovo67byuxvjZv,3
5840,spotify:artist:0qt6QSruHshcWT9QOzyfZp,spotify:artist:4G0XDEk7RbA4BBCTs917U9,3
5841,spotify:artist:0qt6QSruHshcWT9QOzyfZp,spotify:artist:2GATzeg62cr6sH29wSOVWe,3
5842,spotify:artist:0qt6QSruHshcWT9QOzyfZp,spotify:artist:4tBNwdhdWAXGzzaPTp9dRE,3
5843,spotify:artist:0qt6QSruHshcWT9QOzyfZp,spotify:artist:3uQ5cxFHxXddqPL58egs1z,3
5844,spotify:artist:0qt6QSruHshcWT9QOzyfZp,spotify:artist:79JJCxCCfJ8HufX6w8q2k4,3
5845,spotify:artist:0qt6QSruHshcWT9QOzyfZp,spotify:artist:2k07pWgpJiFIbb9q1yJ36B,3
5846,spotify:artist:0qt6QSruHshcWT9QOzyfZp,spotify:artist:2l7DkzVuYJW700mR7r43un,3
5847,spotify:artist:0qt6QSruHshcWT9QOzyfZp,spotify:artist:2zAvisjImPICTNsRgagqlV,3
5848,spotify:artist:0qt6QSruHshcWT9QOzyfZp,spotify:artist:2ajVJyxI4sHmTMtTA3ENko,3
5849,spotify:artist:0qt6QSruHshcWT9QOzyfZp,spotify:artist:5pYsvK3zKJT4wzt2L399H4,3
5850,spotify:artist:0qt6QSruHshcWT9QOzyfZp,spotify:artist:2Lhs0asnFQiLuntn3s8p78,3
5851,spotify:artist:0qt6QSruHshcWT9QOzyfZp,spotify:artist:0wz0jO9anccPzH04N7FLBH,3
5852,spotify:artist:0qt6QSruHshcWT9QOzyfZp,spotify:artist:5lQ9ygSr6WMqXYsG00nNNY,3
5853,spotify:artist:0qt6QSruHshcWT9QOzyfZp,spotify:artist:6uHjKRsYGaElOrKWlSEji3,3
5854,spotify:artist:0qt6QSruHshcWT9QOzyfZp,spotify:artist:7EFfGZiKL1Ud3cspnlMq4H,3
5855,spotify:artist:0qt6QSruHshcWT9QOzyfZp,spotify:artist:6TTJ0xLPPNDyv4bXyukzU4,3
5856,spotify:artist:0qt6QSruHshcWT9QOzyfZp,spotify:artist:2EEw2tt8AJcH9qXUeB96Oc,3
5857,spotify:artist:0qt6QSruHshcWT9QOzyfZp,spotify:artist:7gqsi6aBSkRMJoL9psKqMr,3
5858,spotify:artist:0qt6QSruHshcWT9QOzyfZp,spotify:artist:2oAKV8mT3NB1hZbGbGcdYB,3
5859,spotify:artist:0qt6QSruHshcWT9QOzyfZp,spotify:artist:1555UFA4CyCnJEzCKikGHe,3
5860,spotify:artist:0wz0jO9anccPzH04N7FLBH,spotify:artist:2GATzeg62cr6sH29wSOVWe,3
5861,spotify:artist:0wz0jO9anccPzH04N7FLBH,spotify:artist:1555UFA4CyCnJEzCKikGHe,3
5862,spotify:artist:0wz0jO9anccPzH04N7FLBH,spotify:artist:60CBjmRpwr02JwAd3Ho25U,3
5863,spotify:artist:0wz0jO9anccPzH04N7FLBH,spotify:artist:4G0XDEk7RbA4BBCTs917U9,3
5864,spotify:artist:0wz0jO9anccPzH04N7FLBH,spotify:artist:0qt6QSruHshcWT9QOzyfZp,3
5865,spotify:artist:0wz0jO9anccPzH04N7FLBH,spotify:artist:3uQ5cxFHxXddqPL58egs1z,3
5866,spotify:artist:0wz0jO9anccPzH04N7FLBH,spotify:artist:2ajVJyxI4sHmTMtTA3ENko,3
5867,spotify:artist:0wz0jO9anccPzH04N7FLBH,spotify:artist:5VnYwYnG7QmpzQtxyubIwh,3
5868,spotify:artist:0wz0jO9anccPzH04N7FLBH,spotify:artist:5AyEXCtu3xnnsTGCo4RVZh,3
5869,spotify:artist:0wz0jO9anccPzH04N7FLBH,spotify:artist:6guTJsgPymDUVfqDJyz5UG,3
5870,spotify:artist:0wz0jO9anccPzH04N7FLBH,spotify:artist:64tVHZVSAZhDEiOJxnb6hE,3
5871,spotify:artist:0wz0jO9anccPzH04N7FLBH,spotify:artist:4jSYHcSo85heWskYvAULio,3
5872,spotify:artist:0wz0jO9anccPzH04N7FLBH,spotify:artist:1QUsHFoDqNsC0W9AlNyHWF,3
5873,spotify:artist:0wz0jO9anccPzH04N7FLBH,spotify:artist:6g8Jqb5JMfv92eB2r0awTN,3
5874,spotify:artist:0wz0jO9anccPzH04N7FLBH,spotify:artist:0QwH5InvCwfL4UbYkjP9pi,3
5875,spotify:artist:0wz0jO9anccPzH04N7FLBH,spotify:artist:77oD8X9qLXZhpbCjv53l5n,3
5876,spotify:artist:0wz0jO9anccPzH04N7FLBH,spotify:artist:2zAvisjImPICTNsRgagqlV,3
5877,spotify:artist:0wz0jO9anccPzH04N7FLBH,spotify:artist:4IwOItqRhsIoRuD5HP4vyC,3
5878,spotify:artist:0wz0jO9anccPzH04N7FLBH,spotify:artist:31uyAcnY0kjjKKIQZMKX4i,3
5879,spotify:artist:0wz0jO9anccPzH04N7FLBH,spotify:artist:4Sw0SFu1fFdYXdAEVdrqnO,3
5880,spotify:artist:1XW5L5zIBqMw7sqkkuIi5n,spotify:artist:5lQ9ygSr6WMqXYsG00nNNY,3
5881,spotify:artist:1XW5L5zIBqMw7sqkkuIi5n,spotify:artist:2GATzeg62cr6sH29wSOVWe,3
5882,spotify:artist:1XW5L5zIBqMw7sqkkuIi5n,spotify:artist:0qt6QSruHshcWT9QOzyfZp,3
5883,spotify:artist:1XW5L5zIBqMw7sqkkuIi5n,spotify:artist:6uHjKRsYGaElOrKWlSEji3,3
5884,spotify:artist:1XW5L5zIBqMw7sqkkuIi5n,spotify:artist:0wz0jO9anccPzH04N7FLBH,3
5885,spotify:artist:1XW5L5zIBqMw7sqkkuIi5n,spotify:artist:70gvc4NvTwgBpEB1goYy8z,3
5886,spotify:artist:1XW5L5zIBqMw7sqkkuIi5n,spotify:artist:4W1poTLCG6XjhBUVehcaMB,3
5887,spotify:artist:1XW5L5zIBqMw7sqkkuIi5n,spotify:artist:2Lhs0asnFQiLuntn3s8p78,3
5888,spotify:artist:1XW5L5zIBqMw7sqkkuIi5n,spotify:artist:1555UFA4CyCnJEzCKikGHe,3
5889,spotify:artist:1XW5L5zIBqMw7sqkkuIi5n,spotify:artist:4HEIKb9PGw8MG7Am50ev98,3
5890,spotify:artist:1XW5L5zIBqMw7sqkkuIi5n,spotify:artist:339qxEdD8z8okRAiTp1HKf,3
5891,spotify:artist:1XW5L5zIBqMw7sqkkuIi5n,spotify:artist:4tBNwdhdWAXGzzaPTp9dRE,3
5892,spotify:artist:1XW5L5zIBqMw7sqkkuIi5n,spotify:artist:7EFfGZiKL1Ud3cspnlMq4H,3
5893,spotify:artist:1XW5L5zIBqMw7sqkkuIi5n,spotify:artist:3dmSPhg0tdao8ePj4pySJ5,3
5894,spotify:artist:1XW5L5zIBqMw7sqkkuIi5n,spotify:artist:2lnVaJjmDvrFi3Pyf1sGxI,3
5895,spotify:artist:1XW5L5zIBqMw7sqkkuIi5n,spotify:artist:3uQ5cxFHxXddqPL58egs1z,3
5896,spotify:artist:1XW5L5zIBqMw7sqkkuIi5n,spotify:artist:2oAKV8mT3NB1hZbGbGcdYB,3
5897,spotify:artist:1XW5L5zIBqMw7sqkkuIi5n,spotify:artist:0BFRrMqOHuc1fxGWXMinHd,3
5898,spotify:artist:1XW5L5zIBqMw7sqkkuIi5n,spotify:artist:4G0XDEk7RbA4BBCTs917U9,3
5899,spotify:artist:1XW5L5zIBqMw7sqkkuIi5n,spotify:artist:6g8Jqb5JMfv92eB2r0awTN,3
5900,spotify:artist:0BFRrMqOHuc1fxGWXMinHd,spotify:artist:3E0mWdVTnj9CjQ95ROn9tr,3
5901,spotify:artist:0BFRrMqOHuc1fxGWXMinHd,spotify:artist:7uRuXWkNhoHhzpqDnaEJLJ,3
5902,spotify:artist:0BFRrMqOHuc1fxGWXMinHd,spotify:artist:5lQ9ygSr6WMqXYsG00nNNY,3
5903,spotify:artist:0BFRrMqOHuc1fxGWXMinHd,spotify:artist:5wHiveROLh1eOGVqbqkBnj,3
5904,spotify:artist:0BFRrMqOHuc1fxGWXMinHd,spotify:artist:3cr4dt9xFGBcEPMulGzSAY,3
5905,spotify:artist:0BFRrMqOHuc1fxGWXMinHd,spotify:artist:5koTBxO31TIzxRzBvsxzwH,3
5906,spotify:artist:0BFRrMqOHuc1fxGWXMinHd,spotify:artist:3pDnwHQUEXbkNX3cvidKpG,3
5907,spotify:artist:0BFRrMqOHuc1fxGWXMinHd,spotify:artist:3uoW716PXWv2XJJZVXSbwt,3
5908,spotify:artist:0BFRrMqOHuc1fxGWXMinHd,spotify:artist:3NkEUEwXXgy5IQixHpsHQ9,3
5909,spotify:artist:0BFRrMqOHuc1fxGWXMinHd,spotify:artist:1XW5L5zIBqMw7sqkkuIi5n,3
5910,spotify:artist:0BFRrMqOHuc1fxGWXMinHd,spotify:artist:6fLY0fk62ACnHx1QAWXvEZ,3
5911,spotify:artist:0BFRrMqOHuc1fxGWXMinHd,spotify:artist:3haVJx9TUcufYl1rPyH0iv,3
5912,spotify:artist:0BFRrMqOHuc1fxGWXMinHd,spotify:artist:0IfkFoyLbsgahVvNfPnV2y,3
5913,spotify:artist:0BFRrMqOHuc1fxGWXMinHd,spotify:artist:0GQJRlsTD8irKEDcClYiiA,3
5914,spotify:artist:0BFRrMqOHuc1fxGWXMinHd,spotify:artist:2ojlS7imGFiZ8A8tXXGEt7,3
5915,spotify:artist:0BFRrMqOHuc1fxGWXMinHd,spotify:artist:0qt6QSruHshcWT9QOzyfZp,3
5916,spotify:artist:0BFRrMqOHuc1fxGWXMinHd,spotify:artist:6AdRO941ZEDh4GHcCUdEs4,3
5917,spotify:artist:0BFRrMqOHuc1fxGWXMinHd,spotify:artist:2GATzeg62cr6sH29wSOVWe,3
5918,spotify:artist:0BFRrMqOHuc1fxGWXMinHd,spotify:artist:1Qj0OFQUlN7VmkMaD1mPMi,3
5919,spotify:artist:0BFRrMqOHuc1fxGWXMinHd,spotify:artist:77SQlBEZyyJ7neYnlp0cDl,3
5920,spotify:artist:6fLY0fk62ACnHx1QAWXvEZ,spotify:artist:0QwH5InvCwfL4UbYkjP9pi,3
5921,spotify:artist:6fLY0fk62ACnHx1QAWXvEZ,spotify:artist:71ZjnwAyCVUWd6UsMbRtqf,3
5922,spotify:artist:6fLY0fk62ACnHx1QAWXvEZ,spotify:artist:0GyYoe1WU6e6zeV1yCwPdm,3
5923,spotify:artist:6fLY0fk62ACnHx1QAWXvEZ,spotify:artist:1YCFvBoIeRSc0HMU7fhUZA,3
5924,spotify:artist:6fLY0fk62ACnHx1QAWXvEZ,spotify:artist:7LMO4vkA2xYpGYbzsggPbk,3
5925,spotify:artist:6fLY0fk62ACnHx1QAWXvEZ,spotify:artist:6sIZakv0uaA3qQmOOPTOQt,3
5926,spotify:artist:6fLY0fk62ACnHx1QAWXvEZ,spotify:artist:1pkBpeGW5Aug4LtqlESZ4v,3
5927,spotify:artist:6fLY0fk62ACnHx1QAWXvEZ,spotify:artist:1555UFA4CyCnJEzCKikGHe,3
5928,spotify:artist:6fLY0fk62ACnHx1QAWXvEZ,spotify:artist:6vxqO8B12AXOoETpxVSgH0,3
5929,spotify:artist:6fLY0fk62ACnHx1QAWXvEZ,spotify:artist:03lLRM1qTzyuU7YkGsYknd,3
5930,spotify:artist:6fLY0fk62ACnHx1QAWXvEZ,spotify:artist:60CBjmRpwr02JwAd3Ho25U,3
5931,spotify:artist:6fLY0fk62ACnHx1QAWXvEZ,spotify:artist:336fB3AJgK8AvHX5bD8d9A,3
5932,spotify:artist:6fLY0fk62ACnHx1QAWXvEZ,spotify:artist:7uRuXWkNhoHhzpqDnaEJLJ,3
5933,spotify:artist:6fLY0fk62ACnHx1QAWXvEZ,spotify:artist:4DjufFYghjnOyYcM7EeyQB,3
5934,spotify:artist:6fLY0fk62ACnHx1QAWXvEZ,spotify:artist:5wRMAVogaNWmArSGRcAMYl,3
5935,spotify:artist:6fLY0fk62ACnHx1QAWXvEZ,spotify:artist:5lQ9ygSr6WMqXYsG00nNNY,3
5936,spotify:artist:6fLY0fk62ACnHx1QAWXvEZ,spotify:artist:2aFm5gM8lQefcKzOvP2eH8,3
5937,spotify:artist:6fLY0fk62ACnHx1QAWXvEZ,spotify:artist:6a27jEzxHDgONdmADAGcej,3
5938,spotify:artist:6fLY0fk62ACnHx1QAWXvEZ,spotify:artist:25X66pFr8eorCjpasQ2biG,3
5939,spotify:artist:6fLY0fk62ACnHx1QAWXvEZ,spotify:artist:6Xuaooorz7j46y1UrWxXMd,3
5940,spotify:artist:7LMO4vkA2xYpGYbzsggPbk,spotify:artist:4KM9dvP8pZwLy9z7J41kq3,3
5941,spotify:artist:7LMO4vkA2xYpGYbzsggPbk,spotify:artist:5pSqmI85JYRSjUtpFsdoon,3
5942,spotify:artist:7LMO4vkA2xYpGYbzsggPbk,spotify:artist:3WggbHDpj4rPKbL97zG5MQ,3
5943,spotify:artist:7LMO4vkA2xYpGYbzsggPbk,spotify:artist:4IwOItqRhsIoRuD5HP4vyC,3
5944,spotify:artist:7LMO4vkA2xYpGYbzsggPbk,spotify:artist:7mbHdIVGBTlLC80ngEFJAI,3
5945,spotify:artist:7LMO4vkA2xYpGYbzsggPbk,spotify:artist:4ABTeyDAbK3iv09CHSsoW0,3
5946,spotify:artist:7LMO4vkA2xYpGYbzsggPbk,spotify:artist:1555UFA4CyCnJEzCKikGHe,3
5947,spotify:artist:7LMO4vkA2xYpGYbzsggPbk,spotify:artist:6fLY0fk62ACnHx1QAWXvEZ,3
5948,spotify:artist:7LMO4vkA2xYpGYbzsggPbk,spotify:artist:6ZWMXMg25PGVCaoYZXQSyn,3
5949,spotify:artist:7LMO4vkA2xYpGYbzsggPbk,spotify:artist:0QwH5InvCwfL4UbYkjP9pi,3
5950,spotify:artist:7LMO4vkA2xYpGYbzsggPbk,spotify:artist:7e3EITqBmSTDzZQpyOo4RQ,3
5951,spotify:artist:7LMO4vkA2xYpGYbzsggPbk,spotify:artist:1YFIyRFTa7povIpq08DcCA,3
5952,spotify:artist:7LMO4vkA2xYpGYbzsggPbk,spotify:artist:60CBjmRpwr02JwAd3Ho25U,3
5953,spotify:artist:7LMO4vkA2xYpGYbzsggPbk,spotify:artist:58bGdoz5bUtPMOTzueTBOy,3
5954,spotify:artist:7LMO4vkA2xYpGYbzsggPbk,spotify:artist:09Q4XEmbjQTQ8P36ZzVVLv,3
5955,spotify:artist:7LMO4vkA2xYpGYbzsggPbk,spotify:artist:2iQyHU4IeFpP9lU6OTtfKE,3
5956,spotify:artist:7LMO4vkA2xYpGYbzsggPbk,spotify:artist:4YjpqCSDD7zwMQgPYJMqb0,3
5957,spotify:artist:7LMO4vkA2xYpGYbzsggPbk,spotify:artist:7skjJzEym3TvOGR4pqtqkP,3
5958,spotify:artist:7LMO4vkA2xYpGYbzsggPbk,spotify:artist:03XSVbjjgDX2hrw1VXlj87,3
5959,spotify:artist:7LMO4vkA2xYpGYbzsggPbk,spotify:artist:1Lqqtkuf3lzDlSJ1AGK3vg,3
5960,spotify:artist:6uHjKRsYGaElOrKWlSEji3,spotify:artist:4W1poTLCG6XjhBUVehcaMB,3
5961,spotify:artist:6uHjKRsYGaElOrKWlSEji3,spotify:artist:2GATzeg62cr6sH29wSOVWe,3
5962,spotify:artist:6uHjKRsYGaElOrKWlSEji3,spotify:artist:0qt6QSruHshcWT9QOzyfZp,3
5963,spotify:artist:6uHjKRsYGaElOrKWlSEji3,spotify:artist:339qxEdD8z8okRAiTp1HKf,3
5964,spotify:artist:6uHjKRsYGaElOrKWlSEji3,spotify:artist:7EFfGZiKL1Ud3cspnlMq4H,3
5965,spotify:artist:6uHjKRsYGaElOrKWlSEji3,spotify:artist:1XW5L5zIBqMw7sqkkuIi5n,3
5966,spotify:artist:6uHjKRsYGaElOrKWlSEji3,spotify:artist:5lQ9ygSr6WMqXYsG00nNNY,3
5967,spotify:artist:6uHjKRsYGaElOrKWlSEji3,spotify:artist:2Lhs0asnFQiLuntn3s8p78,3
5968,spotify:artist:6uHjKRsYGaElOrKWlSEji3,spotify:artist:31ir0nQWMLTowZmZO8CiBw,3
5969,spotify:artist:6uHjKRsYGaElOrKWlSEji3,spotify:artist:2zTCLiQ8OUIWEyV6eZWzFy,3
5970,spotify:artist:6uHjKRsYGaElOrKWlSEji3,spotify:artist:7IDrRpDz0cOuUVC32c8PKD,3
5971,spotify:artist:6uHjKRsYGaElOrKWlSEji3,spotify:artist:1CgvL3gASrnuI8SKXr8K7F,3
5972,spotify:artist:6uHjKRsYGaElOrKWlSEji3,spotify:artist:2dxi3wnJ9h9kNioaWyIpYd,3
5973,spotify:artist:6uHjKRsYGaElOrKWlSEji3,spotify:artist:0O0g9JMOVNoIgLG6dgaYMY,3
5974,spotify:artist:6uHjKRsYGaElOrKWlSEji3,spotify:artist:4yvuCAFk8vERXXBf138h8S,3
5975,spotify:artist:6uHjKRsYGaElOrKWlSEji3,spotify:artist:60CBjmRpwr02JwAd3Ho25U,3
5976,spotify:artist:6uHjKRsYGaElOrKWlSEji3,spotify:artist:0wz0jO9anccPzH04N7FLBH,3
5977,spotify:artist:6uHjKRsYGaElOrKWlSEji3,spotify:artist:1555UFA4CyCnJEzCKikGHe,3
5978,spotify:artist:6uHjKRsYGaElOrKWlSEji3,spotify:artist:6paRdA1dkAEb0dWcIS4TOp,3
5979,spotify:artist:6uHjKRsYGaElOrKWlSEji3,spotify:artist:2l7DkzVuYJW700mR7r43un,3
5980,spotify:artist:4G0XDEk7RbA4BBCTs917U9,spotify:artist:0qt6QSruHshcWT9QOzyfZp,3
5981,spotify:artist:4G0XDEk7RbA4BBCTs917U9,spotify:artist:2GATzeg62cr6sH29wSOVWe,3
5982,spotify:artist:4G0XDEk7RbA4BBCTs917U9,spotify:artist:3uQ5cxFHxXddqPL58egs1z,3
5983,spotify:artist:4G0XDEk7RbA4BBCTs917U9,spotify:artist:2zAvisjImPICTNsRgagqlV,3
5984,spotify:artist:4G0XDEk7RbA4BBCTs917U9,spotify:artist:79JJCxCCfJ8HufX6w8q2k4,3
5985,spotify:artist:4G0XDEk7RbA4BBCTs917U9,spotify:artist:2ajVJyxI4sHmTMtTA3ENko,3
5986,spotify:artist:4G0XDEk7RbA4BBCTs917U9,spotify:artist:4tBNwdhdWAXGzzaPTp9dRE,3
5987,spotify:artist:4G0XDEk7RbA4BBCTs917U9,spotify:artist:2k07pWgpJiFIbb9q1yJ36B,3
5988,spotify:artist:4G0XDEk7RbA4BBCTs917U9,spotify:artist:0wz0jO9anccPzH04N7FLBH,3
5989,spotify:artist:4G0XDEk7RbA4BBCTs917U9,spotify:artist:4Sw0SFu1fFdYXdAEVdrqnO,3
5990,spotify:artist:4G0XDEk7RbA4BBCTs917U9,spotify:artist:2Lhs0asnFQiLuntn3s8p78,3
5991,spotify:artist:4G0XDEk7RbA4BBCTs917U9,spotify:artist:7gqsi6aBSkRMJoL9psKqMr,3
5992,spotify:artist:4G0XDEk7RbA4BBCTs917U9,spotify:artist:5VnYwYnG7QmpzQtxyubIwh,3
5993,spotify:artist:4G0XDEk7RbA4BBCTs917U9,spotify:artist:64tVHZVSAZhDEiOJxnb6hE,3
5994,spotify:artist:4G0XDEk7RbA4BBCTs917U9,spotify:artist:4ePunOqQbOYoQwd1298g3Z,3
5995,spotify:artist:4G0XDEk7RbA4BBCTs917U9,spotify:artist:2l7DkzVuYJW700mR7r43un,3
5996,spotify:artist:4G0XDEk7RbA4BBCTs917U9,spotify:artist:7Ht57YadlBXcFJDK3plmhO,3
5997,spotify:artist:4G0XDEk7RbA4BBCTs917U9,spotify:artist:1555UFA4CyCnJEzCKikGHe,3
5998,spotify:artist:4G0XDEk7RbA4BBCTs917U9,spotify:artist:5AyEXCtu3xnnsTGCo4RVZh,3
5999,spotify:artist:4G0XDEk7RbA4BBCTs917U9,spotify:artist:31uyAcnY0kjjKKIQZMKX4i,3
6000,spotify:artist:4yvuCAFk8vERXXBf138h8S,spotify:artist:7tfS18oUEffScrxryTgwyC,3
6001,spotify:artist:4yvuCAFk8vERXXBf138h8S,spotify:artist:4HCubdy7diarb4KZo8etrq,3
6002,spotify:artist:4yvuCAFk8vERXXBf138h8S,spotify:artist:2kTn692duPSkqN6czSilyk,3
6003,spotify:artist:4yvuCAFk8vERXXBf138h8S,spotify:artist:5CXWXFfhDhFN5uzbfUwAKt,3
6004,spotify:artist:4yvuCAFk8vERXXBf138h8S,spotify:artist:1cMcFL2NdeUDYg0OtD1GeA,3
6005,spotify:artist:4yvuCAFk8vERXXBf138h8S,spotify:artist:71erjwGhr3OtCqtmKuy7qr,3
6006,spotify:artist:4yvuCAFk8vERXXBf138h8S,spotify:artist:0O0g9JMOVNoIgLG6dgaYMY,3
6007,spotify:artist:4yvuCAFk8vERXXBf138h8S,spotify:artist:6ktzu3KxlqOqd3eKnqTCyb,3
6008,spotify:artist:4yvuCAFk8vERXXBf138h8S,spotify:artist:5Qlt3zQ63Z99mNhuun0JAT,3
6009,spotify:artist:4yvuCAFk8vERXXBf138h8S,spotify:artist:2Lhs0asnFQiLuntn3s8p78,3
6010,spotify:artist:4yvuCAFk8vERXXBf138h8S,spotify:artist:339qxEdD8z8okRAiTp1HKf,3
6011,spotify:artist:4yvuCAFk8vERXXBf138h8S,spotify:artist:2YvNi4oPdBgD45gc1UycxW,3
6012,spotify:artist:4yvuCAFk8vERXXBf138h8S,spotify:artist:6soJo0dtX31T30OxtS4A39,3
6013,spotify:artist:4yvuCAFk8vERXXBf138h8S,spotify:artist:1ZsnHGOLYFg8CAHQQBc1ut,3
6014,spotify:artist:4yvuCAFk8vERXXBf138h8S,spotify:artist:1l0eT7EY5r7U1gMVm2SyoS,3
6015,spotify:artist:4yvuCAFk8vERXXBf138h8S,spotify:artist:6uHjKRsYGaElOrKWlSEji3,3
6016,spotify:artist:4yvuCAFk8vERXXBf138h8S,spotify:artist:4W1poTLCG6XjhBUVehcaMB,3
6017,spotify:artist:4yvuCAFk8vERXXBf138h8S,spotify:artist:3dmSPhg0tdao8ePj4pySJ5,3
6018,spotify:artist:4yvuCAFk8vERXXBf138h8S,spotify:artist:5S76x1RQk1FgHwX3y4giOO,3
6019,spotify:artist:4yvuCAFk8vERXXBf138h8S,spotify:artist:1CgvL3gASrnuI8SKXr8K7F,3
6020,spotify:artist:4HCubdy7diarb4KZo8etrq,spotify:artist:2kTn692duPSkqN6czSilyk,3
6021,spotify:artist:4HCubdy7diarb4KZo8etrq,spotify:artist:4yvuCAFk8vERXXBf138h8S,3
6022,spotify:artist:4HCubdy7diarb4KZo8etrq,spotify:artist:7tfS18oUEffScrxryTgwyC,3
6023,spotify:artist:4HCubdy7diarb4KZo8etrq,spotify:artist:2u7xZP39dtED9EuRX9MUwu,3
6024,spotify:artist:4HCubdy7diarb4KZo8etrq,spotify:artist:2YvNi4oPdBgD45gc1UycxW,3
6025,spotify:artist:4HCubdy7diarb4KZo8etrq,spotify:artist:6soJo0dtX31T30OxtS4A39,3
6026,spotify:artist:4HCubdy7diarb4KZo8etrq,spotify:artist:4tfyTbsNNN5xfxKDwG4VfP,3
6027,spotify:artist:4HCubdy7diarb4KZo8etrq,spotify:artist:4tyCvqG48h4LdcbFfWBjR9,3
6028,spotify:artist:4HCubdy7diarb4KZo8etrq,spotify:artist:4MlLVFHiA4e7BU7vQ4r5Lh,3
6029,spotify:artist:4HCubdy7diarb4KZo8etrq,spotify:artist:6juuiuCv8jRHZOcvP2BqKp,3
6030,spotify:artist:4HCubdy7diarb4KZo8etrq,spotify:artist:7sbwBqdkynNUDgiWU3TQ5J,3
6031,spotify:artist:4HCubdy7diarb4KZo8etrq,spotify:artist:6v8lYzIVcmeuPkoobFl7Dx,3
6032,spotify:artist:4HCubdy7diarb4KZo8etrq,spotify:artist:2ZfogSsOWP4mVfEqfpLXCt,3
6033,spotify:artist:4HCubdy7diarb4KZo8etrq,spotify:artist:6LRmgzRManplPQghd2BMqz,3
6034,spotify:artist:4HCubdy7diarb4KZo8etrq,spotify:artist:71erjwGhr3OtCqtmKuy7qr,3
6035,spotify:artist:4HCubdy7diarb4KZo8etrq,spotify:artist:5CXWXFfhDhFN5uzbfUwAKt,3
6036,spotify:artist:4HCubdy7diarb4KZo8etrq,spotify:artist:4UETUdF77BfyJ7fEFVztr3,3
6037,spotify:artist:4HCubdy7diarb4KZo8etrq,spotify:artist:4Nu0EL8c5d2vFHPOcNjlBP,3
6038,spotify:artist:4HCubdy7diarb4KZo8etrq,spotify:artist:2Sp19cOHSqAUlE64hekARW,3
6039,spotify:artist:4HCubdy7diarb4KZo8etrq,spotify:artist:0O0g9JMOVNoIgLG6dgaYMY,3
6040,spotify:artist:2kTn692duPSkqN6czSilyk,spotify:artist:4GMP7hq7VXDmFiQ3KgiNtY,3
6041,spotify:artist:2kTn692duPSkqN6czSilyk,spotify:artist:4yvuCAFk8vERXXBf138h8S,3
6042,spotify:artist:2kTn692duPSkqN6czSilyk,spotify:artist:4HCubdy7diarb4KZo8etrq,3
6043,spotify:artist:2kTn692duPSkqN6czSilyk,spotify:artist:7tfS18oUEffScrxryTgwyC,3
6044,spotify:artist:2kTn692duPSkqN6czSilyk,spotify:artist:0Y7wP2hcWMz4jQeG8dAc9Y,3
6045,spotify:artist:2kTn692duPSkqN6czSilyk,spotify:artist:2ZfogSsOWP4mVfEqfpLXCt,3
6046,spotify:artist:2kTn692duPSkqN6czSilyk,spotify:artist:1cbOix9QbWe1UMGtXOa5cI,3
6047,spotify:artist:2kTn692duPSkqN6czSilyk,spotify:artist:6AlyT7VEJYn0cuDMbjPaOn,3
6048,spotify:artist:2kTn692duPSkqN6czSilyk,spotify:artist:6sAh1RUpXblYP320gZ91LC,3
6049,spotify:artist:2kTn692duPSkqN6czSilyk,spotify:artist:71erjwGhr3OtCqtmKuy7qr,3
6050,spotify:artist:2kTn692duPSkqN6czSilyk,spotify:artist:5sMku8iI6FH3ypZTErz4kv,3
6051,spotify:artist:2kTn692duPSkqN6czSilyk,spotify:artist:2vJJ54Fm8loT4abayMYgRi,3
6052,spotify:artist:2kTn692duPSkqN6czSilyk,spotify:artist:6juuiuCv8jRHZOcvP2BqKp,3
6053,spotify:artist:2kTn692duPSkqN6czSilyk,spotify:artist:6Elz2qLFnoivKS0AqEqdWu,3
6054,spotify:artist:2kTn692duPSkqN6czSilyk,spotify:artist:4AIo9dEYhuS3AtwhhKgA0M,3
6055,spotify:artist:2kTn692duPSkqN6czSilyk,spotify:artist:4mZlgrDsGRgWXy7T5ke3hP,3
6056,spotify:artist:2kTn692duPSkqN6czSilyk,spotify:artist:6OWPd5ByKaNSFAZ3TCe5AO,3
6057,spotify:artist:2kTn692duPSkqN6czSilyk,spotify:artist:7GvCdRq4iHNQDsGlPWOycw,3
6058,spotify:artist:2kTn692duPSkqN6czSilyk,spotify:artist:6soJo0dtX31T30OxtS4A39,3
6059,spotify:artist:2kTn692duPSkqN6czSilyk,spotify:artist:5CXWXFfhDhFN5uzbfUwAKt,3
6060,spotify:artist:71erjwGhr3OtCqtmKuy7qr,spotify:artist:4HCubdy7diarb4KZo8etrq,3
6061,spotify:artist:71erjwGhr3OtCqtmKuy7qr,spotify:artist:2kTn692duPSkqN6czSilyk,3
6062,spotify:artist:71erjwGhr3OtCqtmKuy7qr,spotify:artist:4yvuCAFk8vERXXBf138h8S,3
6063,spotify:artist:71erjwGhr3OtCqtmKuy7qr,spotify:artist:7tfS18oUEffScrxryTgwyC,3
6064,spotify:artist:71erjwGhr3OtCqtmKuy7qr,spotify:artist:7ckJvU525aRrorybAq1Rcg,3
6065,spotify:artist:71erjwGhr3OtCqtmKuy7qr,spotify:artist:7zi9v3F5KzAuS3MkJtm5dc,3
6066,spotify:artist:71erjwGhr3OtCqtmKuy7qr,spotify:artist:2YvNi4oPdBgD45gc1UycxW,3
6067,spotify:artist:71erjwGhr3OtCqtmKuy7qr,spotify:artist:3JFJv3UdQ35gVU9Nccw4Ii,3
6068,spotify:artist:71erjwGhr3OtCqtmKuy7qr,spotify:artist:6soJo0dtX31T30OxtS4A39,3
6069,spotify:artist:71erjwGhr3OtCqtmKuy7qr,spotify:artist:6v8lYzIVcmeuPkoobFl7Dx,3
6070,spotify:artist:71erjwGhr3OtCqtmKuy7qr,spotify:artist:38RLX1nwz4aF9CQPTizSXb,3
6071,spotify:artist:71erjwGhr3OtCqtmKuy7qr,spotify:artist:6TR7TYiDiS5okigndyMIpK,3
6072,spotify:artist:71erjwGhr3OtCqtmKuy7qr,spotify:artist:1cMcFL2NdeUDYg0OtD1GeA,3
6073,spotify:artist:71erjwGhr3OtCqtmKuy7qr,spotify:artist:4tfyTbsNNN5xfxKDwG4VfP,3
6074,spotify:artist:71erjwGhr3OtCqtmKuy7qr,spotify:artist:0lanWnqevUdaLHZT3jPyhs,3
6075,spotify:artist:71erjwGhr3OtCqtmKuy7qr,spotify:artist:5CXWXFfhDhFN5uzbfUwAKt,3
6076,spotify:artist:71erjwGhr3OtCqtmKuy7qr,spotify:artist:6W8VbSclDd31QHMBwoC84H,3
6077,spotify:artist:71erjwGhr3OtCqtmKuy7qr,spotify:artist:4MlLVFHiA4e7BU7vQ4r5Lh,3
6078,spotify:artist:71erjwGhr3OtCqtmKuy7qr,spotify:artist:0i2IEcWvtHUBYPkYWwCgjC,3
6079,spotify:artist:71erjwGhr3OtCqtmKuy7qr,spotify:artist:2u7xZP39dtED9EuRX9MUwu,3
6080,spotify:artist:5CXWXFfhDhFN5uzbfUwAKt,spotify:artist:4w3QqrcmBv8dasemwBXmxf,3
6081,spotify:artist:5CXWXFfhDhFN5uzbfUwAKt,spotify:artist:1cMcFL2NdeUDYg0OtD1GeA,3
6082,spotify:artist:5CXWXFfhDhFN5uzbfUwAKt,spotify:artist:1GWV70Reko15eV2nHCm0bM,3
6083,spotify:artist:5CXWXFfhDhFN5uzbfUwAKt,spotify:artist:7sbwBqdkynNUDgiWU3TQ5J,3
6084,spotify:artist:5CXWXFfhDhFN5uzbfUwAKt,spotify:artist:6juuiuCv8jRHZOcvP2BqKp,3
6085,spotify:artist:5CXWXFfhDhFN5uzbfUwAKt,spotify:artist:4yvuCAFk8vERXXBf138h8S,3
6086,spotify:artist:5CXWXFfhDhFN5uzbfUwAKt,spotify:artist:3XdsvDqukVnHTVUhI3cB2c,3
6087,spotify:artist:5CXWXFfhDhFN5uzbfUwAKt,spotify:artist:0THUMJMWUd5L8os9K6O4FE,3
6088,spotify:artist:5CXWXFfhDhFN5uzbfUwAKt,spotify:artist:7tfS18oUEffScrxryTgwyC,3
6089,spotify:artist:5CXWXFfhDhFN5uzbfUwAKt,spotify:artist:5Qlt3zQ63Z99mNhuun0JAT,3
6090,spotify:artist:5CXWXFfhDhFN5uzbfUwAKt,spotify:artist:4HCubdy7diarb4KZo8etrq,3
6091,spotify:artist:5CXWXFfhDhFN5uzbfUwAKt,spotify:artist:7cKtqv9cYVlOwnuCFH95ce,3
6092,spotify:artist:5CXWXFfhDhFN5uzbfUwAKt,spotify:artist:2kTn692duPSkqN6czSilyk,3
6093,spotify:artist:5CXWXFfhDhFN5uzbfUwAKt,spotify:artist:4tfyTbsNNN5xfxKDwG4VfP,3
6094,spotify:artist:5CXWXFfhDhFN5uzbfUwAKt,spotify:artist:0i2IEcWvtHUBYPkYWwCgjC,3
6095,spotify:artist:5CXWXFfhDhFN5uzbfUwAKt,spotify:artist:7ckJvU525aRrorybAq1Rcg,3
6096,spotify:artist:5CXWXFfhDhFN5uzbfUwAKt,spotify:artist:5TnuP42pw475UrjjeabtwZ,3
6097,spotify:artist:5CXWXFfhDhFN5uzbfUwAKt,spotify:artist:5sMku8iI6FH3ypZTErz4kv,3
6098,spotify:artist:5CXWXFfhDhFN5uzbfUwAKt,spotify:artist:3loflELg7MzgrOyNqERolN,3
6099,spotify:artist:5CXWXFfhDhFN5uzbfUwAKt,spotify:artist:1ZsnHGOLYFg8CAHQQBc1ut,3
6100,spotify:artist:0O0g9JMOVNoIgLG6dgaYMY,spotify:artist:3B1VQErUlM3ZZ6d1EwYd2K,3
6101,spotify:artist:0O0g9JMOVNoIgLG6dgaYMY,spotify:artist:046wtejcUX9rhlzw2nlveT,3
6102,spotify:artist:0O0g9JMOVNoIgLG6dgaYMY,spotify:artist:7CW5MYWUsyUYiHbiTmVZHe,3
6103,spotify:artist:0O0g9JMOVNoIgLG6dgaYMY,spotify:artist:1CYmYyxlWBVY80Kvq5lTDg,3
6104,spotify:artist:0O0g9JMOVNoIgLG6dgaYMY,spotify:artist:1JXB7XQ9hjLB5pnr1eowKR,3
6105,spotify:artist:0O0g9JMOVNoIgLG6dgaYMY,spotify:artist:4yvuCAFk8vERXXBf138h8S,3
6106,spotify:artist:0O0g9JMOVNoIgLG6dgaYMY,spotify:artist:1l0eT7EY5r7U1gMVm2SyoS,3
6107,spotify:artist:0O0g9JMOVNoIgLG6dgaYMY,spotify:artist:1ilhXoWIlGxz3fM4B24mNo,3
6108,spotify:artist:0O0g9JMOVNoIgLG6dgaYMY,spotify:artist:5sMku8iI6FH3ypZTErz4kv,3
6109,spotify:artist:0O0g9JMOVNoIgLG6dgaYMY,spotify:artist:1Ag6UM6dow2OH9V06mxzV5,3
6110,spotify:artist:0O0g9JMOVNoIgLG6dgaYMY,spotify:artist:4UETUdF77BfyJ7fEFVztr3,3
6111,spotify:artist:0O0g9JMOVNoIgLG6dgaYMY,spotify:artist:1e9cOgMYTLJ0KFOjmTx13F,3
6112,spotify:artist:0O0g9JMOVNoIgLG6dgaYMY,spotify:artist:3UvcmAOZt64oKpP95f6MMM,3
6113,spotify:artist:0O0g9JMOVNoIgLG6dgaYMY,spotify:artist:4rxXqaQUe5udkRsGRDDDIY,3
6114,spotify:artist:0O0g9JMOVNoIgLG6dgaYMY,spotify:artist:4HCubdy7diarb4KZo8etrq,3
6115,spotify:artist:0O0g9JMOVNoIgLG6dgaYMY,spotify:artist:3aCS3JvkoSr84i7ge9pA9o,3
6116,spotify:artist:0O0g9JMOVNoIgLG6dgaYMY,spotify:artist:5MWBg16f5UYiaSlyVhzlIW,3
6117,spotify:artist:0O0g9JMOVNoIgLG6dgaYMY,spotify:artist:7k8oHbK8ratXIVlYX7fVRU,3
6118,spotify:artist:0O0g9JMOVNoIgLG6dgaYMY,spotify:artist:4MlLVFHiA4e7BU7vQ4r5Lh,3
6119,spotify:artist:0O0g9JMOVNoIgLG6dgaYMY,spotify:artist:3BqaUtuQmqIHg7B5Bc7fP7,3
6120,spotify:artist:1cMcFL2NdeUDYg0OtD1GeA,spotify:artist:5CXWXFfhDhFN5uzbfUwAKt,3
6121,spotify:artist:1cMcFL2NdeUDYg0OtD1GeA,spotify:artist:7ckJvU525aRrorybAq1Rcg,3
6122,spotify:artist:1cMcFL2NdeUDYg0OtD1GeA,spotify:artist:0i2IEcWvtHUBYPkYWwCgjC,3
6123,spotify:artist:1cMcFL2NdeUDYg0OtD1GeA,spotify:artist:3yvNAZbCyhOTQpkICM2etO,3
6124,spotify:artist:1cMcFL2NdeUDYg0OtD1GeA,spotify:artist:7sbwBqdkynNUDgiWU3TQ5J,3
6125,spotify:artist:1cMcFL2NdeUDYg0OtD1GeA,spotify:artist:7zi9v3F5KzAuS3MkJtm5dc,3
6126,spotify:artist:1cMcFL2NdeUDYg0OtD1GeA,spotify:artist:4w3QqrcmBv8dasemwBXmxf,3
6127,spotify:artist:1cMcFL2NdeUDYg0OtD1GeA,spotify:artist:3XdsvDqukVnHTVUhI3cB2c,3
6128,spotify:artist:1cMcFL2NdeUDYg0OtD1GeA,spotify:artist:4yvuCAFk8vERXXBf138h8S,3
6129,spotify:artist:1cMcFL2NdeUDYg0OtD1GeA,spotify:artist:6An62UauVVUH7OCxt5bnZu,3
6130,spotify:artist:1cMcFL2NdeUDYg0OtD1GeA,spotify:artist:2G5cWvHkX9WSrGv6OnmpWD,3
6131,spotify:artist:1cMcFL2NdeUDYg0OtD1GeA,spotify:artist:6juuiuCv8jRHZOcvP2BqKp,3
6132,spotify:artist:1cMcFL2NdeUDYg0OtD1GeA,spotify:artist:4HCubdy7diarb4KZo8etrq,3
6133,spotify:artist:1cMcFL2NdeUDYg0OtD1GeA,spotify:artist:2DmyIp3IBWUwRukba22G3n,3
6134,spotify:artist:1cMcFL2NdeUDYg0OtD1GeA,spotify:artist:4tfyTbsNNN5xfxKDwG4VfP,3
6135,spotify:artist:1cMcFL2NdeUDYg0OtD1GeA,spotify:artist:7tfS18oUEffScrxryTgwyC,3
6136,spotify:artist:1cMcFL2NdeUDYg0OtD1GeA,spotify:artist:3LMbBNkcscWjRZr0TrqHMT,3
6137,spotify:artist:1cMcFL2NdeUDYg0OtD1GeA,spotify:artist:1GWV70Reko15eV2nHCm0bM,3
6138,spotify:artist:1cMcFL2NdeUDYg0OtD1GeA,spotify:artist:0lanWnqevUdaLHZT3jPyhs,3
6139,spotify:artist:1cMcFL2NdeUDYg0OtD1GeA,spotify:artist:0b5EqFBUKekB0M1YRlmwUo,3
6140,spotify:artist:73RfKk8YdbdXckjcMBCAd4,spotify:artist:2ZfogSsOWP4mVfEqfpLXCt,3
6141,spotify:artist:73RfKk8YdbdXckjcMBCAd4,spotify:artist:2vJJ54Fm8loT4abayMYgRi,3
6142,spotify:artist:73RfKk8YdbdXckjcMBCAd4,spotify:artist:4GMP7hq7VXDmFiQ3KgiNtY,3
6143,spotify:artist:73RfKk8YdbdXckjcMBCAd4,spotify:artist:5ENOFSRHD8RnVWRp4gQJha,3
6144,spotify:artist:73RfKk8YdbdXckjcMBCAd4,spotify:artist:7tfS18oUEffScrxryTgwyC,3
6145,spotify:artist:73RfKk8YdbdXckjcMBCAd4,spotify:artist:0Y7wP2hcWMz4jQeG8dAc9Y,3
6146,spotify:artist:73RfKk8YdbdXckjcMBCAd4,spotify:artist:2kTn692duPSkqN6czSilyk,3
6147,spotify:artist:73RfKk8YdbdXckjcMBCAd4,spotify:artist:4yvuCAFk8vERXXBf138h8S,3
6148,spotify:artist:73RfKk8YdbdXckjcMBCAd4,spotify:artist:5BIZN4qD3SgxT9HVv9Aex8,3
6149,spotify:artist:73RfKk8YdbdXckjcMBCAd4,spotify:artist:1zPFQJMCQytOvsbOtaXbHL,3
6150,spotify:artist:73RfKk8YdbdXckjcMBCAd4,spotify:artist:4HCubdy7diarb4KZo8etrq,3
6151,spotify:artist:73RfKk8YdbdXckjcMBCAd4,spotify:artist:14rNOocOS3RnmAKhT4GnU4,3
6152,spotify:artist:73RfKk8YdbdXckjcMBCAd4,spotify:artist:3f4jpufkQoh1yCyPb8589b,3
6153,spotify:artist:73RfKk8YdbdXckjcMBCAd4,spotify:artist:4v9TwSGVrHPLX0APn1z0XU,3
6154,spotify:artist:73RfKk8YdbdXckjcMBCAd4,spotify:artist:7zi9v3F5KzAuS3MkJtm5dc,3
6155,spotify:artist:73RfKk8YdbdXckjcMBCAd4,spotify:artist:6sAh1RUpXblYP320gZ91LC,3
6156,spotify:artist:73RfKk8YdbdXckjcMBCAd4,spotify:artist:5CXWXFfhDhFN5uzbfUwAKt,3
6157,spotify:artist:73RfKk8YdbdXckjcMBCAd4,spotify:artist:4yTpcTQPkEjDWR0jhrlPin,3
6158,spotify:artist:73RfKk8YdbdXckjcMBCAd4,spotify:artist:0O0g9JMOVNoIgLG6dgaYMY,3
6159,spotify:artist:73RfKk8YdbdXckjcMBCAd4,spotify:artist:2EftfRcBC3whzGDBGOwIVG,3
6160,spotify:artist:4MTSrVgHNfGtYV9pek8vY5,spotify:artist:532Srqaijer1gzRS85bD9y,3
6161,spotify:artist:4MTSrVgHNfGtYV9pek8vY5,spotify:artist:6An62UauVVUH7OCxt5bnZu,3
6162,spotify:artist:4MTSrVgHNfGtYV9pek8vY5,spotify:artist:4tfyTbsNNN5xfxKDwG4VfP,3
6163,spotify:artist:4MTSrVgHNfGtYV9pek8vY5,spotify:artist:5sMku8iI6FH3ypZTErz4kv,3
6164,spotify:artist:4MTSrVgHNfGtYV9pek8vY5,spotify:artist:3LrsctPHK5wMdvEqvFN8BW,3
6165,spotify:artist:4MTSrVgHNfGtYV9pek8vY5,spotify:artist:4tyCvqG48h4LdcbFfWBjR9,3
6166,spotify:artist:4MTSrVgHNfGtYV9pek8vY5,spotify:artist:7zi9v3F5KzAuS3MkJtm5dc,3
6167,spotify:artist:4MTSrVgHNfGtYV9pek8vY5,spotify:artist:5KZSVZ1Y6B0D1vamrn8IGm,3
6168,spotify:artist:4MTSrVgHNfGtYV9pek8vY5,spotify:artist:0lanWnqevUdaLHZT3jPyhs,3
6169,spotify:artist:4MTSrVgHNfGtYV9pek8vY5,spotify:artist:53YkKjHFfjYq6dtcLiQ8NO,3
6170,spotify:artist:4MTSrVgHNfGtYV9pek8vY5,spotify:artist:3yvNAZbCyhOTQpkICM2etO,3
6171,spotify:artist:4MTSrVgHNfGtYV9pek8vY5,spotify:artist:0Uo1d5A6BR1I155GlD9WYo,3
6172,spotify:artist:4MTSrVgHNfGtYV9pek8vY5,spotify:artist:4FPmAi3p4T3p0AsthfqHMA,3
6173,spotify:artist:4MTSrVgHNfGtYV9pek8vY5,spotify:artist:7tfS18oUEffScrxryTgwyC,3
6174,spotify:artist:4MTSrVgHNfGtYV9pek8vY5,spotify:artist:5EtBXjUUyPJmiljpRdN6RJ,3
6175,spotify:artist:4MTSrVgHNfGtYV9pek8vY5,spotify:artist:2kTn692duPSkqN6czSilyk,3
6176,spotify:artist:4MTSrVgHNfGtYV9pek8vY5,spotify:artist:4HCubdy7diarb4KZo8etrq,3
6177,spotify:artist:4MTSrVgHNfGtYV9pek8vY5,spotify:artist:6UYwzZChuolxsylHcZcBBP,3
6178,spotify:artist:4MTSrVgHNfGtYV9pek8vY5,spotify:artist:0i2IEcWvtHUBYPkYWwCgjC,3
6179,spotify:artist:4MTSrVgHNfGtYV9pek8vY5,spotify:artist:6hBQq083tyW3yrF1gdVt4Q,3
6180,spotify:artist:6AlyT7VEJYn0cuDMbjPaOn,spotify:artist:6Elz2qLFnoivKS0AqEqdWu,3
6181,spotify:artist:6AlyT7VEJYn0cuDMbjPaOn,spotify:artist:2kTn692duPSkqN6czSilyk,3
6182,spotify:artist:6AlyT7VEJYn0cuDMbjPaOn,spotify:artist:1cbOix9QbWe1UMGtXOa5cI,3
6183,spotify:artist:6AlyT7VEJYn0cuDMbjPaOn,spotify:artist:4yvuCAFk8vERXXBf138h8S,3
6184,spotify:artist:6AlyT7VEJYn0cuDMbjPaOn,spotify:artist:7tfS18oUEffScrxryTgwyC,3
6185,spotify:artist:6AlyT7VEJYn0cuDMbjPaOn,spotify:artist:4HCubdy7diarb4KZo8etrq,3
6186,spotify:artist:6AlyT7VEJYn0cuDMbjPaOn,spotify:artist:6uHjKRsYGaElOrKWlSEji3,3
6187,spotify:artist:6AlyT7VEJYn0cuDMbjPaOn,spotify:artist:5CXWXFfhDhFN5uzbfUwAKt,3
6188,spotify:artist:6AlyT7VEJYn0cuDMbjPaOn,spotify:artist:3WNuXg2cfUF1m2ol7bh5ff,3
6189,spotify:artist:6AlyT7VEJYn0cuDMbjPaOn,spotify:artist:5EtBXjUUyPJmiljpRdN6RJ,3
6190,spotify:artist:6AlyT7VEJYn0cuDMbjPaOn,spotify:artist:6juuiuCv8jRHZOcvP2BqKp,3
6191,spotify:artist:6AlyT7VEJYn0cuDMbjPaOn,spotify:artist:1Ag6UM6dow2OH9V06mxzV5,3
6192,spotify:artist:6AlyT7VEJYn0cuDMbjPaOn,spotify:artist:5sMku8iI6FH3ypZTErz4kv,3
6193,spotify:artist:6AlyT7VEJYn0cuDMbjPaOn,spotify:artist:1GWV70Reko15eV2nHCm0bM,3
6194,spotify:artist:6AlyT7VEJYn0cuDMbjPaOn,spotify:artist:4rxXqaQUe5udkRsGRDDDIY,3
6195,spotify:artist:6AlyT7VEJYn0cuDMbjPaOn,spotify:artist:7GsdZ6T45uXudJ8Wsko9sB,3
6196,spotify:artist:6AlyT7VEJYn0cuDMbjPaOn,spotify:artist:4AIo9dEYhuS3AtwhhKgA0M,3
6197,spotify:artist:6AlyT7VEJYn0cuDMbjPaOn,spotify:artist:1Qondy0id4ABDI62mzlCcX,3
6198,spotify:artist:6AlyT7VEJYn0cuDMbjPaOn,spotify:artist:16VudBYGOd9sMpOtA0szfp,3
6199,spotify:artist:6AlyT7VEJYn0cuDMbjPaOn,spotify:artist:4tfyTbsNNN5xfxKDwG4VfP,3
6200,spotify:artist:6Elz2qLFnoivKS0AqEqdWu,spotify:artist:1cbOix9QbWe1UMGtXOa5cI,3
6201,spotify:artist:6Elz2qLFnoivKS0AqEqdWu,spotify:artist:4GMP7hq7VXDmFiQ3KgiNtY,3
6202,spotify:artist:6Elz2qLFnoivKS0AqEqdWu,spotify:artist:6AlyT7VEJYn0cuDMbjPaOn,3
6203,spotify:artist:6Elz2qLFnoivKS0AqEqdWu,spotify:artist:4lhOJ0IimhpjlZjfc8c5zM,3
6204,spotify:artist:6Elz2qLFnoivKS0AqEqdWu,spotify:artist:2NkjQklq3DN0m4MqdQaWAT,3
6205,spotify:artist:6Elz2qLFnoivKS0AqEqdWu,spotify:artist:0Y7wP2hcWMz4jQeG8dAc9Y,3
6206,spotify:artist:6Elz2qLFnoivKS0AqEqdWu,spotify:artist:2vJJ54Fm8loT4abayMYgRi,3
6207,spotify:artist:6Elz2qLFnoivKS0AqEqdWu,spotify:artist:602nksrzSSXE16wRC7QuhD,3
6208,spotify:artist:6Elz2qLFnoivKS0AqEqdWu,spotify:artist:2uYgJqXptYxvSIf0cLhmHI,3
6209,spotify:artist:6Elz2qLFnoivKS0AqEqdWu,spotify:artist:6AEG1EJDgdOWQQEeP2AI97,3
6210,spotify:artist:6Elz2qLFnoivKS0AqEqdWu,spotify:artist:2kTn692duPSkqN6czSilyk,3
6211,spotify:artist:6Elz2qLFnoivKS0AqEqdWu,spotify:artist:6sAh1RUpXblYP320gZ91LC,3
6212,spotify:artist:6Elz2qLFnoivKS0AqEqdWu,spotify:artist:73RfKk8YdbdXckjcMBCAd4,3
6213,spotify:artist:6Elz2qLFnoivKS0AqEqdWu,spotify:artist:7tfS18oUEffScrxryTgwyC,3
6214,spotify:artist:6Elz2qLFnoivKS0AqEqdWu,spotify:artist:2HCCxaQnVHsPZLLSKqpERa,3
6215,spotify:artist:6Elz2qLFnoivKS0AqEqdWu,spotify:artist:0pEaZyETeq3k0YzcnGveOn,3
6216,spotify:artist:6Elz2qLFnoivKS0AqEqdWu,spotify:artist:4yvuCAFk8vERXXBf138h8S,3
6217,spotify:artist:6Elz2qLFnoivKS0AqEqdWu,spotify:artist:71erjwGhr3OtCqtmKuy7qr,3
6218,spotify:artist:6Elz2qLFnoivKS0AqEqdWu,spotify:artist:5j1ov1SWSFCelDDg4VygwI,3
6219,spotify:artist:6Elz2qLFnoivKS0AqEqdWu,spotify:artist:0H7mwa1nFcoYByRUzINWPi,3
6220,spotify:artist:4GMP7hq7VXDmFiQ3KgiNtY,spotify:artist:0Y7wP2hcWMz4jQeG8dAc9Y,3
6221,spotify:artist:4GMP7hq7VXDmFiQ3KgiNtY,spotify:artist:6sAh1RUpXblYP320gZ91LC,3
6222,spotify:artist:4GMP7hq7VXDmFiQ3KgiNtY,spotify:artist:2uYgJqXptYxvSIf0cLhmHI,3
6223,spotify:artist:4GMP7hq7VXDmFiQ3KgiNtY,spotify:artist:2vJJ54Fm8loT4abayMYgRi,3
6224,spotify:artist:4GMP7hq7VXDmFiQ3KgiNtY,spotify:artist:1cbOix9QbWe1UMGtXOa5cI,3
6225,spotify:artist:4GMP7hq7VXDmFiQ3KgiNtY,spotify:artist:5m5cTNJ2RxfxKpGULocV9T,3
6226,spotify:artist:4GMP7hq7VXDmFiQ3KgiNtY,spotify:artist:602nksrzSSXE16wRC7QuhD,3
6227,spotify:artist:4GMP7hq7VXDmFiQ3KgiNtY,spotify:artist:2kTn692duPSkqN6czSilyk,3
6228,spotify:artist:4GMP7hq7VXDmFiQ3KgiNtY,spotify:artist:2NkjQklq3DN0m4MqdQaWAT,3
6229,spotify:artist:4GMP7hq7VXDmFiQ3KgiNtY,spotify:artist:4mZlgrDsGRgWXy7T5ke3hP,3
6230,spotify:artist:4GMP7hq7VXDmFiQ3KgiNtY,spotify:artist:2HCCxaQnVHsPZLLSKqpERa,3
6231,spotify:artist:4GMP7hq7VXDmFiQ3KgiNtY,spotify:artist:6Elz2qLFnoivKS0AqEqdWu,3
6232,spotify:artist:4GMP7hq7VXDmFiQ3KgiNtY,spotify:artist:7GvCdRq4iHNQDsGlPWOycw,3
6233,spotify:artist:4GMP7hq7VXDmFiQ3KgiNtY,spotify:artist:7HZQqtnOYmjJl8XAB3Vg8y,3
6234,spotify:artist:4GMP7hq7VXDmFiQ3KgiNtY,spotify:artist:2k0zkxxRvJKwiHQq5QfjYn,3
6235,spotify:artist:4GMP7hq7VXDmFiQ3KgiNtY,spotify:artist:3aAUu37qACrKr6h9eQyNVj,3
6236,spotify:artist:4GMP7hq7VXDmFiQ3KgiNtY,spotify:artist:6TlEg7LBfZcALoUe5HhnZn,3
6237,spotify:artist:4GMP7hq7VXDmFiQ3KgiNtY,spotify:artist:1RNwrc6Yfn4mxT8RCnck0y,3
6238,spotify:artist:4GMP7hq7VXDmFiQ3KgiNtY,spotify:artist:5ydii9WwX1NPG6k5lrAb6m,3
6239,spotify:artist:4GMP7hq7VXDmFiQ3KgiNtY,spotify:artist:5j1ov1SWSFCelDDg4VygwI,3
6240,spotify:artist:0Y7wP2hcWMz4jQeG8dAc9Y,spotify:artist:4GMP7hq7VXDmFiQ3KgiNtY,3
6241,spotify:artist:0Y7wP2hcWMz4jQeG8dAc9Y,spotify:artist:2uYgJqXptYxvSIf0cLhmHI,3
6242,spotify:artist:0Y7wP2hcWMz4jQeG8dAc9Y,spotify:artist:6sAh1RUpXblYP320gZ91LC,3
6243,spotify:artist:0Y7wP2hcWMz4jQeG8dAc9Y,spotify:artist:2vJJ54Fm8loT4abayMYgRi,3
6244,spotify:artist:0Y7wP2hcWMz4jQeG8dAc9Y,spotify:artist:602nksrzSSXE16wRC7QuhD,3
6245,spotify:artist:0Y7wP2hcWMz4jQeG8dAc9Y,spotify:artist:4mZlgrDsGRgWXy7T5ke3hP,3
6246,spotify:artist:0Y7wP2hcWMz4jQeG8dAc9Y,spotify:artist:1cbOix9QbWe1UMGtXOa5cI,3
6247,spotify:artist:0Y7wP2hcWMz4jQeG8dAc9Y,spotify:artist:2kTn692duPSkqN6czSilyk,3
6248,spotify:artist:0Y7wP2hcWMz4jQeG8dAc9Y,spotify:artist:00uHQwsBLcSFJpfAxEu7IF,3
6249,spotify:artist:0Y7wP2hcWMz4jQeG8dAc9Y,spotify:artist:2PYQ0TTB6WTLYXgfN1fZTw,3
6250,spotify:artist:0Y7wP2hcWMz4jQeG8dAc9Y,spotify:artist:7GvCdRq4iHNQDsGlPWOycw,3
6251,spotify:artist:0Y7wP2hcWMz4jQeG8dAc9Y,spotify:artist:7HZQqtnOYmjJl8XAB3Vg8y,3
6252,spotify:artist:0Y7wP2hcWMz4jQeG8dAc9Y,spotify:artist:6TlEg7LBfZcALoUe5HhnZn,3
6253,spotify:artist:0Y7wP2hcWMz4jQeG8dAc9Y,spotify:artist:0aJ02dgmmONlBUAeQzyFsc,3
6254,spotify:artist:0Y7wP2hcWMz4jQeG8dAc9Y,spotify:artist:5m5cTNJ2RxfxKpGULocV9T,3
6255,spotify:artist:0Y7wP2hcWMz4jQeG8dAc9Y,spotify:artist:5ydii9WwX1NPG6k5lrAb6m,3
6256,spotify:artist:0Y7wP2hcWMz4jQeG8dAc9Y,spotify:artist:5j1ov1SWSFCelDDg4VygwI,3
6257,spotify:artist:0Y7wP2hcWMz4jQeG8dAc9Y,spotify:artist:2k0zkxxRvJKwiHQq5QfjYn,3
6258,spotify:artist:0Y7wP2hcWMz4jQeG8dAc9Y,spotify:artist:1gqScLJ95gthFQ3TavIKSk,3
6259,spotify:artist:0Y7wP2hcWMz4jQeG8dAc9Y,spotify:artist:1RNwrc6Yfn4mxT8RCnck0y,3
6260,spotify:artist:1cbOix9QbWe1UMGtXOa5cI,spotify:artist:4GMP7hq7VXDmFiQ3KgiNtY,3
6261,spotify:artist:1cbOix9QbWe1UMGtXOa5cI,spotify:artist:2vJJ54Fm8loT4abayMYgRi,3
6262,spotify:artist:1cbOix9QbWe1UMGtXOa5cI,spotify:artist:2uYgJqXptYxvSIf0cLhmHI,3
6263,spotify:artist:1cbOix9QbWe1UMGtXOa5cI,spotify:artist:6Elz2qLFnoivKS0AqEqdWu,3
6264,spotify:artist:1cbOix9QbWe1UMGtXOa5cI,spotify:artist:0Y7wP2hcWMz4jQeG8dAc9Y,3
6265,spotify:artist:1cbOix9QbWe1UMGtXOa5cI,spotify:artist:3o9RyPGRct8ULJ0A489ZJT,3
6266,spotify:artist:1cbOix9QbWe1UMGtXOa5cI,spotify:artist:5j1ov1SWSFCelDDg4VygwI,3
6267,spotify:artist:1cbOix9QbWe1UMGtXOa5cI,spotify:artist:7GvCdRq4iHNQDsGlPWOycw,3
6268,spotify:artist:1cbOix9QbWe1UMGtXOa5cI,spotify:artist:2e0d0elh8VMb3rJWwSKeUv,3
6269,spotify:artist:1cbOix9QbWe1UMGtXOa5cI,spotify:artist:2HCCxaQnVHsPZLLSKqpERa,3
6270,spotify:artist:1cbOix9QbWe1UMGtXOa5cI,spotify:artist:6AlyT7VEJYn0cuDMbjPaOn,3
6271,spotify:artist:1cbOix9QbWe1UMGtXOa5cI,spotify:artist:602nksrzSSXE16wRC7QuhD,3
6272,spotify:artist:1cbOix9QbWe1UMGtXOa5cI,spotify:artist:5WiA0UUUKDWkysnLQFRY8e,3
6273,spotify:artist:1cbOix9QbWe1UMGtXOa5cI,spotify:artist:1RNwrc6Yfn4mxT8RCnck0y,3
6274,spotify:artist:1cbOix9QbWe1UMGtXOa5cI,spotify:artist:6sAh1RUpXblYP320gZ91LC,3
6275,spotify:artist:1cbOix9QbWe1UMGtXOa5cI,spotify:artist:7vQnnspmby7odUPVqrGZTS,3
6276,spotify:artist:1cbOix9QbWe1UMGtXOa5cI,spotify:artist:5m5cTNJ2RxfxKpGULocV9T,3
6277,spotify:artist:1cbOix9QbWe1UMGtXOa5cI,spotify:artist:2kTn692duPSkqN6czSilyk,3
6278,spotify:artist:1cbOix9QbWe1UMGtXOa5cI,spotify:artist:4NGepIkaXBh3jcogcM3vuz,3
6279,spotify:artist:1cbOix9QbWe1UMGtXOa5cI,spotify:artist:7wU07Kjq0aExeqIKWaZ3Rt,3
6280,spotify:artist:2ZfogSsOWP4mVfEqfpLXCt,spotify:artist:0O0lrN34wrcuBenkqlEDZe,3
6281,spotify:artist:2ZfogSsOWP4mVfEqfpLXCt,spotify:artist:0fgYKF9Avljex0L9Wt5b8Z,3
6282,spotify:artist:2ZfogSsOWP4mVfEqfpLXCt,spotify:artist:09mvgMBvJkxarNIDGdwPWg,3
6283,spotify:artist:2ZfogSsOWP4mVfEqfpLXCt,spotify:artist:4HLWX9kzfraiCsTvrxJEXm,3
6284,spotify:artist:2ZfogSsOWP4mVfEqfpLXCt,spotify:artist:7cKtqv9cYVlOwnuCFH95ce,3
6285,spotify:artist:2ZfogSsOWP4mVfEqfpLXCt,spotify:artist:0fYPQBOx0vsRMmjUba9HgF,3
6286,spotify:artist:2ZfogSsOWP4mVfEqfpLXCt,spotify:artist:73RfKk8YdbdXckjcMBCAd4,3
6287,spotify:artist:2ZfogSsOWP4mVfEqfpLXCt,spotify:artist:4v9TwSGVrHPLX0APn1z0XU,3
6288,spotify:artist:2ZfogSsOWP4mVfEqfpLXCt,spotify:artist:7zeHJIIfNStVfxlbT72UwY,3
6289,spotify:artist:2ZfogSsOWP4mVfEqfpLXCt,spotify:artist:4tfyTbsNNN5xfxKDwG4VfP,3
6290,spotify:artist:2ZfogSsOWP4mVfEqfpLXCt,spotify:artist:4Egyhh5C7MvfJaWXFx1qc4,3
6291,spotify:artist:2ZfogSsOWP4mVfEqfpLXCt,spotify:artist:2kTn692duPSkqN6czSilyk,3
6292,spotify:artist:2ZfogSsOWP4mVfEqfpLXCt,spotify:artist:4hzCcF4Leos2sKnz79nwhz,3
6293,spotify:artist:2ZfogSsOWP4mVfEqfpLXCt,spotify:artist:0oQLexIBY9SlMhtbSIPFAO,3
6294,spotify:artist:2ZfogSsOWP4mVfEqfpLXCt,spotify:artist:4HCubdy7diarb4KZo8etrq,3
6295,spotify:artist:2ZfogSsOWP4mVfEqfpLXCt,spotify:artist:4AIo9dEYhuS3AtwhhKgA0M,3
6296,spotify:artist:2ZfogSsOWP4mVfEqfpLXCt,spotify:artist:63yEaRONzlJVu1ozymo4Fk,3
6297,spotify:artist:2ZfogSsOWP4mVfEqfpLXCt,spotify:artist:3LrsctPHK5wMdvEqvFN8BW,3
6298,spotify:artist:2ZfogSsOWP4mVfEqfpLXCt,spotify:artist:6juuiuCv8jRHZOcvP2BqKp,3
6299,spotify:artist:2ZfogSsOWP4mVfEqfpLXCt,spotify:artist:30m0NFP0tHVmxcsUCvEN3K,3
6300,spotify:artist:2YvNi4oPdBgD45gc1UycxW,spotify:artist:6soJo0dtX31T30OxtS4A39,3
6301,spotify:artist:2YvNi4oPdBgD45gc1UycxW,spotify:artist:4mq3N5MJRHIbGHme2Gxwn8,3
6302,spotify:artist:2YvNi4oPdBgD45gc1UycxW,spotify:artist:6LRmgzRManplPQghd2BMqz,3
6303,spotify:artist:2YvNi4oPdBgD45gc1UycxW,spotify:artist:5S76x1RQk1FgHwX3y4giOO,3
6304,spotify:artist:2YvNi4oPdBgD45gc1UycxW,spotify:artist:1ZwVncciWUroQ1SbaU4Rcg,3
6305,spotify:artist:2YvNi4oPdBgD45gc1UycxW,spotify:artist:4DKgySPRqtTAw0eUMmp3O9,3
6306,spotify:artist:2YvNi4oPdBgD45gc1UycxW,spotify:artist:1Yy0i6C3R2ubzz9CRM4JDv,3
6307,spotify:artist:2YvNi4oPdBgD45gc1UycxW,spotify:artist:5u63s2SFlGjNE1dJOVKhYZ,3
6308,spotify:artist:2YvNi4oPdBgD45gc1UycxW,spotify:artist:4EnBjY8cxqXgjAfP640aqh,3
6309,spotify:artist:2YvNi4oPdBgD45gc1UycxW,spotify:artist:2t13Pql594lu7NxU1h4DTp,3
6310,spotify:artist:2YvNi4oPdBgD45gc1UycxW,spotify:artist:5xXxYvK0cBu6BY5KWctwwf,3
6311,spotify:artist:2YvNi4oPdBgD45gc1UycxW,spotify:artist:4MlLVFHiA4e7BU7vQ4r5Lh,3
6312,spotify:artist:2YvNi4oPdBgD45gc1UycxW,spotify:artist:4HCubdy7diarb4KZo8etrq,3
6313,spotify:artist:2YvNi4oPdBgD45gc1UycxW,spotify:artist:4Nu0EL8c5d2vFHPOcNjlBP,3
6314,spotify:artist:2YvNi4oPdBgD45gc1UycxW,spotify:artist:2u7xZP39dtED9EuRX9MUwu,3
6315,spotify:artist:2YvNi4oPdBgD45gc1UycxW,spotify:artist:7KEIQKLtisCoovALuuZ8pP,3
6316,spotify:artist:2YvNi4oPdBgD45gc1UycxW,spotify:artist:1PWA0lpxep5zsUGmGD202Y,3
6317,spotify:artist:2YvNi4oPdBgD45gc1UycxW,spotify:artist:4UETUdF77BfyJ7fEFVztr3,3
6318,spotify:artist:2YvNi4oPdBgD45gc1UycxW,spotify:artist:6v8lYzIVcmeuPkoobFl7Dx,3
6319,spotify:artist:2YvNi4oPdBgD45gc1UycxW,spotify:artist:7ppwXAQNWfPDGu22hCk5Yr,3
6320,spotify:artist:0i2IEcWvtHUBYPkYWwCgjC,spotify:artist:1cMcFL2NdeUDYg0OtD1GeA,3
6321,spotify:artist:0i2IEcWvtHUBYPkYWwCgjC,spotify:artist:4tfyTbsNNN5xfxKDwG4VfP,3
6322,spotify:artist:0i2IEcWvtHUBYPkYWwCgjC,spotify:artist:4v9TwSGVrHPLX0APn1z0XU,3
6323,spotify:artist:0i2IEcWvtHUBYPkYWwCgjC,spotify:artist:3yvNAZbCyhOTQpkICM2etO,3
6324,spotify:artist:0i2IEcWvtHUBYPkYWwCgjC,spotify:artist:7sbwBqdkynNUDgiWU3TQ5J,3
6325,spotify:artist:0i2IEcWvtHUBYPkYWwCgjC,spotify:artist:7ckJvU525aRrorybAq1Rcg,3
6326,spotify:artist:0i2IEcWvtHUBYPkYWwCgjC,spotify:artist:2Sp19cOHSqAUlE64hekARW,3
6327,spotify:artist:0i2IEcWvtHUBYPkYWwCgjC,spotify:artist:63yEaRONzlJVu1ozymo4Fk,3
6328,spotify:artist:0i2IEcWvtHUBYPkYWwCgjC,spotify:artist:6v8lYzIVcmeuPkoobFl7Dx,3
6329,spotify:artist:0i2IEcWvtHUBYPkYWwCgjC,spotify:artist:3LMbBNkcscWjRZr0TrqHMT,3
6330,spotify:artist:0i2IEcWvtHUBYPkYWwCgjC,spotify:artist:3LrsctPHK5wMdvEqvFN8BW,3
6331,spotify:artist:0i2IEcWvtHUBYPkYWwCgjC,spotify:artist:4HCubdy7diarb4KZo8etrq,3
6332,spotify:artist:0i2IEcWvtHUBYPkYWwCgjC,spotify:artist:4nlqDmbzFzbNITaqjJv7D7,3
6333,spotify:artist:0i2IEcWvtHUBYPkYWwCgjC,spotify:artist:3XdsvDqukVnHTVUhI3cB2c,3
6334,spotify:artist:0i2IEcWvtHUBYPkYWwCgjC,spotify:artist:3KH6DLHeoFZgVbtKiLXb6L,3
6335,spotify:artist:0i2IEcWvtHUBYPkYWwCgjC,spotify:artist:2u7xZP39dtED9EuRX9MUwu,3
6336,spotify:artist:0i2IEcWvtHUBYPkYWwCgjC,spotify:artist:5CXWXFfhDhFN5uzbfUwAKt,3
6337,spotify:artist:0i2IEcWvtHUBYPkYWwCgjC,spotify:artist:4FPmAi3p4T3p0AsthfqHMA,3
6338,spotify:artist:0i2IEcWvtHUBYPkYWwCgjC,spotify:artist:4tyCvqG48h4LdcbFfWBjR9,3
6339,spotify:artist:0i2IEcWvtHUBYPkYWwCgjC,spotify:artist:6juuiuCv8jRHZOcvP2BqKp,3
6340,spotify:artist:7zi9v3F5KzAuS3MkJtm5dc,spotify:artist:3LrsctPHK5wMdvEqvFN8BW,3
6341,spotify:artist:7zi9v3F5KzAuS3MkJtm5dc,spotify:artist:6An62UauVVUH7OCxt5bnZu,3
6342,spotify:artist:7zi9v3F5KzAuS3MkJtm5dc,spotify:artist:0lanWnqevUdaLHZT3jPyhs,3
6343,spotify:artist:7zi9v3F5KzAuS3MkJtm5dc,spotify:artist:4MTSrVgHNfGtYV9pek8vY5,3
6344,spotify:artist:7zi9v3F5KzAuS3MkJtm5dc,spotify:artist:38RLX1nwz4aF9CQPTizSXb,3
6345,spotify:artist:7zi9v3F5KzAuS3MkJtm5dc,spotify:artist:1cMcFL2NdeUDYg0OtD1GeA,3
6346,spotify:artist:7zi9v3F5KzAuS3MkJtm5dc,spotify:artist:7ckJvU525aRrorybAq1Rcg,3
6347,spotify:artist:7zi9v3F5KzAuS3MkJtm5dc,spotify:artist:4HCubdy7diarb4KZo8etrq,3
6348,spotify:artist:7zi9v3F5KzAuS3MkJtm5dc,spotify:artist:6v8lYzIVcmeuPkoobFl7Dx,3
6349,spotify:artist:7zi9v3F5KzAuS3MkJtm5dc,spotify:artist:3yvNAZbCyhOTQpkICM2etO,3
6350,spotify:artist:7zi9v3F5KzAuS3MkJtm5dc,spotify:artist:6juuiuCv8jRHZOcvP2BqKp,3
6351,spotify:artist:7zi9v3F5KzAuS3MkJtm5dc,spotify:artist:4tfyTbsNNN5xfxKDwG4VfP,3
6352,spotify:artist:7zi9v3F5KzAuS3MkJtm5dc,spotify:artist:532Srqaijer1gzRS85bD9y,3
6353,spotify:artist:7zi9v3F5KzAuS3MkJtm5dc,spotify:artist:6TR7TYiDiS5okigndyMIpK,3
6354,spotify:artist:7zi9v3F5KzAuS3MkJtm5dc,spotify:artist:1jreFruN0iLeTkOGVOBE8c,3
6355,spotify:artist:7zi9v3F5KzAuS3MkJtm5dc,spotify:artist:71erjwGhr3OtCqtmKuy7qr,3
6356,spotify:artist:7zi9v3F5KzAuS3MkJtm5dc,spotify:artist:5fR6txzrEnBtoAw61jSIsN,3
6357,spotify:artist:7zi9v3F5KzAuS3MkJtm5dc,spotify:artist:5sMku8iI6FH3ypZTErz4kv,3
6358,spotify:artist:7zi9v3F5KzAuS3MkJtm5dc,spotify:artist:7sbwBqdkynNUDgiWU3TQ5J,3
6359,spotify:artist:7zi9v3F5KzAuS3MkJtm5dc,spotify:artist:4FPmAi3p4T3p0AsthfqHMA,3
6360,spotify:artist:6soJo0dtX31T30OxtS4A39,spotify:artist:2YvNi4oPdBgD45gc1UycxW,3
6361,spotify:artist:6soJo0dtX31T30OxtS4A39,spotify:artist:4mq3N5MJRHIbGHme2Gxwn8,3
6362,spotify:artist:6soJo0dtX31T30OxtS4A39,spotify:artist:6LRmgzRManplPQghd2BMqz,3
6363,spotify:artist:6soJo0dtX31T30OxtS4A39,spotify:artist:5S76x1RQk1FgHwX3y4giOO,3
6364,spotify:artist:6soJo0dtX31T30OxtS4A39,spotify:artist:1ZwVncciWUroQ1SbaU4Rcg,3
6365,spotify:artist:6soJo0dtX31T30OxtS4A39,spotify:artist:4EnBjY8cxqXgjAfP640aqh,3
6366,spotify:artist:6soJo0dtX31T30OxtS4A39,spotify:artist:4DKgySPRqtTAw0eUMmp3O9,3
6367,spotify:artist:6soJo0dtX31T30OxtS4A39,spotify:artist:1Yy0i6C3R2ubzz9CRM4JDv,3
6368,spotify:artist:6soJo0dtX31T30OxtS4A39,spotify:artist:2t13Pql594lu7NxU1h4DTp,3
6369,spotify:artist:6soJo0dtX31T30OxtS4A39,spotify:artist:5xXxYvK0cBu6BY5KWctwwf,3
6370,spotify:artist:6soJo0dtX31T30OxtS4A39,spotify:artist:5u63s2SFlGjNE1dJOVKhYZ,3
6371,spotify:artist:6soJo0dtX31T30OxtS4A39,spotify:artist:7KEIQKLtisCoovALuuZ8pP,3
6372,spotify:artist:6soJo0dtX31T30OxtS4A39,spotify:artist:4HCubdy7diarb4KZo8etrq,3
6373,spotify:artist:6soJo0dtX31T30OxtS4A39,spotify:artist:1PWA0lpxep5zsUGmGD202Y,3
6374,spotify:artist:6soJo0dtX31T30OxtS4A39,spotify:artist:6IYhQUa20ru5eYoFYeQurx,3
6375,spotify:artist:6soJo0dtX31T30OxtS4A39,spotify:artist:4MlLVFHiA4e7BU7vQ4r5Lh,3
6376,spotify:artist:6soJo0dtX31T30OxtS4A39,spotify:artist:046wtejcUX9rhlzw2nlveT,3
6377,spotify:artist:6soJo0dtX31T30OxtS4A39,spotify:artist:4UETUdF77BfyJ7fEFVztr3,3
6378,spotify:artist:6soJo0dtX31T30OxtS4A39,spotify:artist:2u7xZP39dtED9EuRX9MUwu,3
6379,spotify:artist:6soJo0dtX31T30OxtS4A39,spotify:artist:6TR7TYiDiS5okigndyMIpK,3
6380,spotify:artist:4tfyTbsNNN5xfxKDwG4VfP,spotify:artist:3LrsctPHK5wMdvEqvFN8BW,3
6381,spotify:artist:4tfyTbsNNN5xfxKDwG4VfP,spotify:artist:6UYwzZChuolxsylHcZcBBP,3
6382,spotify:artist:4tfyTbsNNN5xfxKDwG4VfP,spotify:artist:4FPmAi3p4T3p0AsthfqHMA,3
6383,spotify:artist:4tfyTbsNNN5xfxKDwG4VfP,spotify:artist:4tyCvqG48h4LdcbFfWBjR9,3
6384,spotify:artist:4tfyTbsNNN5xfxKDwG4VfP,spotify:artist:4v9TwSGVrHPLX0APn1z0XU,3
6385,spotify:artist:4tfyTbsNNN5xfxKDwG4VfP,spotify:artist:2duIh1sS0qsKqvoPm0X2g4,3
6386,spotify:artist:4tfyTbsNNN5xfxKDwG4VfP,spotify:artist:3tW6ylfdDCxcBHqZJjVwrH,3
6387,spotify:artist:4tfyTbsNNN5xfxKDwG4VfP,spotify:artist:66GWpx9iLxrvvfhDsG9STP,3
6388,spotify:artist:4tfyTbsNNN5xfxKDwG4VfP,spotify:artist:4MTSrVgHNfGtYV9pek8vY5,3
6389,spotify:artist:4tfyTbsNNN5xfxKDwG4VfP,spotify:artist:532Srqaijer1gzRS85bD9y,3
6390,spotify:artist:4tfyTbsNNN5xfxKDwG4VfP,spotify:artist:0i2IEcWvtHUBYPkYWwCgjC,3
6391,spotify:artist:4tfyTbsNNN5xfxKDwG4VfP,spotify:artist:3yvNAZbCyhOTQpkICM2etO,3
6392,spotify:artist:4tfyTbsNNN5xfxKDwG4VfP,spotify:artist:0WPY9nnBy01s5QOt4o4oQX,3
6393,spotify:artist:4tfyTbsNNN5xfxKDwG4VfP,spotify:artist:3r94PF71LWRI5K6wqclNjQ,3
6394,spotify:artist:4tfyTbsNNN5xfxKDwG4VfP,spotify:artist:5AX02tEFl85gnqkvzqeltP,3
6395,spotify:artist:4tfyTbsNNN5xfxKDwG4VfP,spotify:artist:0WY2ddzQUF9eh16GiqrElA,3
6396,spotify:artist:4tfyTbsNNN5xfxKDwG4VfP,spotify:artist:0Uo1d5A6BR1I155GlD9WYo,3
6397,spotify:artist:4tfyTbsNNN5xfxKDwG4VfP,spotify:artist:6juuiuCv8jRHZOcvP2BqKp,3
6398,spotify:artist:4tfyTbsNNN5xfxKDwG4VfP,spotify:artist:7sbwBqdkynNUDgiWU3TQ5J,3
6399,spotify:artist:4tfyTbsNNN5xfxKDwG4VfP,spotify:artist:6v8lYzIVcmeuPkoobFl7Dx,3
6400,spotify:artist:3vidJsiALgVC5ZuweJgeDT,spotify:artist:1Cc79YAHP7xvQAVQSjveP6,3
6401,spotify:artist:3vidJsiALgVC5ZuweJgeDT,spotify:artist:0TeVWuc8Sw05X4Qkl3AA5r,3
6402,spotify:artist:3vidJsiALgVC5ZuweJgeDT,spotify:artist:0rZpNCCYOe06am554MyKRu,3
6403,spotify:artist:3vidJsiALgVC5ZuweJgeDT,spotify:artist:5YsFZtitLEPVCFjixwBIkW,3
6404,spotify:artist:3vidJsiALgVC5ZuweJgeDT,spotify:artist:0BLh5cn4nqfqoVUREx3hLj,3
6405,spotify:artist:3vidJsiALgVC5ZuweJgeDT,spotify:artist:771bZ8ZHkvOqkI7baL68X3,3
6406,spotify:artist:3vidJsiALgVC5ZuweJgeDT,spotify:artist:2zTCLiQ8OUIWEyV6eZWzFy,3
6407,spotify:artist:3vidJsiALgVC5ZuweJgeDT,spotify:artist:7AhDVqsNA5q46WKsRPXvoe,3
6408,spotify:artist:3vidJsiALgVC5ZuweJgeDT,spotify:artist:42chtGdwnAdG2TECndse7J,3
6409,spotify:artist:3vidJsiALgVC5ZuweJgeDT,spotify:artist:2UDplVRprMbazU74Hq8OLl,3
6410,spotify:artist:3vidJsiALgVC5ZuweJgeDT,spotify:artist:26mSNyxjAsV5HSb7vAHu1W,3
6411,spotify:artist:3vidJsiALgVC5ZuweJgeDT,spotify:artist:6zKkaqMGGmaKLUSLTcsrls,3
6412,spotify:artist:3vidJsiALgVC5ZuweJgeDT,spotify:artist:1QSEKTN8PPjVzniAkpJ90p,3
6413,spotify:artist:3vidJsiALgVC5ZuweJgeDT,spotify:artist:61YXt5O4gENijzfR9cjjSV,3
6414,spotify:artist:3vidJsiALgVC5ZuweJgeDT,spotify:artist:3WNuXg2cfUF1m2ol7bh5ff,3
6415,spotify:artist:3vidJsiALgVC5ZuweJgeDT,spotify:artist:2Plkkomsc4DKawkCioLKjc,3
6416,spotify:artist:3vidJsiALgVC5ZuweJgeDT,spotify:artist:3znXuXT3xkCtjgOxXBBVnq,3
6417,spotify:artist:3vidJsiALgVC5ZuweJgeDT,spotify:artist:1rXr1ZnvbRoYBaedIl9v4v,3
6418,spotify:artist:3vidJsiALgVC5ZuweJgeDT,spotify:artist:7caMdiwqwg1WefL7Jjm23M,3
6419,spotify:artist:3vidJsiALgVC5ZuweJgeDT,spotify:artist:4S0WYuq4dnunQV6cL3I49i,3
6420,spotify:artist:3Rdkj77BOQHj5dTLveCJvI,spotify:artist:2zTCLiQ8OUIWEyV6eZWzFy,3
6421,spotify:artist:3Rdkj77BOQHj5dTLveCJvI,spotify:artist:6MnQV8O2R0Oci41F4HLB59,3
6422,spotify:artist:3Rdkj77BOQHj5dTLveCJvI,spotify:artist:72PnPUc1qv9UjRPaGVZ1jq,3
6423,spotify:artist:3Rdkj77BOQHj5dTLveCJvI,spotify:artist:339qxEdD8z8okRAiTp1HKf,3
6424,spotify:artist:3Rdkj77BOQHj5dTLveCJvI,spotify:artist:2oAKV8mT3NB1hZbGbGcdYB,3
6425,spotify:artist:3Rdkj77BOQHj5dTLveCJvI,spotify:artist:37XGRhnYWhiV6o2jPB8nxt,3
6426,spotify:artist:3Rdkj77BOQHj5dTLveCJvI,spotify:artist:0TeVWuc8Sw05X4Qkl3AA5r,3
6427,spotify:artist:3Rdkj77BOQHj5dTLveCJvI,spotify:artist:188gwh9RnRT58ZQPwqwHE3,3
6428,spotify:artist:3Rdkj77BOQHj5dTLveCJvI,spotify:artist:2Lhs0asnFQiLuntn3s8p78,3
6429,spotify:artist:3Rdkj77BOQHj5dTLveCJvI,spotify:artist:2k07pWgpJiFIbb9q1yJ36B,3
6430,spotify:artist:3Rdkj77BOQHj5dTLveCJvI,spotify:artist:7EFfGZiKL1Ud3cspnlMq4H,3
6431,spotify:artist:3Rdkj77BOQHj5dTLveCJvI,spotify:artist:1Cc79YAHP7xvQAVQSjveP6,3
6432,spotify:artist:3Rdkj77BOQHj5dTLveCJvI,spotify:artist:3vidJsiALgVC5ZuweJgeDT,3
6433,spotify:artist:3Rdkj77BOQHj5dTLveCJvI,spotify:artist:3uQ5cxFHxXddqPL58egs1z,3
6434,spotify:artist:3Rdkj77BOQHj5dTLveCJvI,spotify:artist:2zAvisjImPICTNsRgagqlV,3
6435,spotify:artist:3Rdkj77BOQHj5dTLveCJvI,spotify:artist:1OmdWpAh1pucAuZPzJaxIJ,3
6436,spotify:artist:3Rdkj77BOQHj5dTLveCJvI,spotify:artist:08w6KQXL60XUftg3Ds3177,3
6437,spotify:artist:3Rdkj77BOQHj5dTLveCJvI,spotify:artist:0qt6QSruHshcWT9QOzyfZp,3
6438,spotify:artist:3Rdkj77BOQHj5dTLveCJvI,spotify:artist:4tBNwdhdWAXGzzaPTp9dRE,3
6439,spotify:artist:3Rdkj77BOQHj5dTLveCJvI,spotify:artist:4Ajgo7nAsTzjSFymIfBjZ1,3
6440,spotify:artist:2zTCLiQ8OUIWEyV6eZWzFy,spotify:artist:6MnQV8O2R0Oci41F4HLB59,3
6441,spotify:artist:2zTCLiQ8OUIWEyV6eZWzFy,spotify:artist:3Rdkj77BOQHj5dTLveCJvI,3
6442,spotify:artist:2zTCLiQ8OUIWEyV6eZWzFy,spotify:artist:6vrwcJbfs2QyRtApdx1hXX,3
6443,spotify:artist:2zTCLiQ8OUIWEyV6eZWzFy,spotify:artist:339qxEdD8z8okRAiTp1HKf,3
6444,spotify:artist:2zTCLiQ8OUIWEyV6eZWzFy,spotify:artist:3eKN3A1F9LHWa2fHo3m1rd,3
6445,spotify:artist:2zTCLiQ8OUIWEyV6eZWzFy,spotify:artist:0BLh5cn4nqfqoVUREx3hLj,3
6446,spotify:artist:2zTCLiQ8OUIWEyV6eZWzFy,spotify:artist:6qQpSCDIS4V5Md1sfgaCkh,3
6447,spotify:artist:2zTCLiQ8OUIWEyV6eZWzFy,spotify:artist:2k07pWgpJiFIbb9q1yJ36B,3
6448,spotify:artist:2zTCLiQ8OUIWEyV6eZWzFy,spotify:artist:2oAKV8mT3NB1hZbGbGcdYB,3
6449,spotify:artist:2zTCLiQ8OUIWEyV6eZWzFy,spotify:artist:2Plkkomsc4DKawkCioLKjc,3
6450,spotify:artist:2zTCLiQ8OUIWEyV6eZWzFy,spotify:artist:1Cc79YAHP7xvQAVQSjveP6,3
6451,spotify:artist:2zTCLiQ8OUIWEyV6eZWzFy,spotify:artist:0GkLlslI4LMVTTuUkyQp57,3
6452,spotify:artist:2zTCLiQ8OUIWEyV6eZWzFy,spotify:artist:2UDplVRprMbazU74Hq8OLl,3
6453,spotify:artist:2zTCLiQ8OUIWEyV6eZWzFy,spotify:artist:3vidJsiALgVC5ZuweJgeDT,3
6454,spotify:artist:2zTCLiQ8OUIWEyV6eZWzFy,spotify:artist:0rZpNCCYOe06am554MyKRu,3
6455,spotify:artist:2zTCLiQ8OUIWEyV6eZWzFy,spotify:artist:0M02NJYkmh4eYhsKVAgVbJ,3
6456,spotify:artist:2zTCLiQ8OUIWEyV6eZWzFy,spotify:artist:4Ajgo7nAsTzjSFymIfBjZ1,3
6457,spotify:artist:2zTCLiQ8OUIWEyV6eZWzFy,spotify:artist:0tyLMmQvEuyQR4qjGBdbem,3
6458,spotify:artist:2zTCLiQ8OUIWEyV6eZWzFy,spotify:artist:7AhDVqsNA5q46WKsRPXvoe,3
6459,spotify:artist:2zTCLiQ8OUIWEyV6eZWzFy,spotify:artist:5U1pEBuiFLycsQ4mYP3nmK,3
6460,spotify:artist:1Cc79YAHP7xvQAVQSjveP6,spotify:artist:3vidJsiALgVC5ZuweJgeDT,3
6461,spotify:artist:1Cc79YAHP7xvQAVQSjveP6,spotify:artist:5YsFZtitLEPVCFjixwBIkW,3
6462,spotify:artist:1Cc79YAHP7xvQAVQSjveP6,spotify:artist:5U1pEBuiFLycsQ4mYP3nmK,3
6463,spotify:artist:1Cc79YAHP7xvQAVQSjveP6,spotify:artist:7AhDVqsNA5q46WKsRPXvoe,3
6464,spotify:artist:1Cc79YAHP7xvQAVQSjveP6,spotify:artist:4S0WYuq4dnunQV6cL3I49i,3
6465,spotify:artist:1Cc79YAHP7xvQAVQSjveP6,spotify:artist:0BLh5cn4nqfqoVUREx3hLj,3
6466,spotify:artist:1Cc79YAHP7xvQAVQSjveP6,spotify:artist:2Plkkomsc4DKawkCioLKjc,3
6467,spotify:artist:1Cc79YAHP7xvQAVQSjveP6,spotify:artist:2gk28RNJaPStV8BnugHYpF,3
6468,spotify:artist:1Cc79YAHP7xvQAVQSjveP6,spotify:artist:6uXJm6sZx9IVPrN2laTOP5,3
6469,spotify:artist:1Cc79YAHP7xvQAVQSjveP6,spotify:artist:27AzFtMZhRN78bAMPntbpF,3
6470,spotify:artist:1Cc79YAHP7xvQAVQSjveP6,spotify:artist:2UDplVRprMbazU74Hq8OLl,3
6471,spotify:artist:1Cc79YAHP7xvQAVQSjveP6,spotify:artist:0l5iOYpiSkQFYR3uPNoMDe,3
6472,spotify:artist:1Cc79YAHP7xvQAVQSjveP6,spotify:artist:6zKkaqMGGmaKLUSLTcsrls,3
6473,spotify:artist:1Cc79YAHP7xvQAVQSjveP6,spotify:artist:61YXt5O4gENijzfR9cjjSV,3
6474,spotify:artist:1Cc79YAHP7xvQAVQSjveP6,spotify:artist:2zTCLiQ8OUIWEyV6eZWzFy,3
6475,spotify:artist:1Cc79YAHP7xvQAVQSjveP6,spotify:artist:1QSEKTN8PPjVzniAkpJ90p,3
6476,spotify:artist:1Cc79YAHP7xvQAVQSjveP6,spotify:artist:1rXr1ZnvbRoYBaedIl9v4v,3
6477,spotify:artist:1Cc79YAHP7xvQAVQSjveP6,spotify:artist:6RwBVkrxTbbtS4bwxYQXcp,3
6478,spotify:artist:1Cc79YAHP7xvQAVQSjveP6,spotify:artist:0tyLMmQvEuyQR4qjGBdbem,3
6479,spotify:artist:1Cc79YAHP7xvQAVQSjveP6,spotify:artist:3znXuXT3xkCtjgOxXBBVnq,3
6480,spotify:artist:2wXBWJhbm1gfEVjyEEuhDH,spotify:artist:1z98aCtgTzyUkAHR50ryFN,3
6481,spotify:artist:2wXBWJhbm1gfEVjyEEuhDH,spotify:artist:38euc5ce2q2MMzaoJcPstz,3
6482,spotify:artist:2wXBWJhbm1gfEVjyEEuhDH,spotify:artist:0TeVWuc8Sw05X4Qkl3AA5r,3
6483,spotify:artist:2wXBWJhbm1gfEVjyEEuhDH,spotify:artist:7x4So74vIUx3DaLk93JCFf,3
6484,spotify:artist:2wXBWJhbm1gfEVjyEEuhDH,spotify:artist:2PfBzriIMRsCXPDtSy9vg8,3
6485,spotify:artist:2wXBWJhbm1gfEVjyEEuhDH,spotify:artist:5EOPLr73C9nIPYwVEAsiOY,3
6486,spotify:artist:2wXBWJhbm1gfEVjyEEuhDH,spotify:artist:2UDplVRprMbazU74Hq8OLl,3
6487,spotify:artist:2wXBWJhbm1gfEVjyEEuhDH,spotify:artist:1ZsnHGOLYFg8CAHQQBc1ut,3
6488,spotify:artist:2wXBWJhbm1gfEVjyEEuhDH,spotify:artist:0RyvcOVrlV86NmFz0MrG9e,3
6489,spotify:artist:2wXBWJhbm1gfEVjyEEuhDH,spotify:artist:3vidJsiALgVC5ZuweJgeDT,3
6490,spotify:artist:2wXBWJhbm1gfEVjyEEuhDH,spotify:artist:4yvuCAFk8vERXXBf138h8S,3
6491,spotify:artist:2wXBWJhbm1gfEVjyEEuhDH,spotify:artist:3BqaUtuQmqIHg7B5Bc7fP7,3
6492,spotify:artist:2wXBWJhbm1gfEVjyEEuhDH,spotify:artist:5w75MoT8FfcGOMgjgrj1cz,3
6493,spotify:artist:2wXBWJhbm1gfEVjyEEuhDH,spotify:artist:5CXWXFfhDhFN5uzbfUwAKt,3
6494,spotify:artist:2wXBWJhbm1gfEVjyEEuhDH,spotify:artist:3loACRmkzdtOMNJEaB6j8L,3
6495,spotify:artist:2wXBWJhbm1gfEVjyEEuhDH,spotify:artist:1CgvL3gASrnuI8SKXr8K7F,3
6496,spotify:artist:2wXBWJhbm1gfEVjyEEuhDH,spotify:artist:3Wok7FweiLrlia97LMCJh1,3
6497,spotify:artist:2wXBWJhbm1gfEVjyEEuhDH,spotify:artist:3oAbjWINfcTSAuVUlXXMty,3
6498,spotify:artist:2wXBWJhbm1gfEVjyEEuhDH,spotify:artist:6zKkaqMGGmaKLUSLTcsrls,3
6499,spotify:artist:2wXBWJhbm1gfEVjyEEuhDH,spotify:artist:4sh4MHP7lhrSUakxwZzwqz,3
6500,spotify:artist:2oAKV8mT3NB1hZbGbGcdYB,spotify:artist:339qxEdD8z8okRAiTp1HKf,3
6501,spotify:artist:2oAKV8mT3NB1hZbGbGcdYB,spotify:artist:6MnQV8O2R0Oci41F4HLB59,3
6502,spotify:artist:2oAKV8mT3NB1hZbGbGcdYB,spotify:artist:3Rdkj77BOQHj5dTLveCJvI,3
6503,spotify:artist:2oAKV8mT3NB1hZbGbGcdYB,spotify:artist:2Lhs0asnFQiLuntn3s8p78,3
6504,spotify:artist:2oAKV8mT3NB1hZbGbGcdYB,spotify:artist:5tgz5nUmXzQkGo7i0RczvC,3
6505,spotify:artist:2oAKV8mT3NB1hZbGbGcdYB,spotify:artist:2zTCLiQ8OUIWEyV6eZWzFy,3
6506,spotify:artist:2oAKV8mT3NB1hZbGbGcdYB,spotify:artist:7EFfGZiKL1Ud3cspnlMq4H,3
6507,spotify:artist:2oAKV8mT3NB1hZbGbGcdYB,spotify:artist:2k07pWgpJiFIbb9q1yJ36B,3
6508,spotify:artist:2oAKV8mT3NB1hZbGbGcdYB,spotify:artist:4tBNwdhdWAXGzzaPTp9dRE,3
6509,spotify:artist:2oAKV8mT3NB1hZbGbGcdYB,spotify:artist:70gvc4NvTwgBpEB1goYy8z,3
6510,spotify:artist:2oAKV8mT3NB1hZbGbGcdYB,spotify:artist:1OmdWpAh1pucAuZPzJaxIJ,3
6511,spotify:artist:2oAKV8mT3NB1hZbGbGcdYB,spotify:artist:2zAvisjImPICTNsRgagqlV,3
6512,spotify:artist:2oAKV8mT3NB1hZbGbGcdYB,spotify:artist:0TeVWuc8Sw05X4Qkl3AA5r,3
6513,spotify:artist:2oAKV8mT3NB1hZbGbGcdYB,spotify:artist:3uQ5cxFHxXddqPL58egs1z,3
6514,spotify:artist:2oAKV8mT3NB1hZbGbGcdYB,spotify:artist:2l7DkzVuYJW700mR7r43un,3
6515,spotify:artist:2oAKV8mT3NB1hZbGbGcdYB,spotify:artist:6M5FR3JkFFVDkgwtO6Vtz6,3
6516,spotify:artist:2oAKV8mT3NB1hZbGbGcdYB,spotify:artist:08w6KQXL60XUftg3Ds3177,3
6517,spotify:artist:2oAKV8mT3NB1hZbGbGcdYB,spotify:artist:72PnPUc1qv9UjRPaGVZ1jq,3
6518,spotify:artist:2oAKV8mT3NB1hZbGbGcdYB,spotify:artist:0qt6QSruHshcWT9QOzyfZp,3
6519,spotify:artist:2oAKV8mT3NB1hZbGbGcdYB,spotify:artist:2EEw2tt8AJcH9qXUeB96Oc,3
6520,spotify:artist:7caMdiwqwg1WefL7Jjm23M,spotify:artist:4SK1IgkcWWc5HC1TOBq1VS,3
6521,spotify:artist:7caMdiwqwg1WefL7Jjm23M,spotify:artist:1x2vfyp8dGA84qgwb3D9QG,3
6522,spotify:artist:7caMdiwqwg1WefL7Jjm23M,spotify:artist:7MnItka0A4PsGNVzO7Ad0T,3
6523,spotify:artist:7caMdiwqwg1WefL7Jjm23M,spotify:artist:5UV85ewmX2Ls0NN9KaW0fX,3
6524,spotify:artist:7caMdiwqwg1WefL7Jjm23M,spotify:artist:43NpjLskaVb5j2Jgt6fdbP,3
6525,spotify:artist:7caMdiwqwg1WefL7Jjm23M,spotify:artist:2jL1PBvL0gBZBPk6B38p3z,3
6526,spotify:artist:7caMdiwqwg1WefL7Jjm23M,spotify:artist:6RwBVkrxTbbtS4bwxYQXcp,3
6527,spotify:artist:7caMdiwqwg1WefL7Jjm23M,spotify:artist:4PM86aECDhcdwuJNZNrR22,3
6528,spotify:artist:7caMdiwqwg1WefL7Jjm23M,spotify:artist:61YXt5O4gENijzfR9cjjSV,3
6529,spotify:artist:7caMdiwqwg1WefL7Jjm23M,spotify:artist:0nnDCl6emTFoWtygqSs4Jy,3
6530,spotify:artist:7caMdiwqwg1WefL7Jjm23M,spotify:artist:46P8tvKpmCzoODacJfzLbs,3
6531,spotify:artist:7caMdiwqwg1WefL7Jjm23M,spotify:artist:3PCC1w6AJvKLFpZbDJrsGe,3
6532,spotify:artist:7caMdiwqwg1WefL7Jjm23M,spotify:artist:7i36YYqKiSqVihxTcvLSBK,3
6533,spotify:artist:7caMdiwqwg1WefL7Jjm23M,spotify:artist:1Fp2fNrv2udkdpOqFWn8IY,3
6534,spotify:artist:7caMdiwqwg1WefL7Jjm23M,spotify:artist:1QSEKTN8PPjVzniAkpJ90p,3
6535,spotify:artist:7caMdiwqwg1WefL7Jjm23M,spotify:artist:1DSLJBOwoz0HhiFMIKhZxe,3
6536,spotify:artist:7caMdiwqwg1WefL7Jjm23M,spotify:artist:0TeVWuc8Sw05X4Qkl3AA5r,3
6537,spotify:artist:7caMdiwqwg1WefL7Jjm23M,spotify:artist:3NPZs8XgXtaWslUcnIw6rY,3
6538,spotify:artist:7caMdiwqwg1WefL7Jjm23M,spotify:artist:5IYapbnvPjesLzg5uzr53m,3
6539,spotify:artist:7caMdiwqwg1WefL7Jjm23M,spotify:artist:4ai4Oa84FkzxfGMw9Hwkm7,3
6540,spotify:artist:6zKkaqMGGmaKLUSLTcsrls,spotify:artist:0tyLMmQvEuyQR4qjGBdbem,3
6541,spotify:artist:6zKkaqMGGmaKLUSLTcsrls,spotify:artist:0rZpNCCYOe06am554MyKRu,3
6542,spotify:artist:6zKkaqMGGmaKLUSLTcsrls,spotify:artist:5GHv1pBOWOQxIE6WQBq88Q,3
6543,spotify:artist:6zKkaqMGGmaKLUSLTcsrls,spotify:artist:1Cc79YAHP7xvQAVQSjveP6,3
6544,spotify:artist:6zKkaqMGGmaKLUSLTcsrls,spotify:artist:7AhDVqsNA5q46WKsRPXvoe,3
6545,spotify:artist:6zKkaqMGGmaKLUSLTcsrls,spotify:artist:0BLh5cn4nqfqoVUREx3hLj,3
6546,spotify:artist:6zKkaqMGGmaKLUSLTcsrls,spotify:artist:2UDplVRprMbazU74Hq8OLl,3
6547,spotify:artist:6zKkaqMGGmaKLUSLTcsrls,spotify:artist:2zTCLiQ8OUIWEyV6eZWzFy,3
6548,spotify:artist:6zKkaqMGGmaKLUSLTcsrls,spotify:artist:3vidJsiALgVC5ZuweJgeDT,3
6549,spotify:artist:6zKkaqMGGmaKLUSLTcsrls,spotify:artist:6qQpSCDIS4V5Md1sfgaCkh,3
6550,spotify:artist:6zKkaqMGGmaKLUSLTcsrls,spotify:artist:42chtGdwnAdG2TECndse7J,3
6551,spotify:artist:6zKkaqMGGmaKLUSLTcsrls,spotify:artist:6reL7Hq6obyCxSqurc8i1D,3
6552,spotify:artist:6zKkaqMGGmaKLUSLTcsrls,spotify:artist:2Plkkomsc4DKawkCioLKjc,3
6553,spotify:artist:6zKkaqMGGmaKLUSLTcsrls,spotify:artist:2tKdhceBIPAabG1BMuVhpa,3
6554,spotify:artist:6zKkaqMGGmaKLUSLTcsrls,spotify:artist:5YsFZtitLEPVCFjixwBIkW,3
6555,spotify:artist:6zKkaqMGGmaKLUSLTcsrls,spotify:artist:2qc41rNTtdLK0tV3mJn2Pm,3
6556,spotify:artist:6zKkaqMGGmaKLUSLTcsrls,spotify:artist:3N6WAAPHoIjo6na008793X,3
6557,spotify:artist:6zKkaqMGGmaKLUSLTcsrls,spotify:artist:1rXr1ZnvbRoYBaedIl9v4v,3
6558,spotify:artist:6zKkaqMGGmaKLUSLTcsrls,spotify:artist:0wNZd1CMOsFZ0TiBhlqjD5,3
6559,spotify:artist:6zKkaqMGGmaKLUSLTcsrls,spotify:artist:0TeVWuc8Sw05X4Qkl3AA5r,3
6560,spotify:artist:61YXt5O4gENijzfR9cjjSV,spotify:artist:6RwBVkrxTbbtS4bwxYQXcp,3
6561,spotify:artist:61YXt5O4gENijzfR9cjjSV,spotify:artist:1LpjGrgy09O2ElDMR3TDfu,3
6562,spotify:artist:61YXt5O4gENijzfR9cjjSV,spotify:artist:1Cc79YAHP7xvQAVQSjveP6,3
6563,spotify:artist:61YXt5O4gENijzfR9cjjSV,spotify:artist:6AAyXEKT9A0KfVn1VwTFMx,3
6564,spotify:artist:61YXt5O4gENijzfR9cjjSV,spotify:artist:1QSEKTN8PPjVzniAkpJ90p,3
6565,spotify:artist:61YXt5O4gENijzfR9cjjSV,spotify:artist:7caMdiwqwg1WefL7Jjm23M,3
6566,spotify:artist:61YXt5O4gENijzfR9cjjSV,spotify:artist:4SK1IgkcWWc5HC1TOBq1VS,3
6567,spotify:artist:61YXt5O4gENijzfR9cjjSV,spotify:artist:46P8tvKpmCzoODacJfzLbs,3
6568,spotify:artist:61YXt5O4gENijzfR9cjjSV,spotify:artist:1Fp2fNrv2udkdpOqFWn8IY,3
6569,spotify:artist:61YXt5O4gENijzfR9cjjSV,spotify:artist:4bMTBaNiudO7K7Tz8jzNRF,3
6570,spotify:artist:61YXt5O4gENijzfR9cjjSV,spotify:artist:1s16tcMsyP2SpoLjLg44n1,3
6571,spotify:artist:61YXt5O4gENijzfR9cjjSV,spotify:artist:3vidJsiALgVC5ZuweJgeDT,3
6572,spotify:artist:61YXt5O4gENijzfR9cjjSV,spotify:artist:4QIJ2i8I6urte2scKgkVoY,3
6573,spotify:artist:61YXt5O4gENijzfR9cjjSV,spotify:artist:0l5iOYpiSkQFYR3uPNoMDe,3
6574,spotify:artist:61YXt5O4gENijzfR9cjjSV,spotify:artist:3swBltXPfejWNIyQ0B8qCH,3
6575,spotify:artist:61YXt5O4gENijzfR9cjjSV,spotify:artist:5YsFZtitLEPVCFjixwBIkW,3
6576,spotify:artist:61YXt5O4gENijzfR9cjjSV,spotify:artist:3PCC1w6AJvKLFpZbDJrsGe,3
6577,spotify:artist:61YXt5O4gENijzfR9cjjSV,spotify:artist:7MnItka0A4PsGNVzO7Ad0T,3
6578,spotify:artist:61YXt5O4gENijzfR9cjjSV,spotify:artist:0C6MCOqzlXMdX8Ij0mR6ct,3
6579,spotify:artist:61YXt5O4gENijzfR9cjjSV,spotify:artist:2jL1PBvL0gBZBPk6B38p3z,3
6580,spotify:artist:1Fp2fNrv2udkdpOqFWn8IY,spotify:artist:2WG7Z6CpNehgR1WGgjKF0E,3
6581,spotify:artist:1Fp2fNrv2udkdpOqFWn8IY,spotify:artist:6lx6XS8umFqYRVbBErx9fE,3
6582,spotify:artist:1Fp2fNrv2udkdpOqFWn8IY,spotify:artist:2jL1PBvL0gBZBPk6B38p3z,3
6583,spotify:artist:1Fp2fNrv2udkdpOqFWn8IY,spotify:artist:4Rx72ewRjxlDGiO6wPHpxe,3
6584,spotify:artist:1Fp2fNrv2udkdpOqFWn8IY,spotify:artist:3xx17YXYvPl9PBx6Jzalk4,3
6585,spotify:artist:1Fp2fNrv2udkdpOqFWn8IY,spotify:artist:4ai4Oa84FkzxfGMw9Hwkm7,3
6586,spotify:artist:1Fp2fNrv2udkdpOqFWn8IY,spotify:artist:4SK1IgkcWWc5HC1TOBq1VS,3
6587,spotify:artist:1Fp2fNrv2udkdpOqFWn8IY,spotify:artist:6RwBVkrxTbbtS4bwxYQXcp,3
6588,spotify:artist:1Fp2fNrv2udkdpOqFWn8IY,spotify:artist:61YXt5O4gENijzfR9cjjSV,3
6589,spotify:artist:1Fp2fNrv2udkdpOqFWn8IY,spotify:artist:7MnItka0A4PsGNVzO7Ad0T,3
6590,spotify:artist:1Fp2fNrv2udkdpOqFWn8IY,spotify:artist:0dyEUZv8ftA0dzL5vb2Y9s,3
6591,spotify:artist:1Fp2fNrv2udkdpOqFWn8IY,spotify:artist:1x2vfyp8dGA84qgwb3D9QG,3
6592,spotify:artist:1Fp2fNrv2udkdpOqFWn8IY,spotify:artist:1DSLJBOwoz0HhiFMIKhZxe,3
6593,spotify:artist:1Fp2fNrv2udkdpOqFWn8IY,spotify:artist:4QIJ2i8I6urte2scKgkVoY,3
6594,spotify:artist:1Fp2fNrv2udkdpOqFWn8IY,spotify:artist:4bMTBaNiudO7K7Tz8jzNRF,3
6595,spotify:artist:1Fp2fNrv2udkdpOqFWn8IY,spotify:artist:7caMdiwqwg1WefL7Jjm23M,3
6596,spotify:artist:1Fp2fNrv2udkdpOqFWn8IY,spotify:artist:3NPZs8XgXtaWslUcnIw6rY,3
6597,spotify:artist:1Fp2fNrv2udkdpOqFWn8IY,spotify:artist:5mfdtMy6vJUShmdyCuJhox,3
6598,spotify:artist:1Fp2fNrv2udkdpOqFWn8IY,spotify:artist:1OV5mEATxtVma7fleFaUyl,3
6599,spotify:artist:1Fp2fNrv2udkdpOqFWn8IY,spotify:artist:0DTOO5tJ30QEMnbKp6W9s4,3
6600,spotify:artist:2UDplVRprMbazU74Hq8OLl,spotify:artist:2Plkkomsc4DKawkCioLKjc,3
6601,spotify:artist:2UDplVRprMbazU74Hq8OLl,spotify:artist:7AhDVqsNA5q46WKsRPXvoe,3
6602,spotify:artist:2UDplVRprMbazU74Hq8OLl,spotify:artist:0BLh5cn4nqfqoVUREx3hLj,3
6603,spotify:artist:2UDplVRprMbazU74Hq8OLl,spotify:artist:0tyLMmQvEuyQR4qjGBdbem,3
6604,spotify:artist:2UDplVRprMbazU74Hq8OLl,spotify:artist:27AzFtMZhRN78bAMPntbpF,3
6605,spotify:artist:2UDplVRprMbazU74Hq8OLl,spotify:artist:5YsFZtitLEPVCFjixwBIkW,3
6606,spotify:artist:2UDplVRprMbazU74Hq8OLl,spotify:artist:1Cc79YAHP7xvQAVQSjveP6,3
6607,spotify:artist:2UDplVRprMbazU74Hq8OLl,spotify:artist:5GHv1pBOWOQxIE6WQBq88Q,3
6608,spotify:artist:2UDplVRprMbazU74Hq8OLl,spotify:artist:1rXr1ZnvbRoYBaedIl9v4v,3
6609,spotify:artist:2UDplVRprMbazU74Hq8OLl,spotify:artist:3vidJsiALgVC5ZuweJgeDT,3
6610,spotify:artist:2UDplVRprMbazU74Hq8OLl,spotify:artist:2zTCLiQ8OUIWEyV6eZWzFy,3
6611,spotify:artist:2UDplVRprMbazU74Hq8OLl,spotify:artist:6zKkaqMGGmaKLUSLTcsrls,3
6612,spotify:artist:2UDplVRprMbazU74Hq8OLl,spotify:artist:60ht0hWRy1yjUDfNsLuHuP,3
6613,spotify:artist:2UDplVRprMbazU74Hq8OLl,spotify:artist:2rDxtYUzTAYJJE3Bl3Z5IN,3
6614,spotify:artist:2UDplVRprMbazU74Hq8OLl,spotify:artist:3znXuXT3xkCtjgOxXBBVnq,3
6615,spotify:artist:2UDplVRprMbazU74Hq8OLl,spotify:artist:4S0WYuq4dnunQV6cL3I49i,3
6616,spotify:artist:2UDplVRprMbazU74Hq8OLl,spotify:artist:0TeVWuc8Sw05X4Qkl3AA5r,3
6617,spotify:artist:2UDplVRprMbazU74Hq8OLl,spotify:artist:0rZpNCCYOe06am554MyKRu,3
6618,spotify:artist:2UDplVRprMbazU74Hq8OLl,spotify:artist:2qc41rNTtdLK0tV3mJn2Pm,3
6619,spotify:artist:2UDplVRprMbazU74Hq8OLl,spotify:artist:7x4So74vIUx3DaLk93JCFf,3
6620,spotify:artist:339qxEdD8z8okRAiTp1HKf,spotify:artist:2oAKV8mT3NB1hZbGbGcdYB,3
6621,spotify:artist:339qxEdD8z8okRAiTp1HKf,spotify:artist:6MnQV8O2R0Oci41F4HLB59,3
6622,spotify:artist:339qxEdD8z8okRAiTp1HKf,spotify:artist:3Rdkj77BOQHj5dTLveCJvI,3
6623,spotify:artist:339qxEdD8z8okRAiTp1HKf,spotify:artist:2zTCLiQ8OUIWEyV6eZWzFy,3
6624,spotify:artist:339qxEdD8z8okRAiTp1HKf,spotify:artist:2Lhs0asnFQiLuntn3s8p78,3
6625,spotify:artist:339qxEdD8z8okRAiTp1HKf,spotify:artist:5tgz5nUmXzQkGo7i0RczvC,3
6626,spotify:artist:339qxEdD8z8okRAiTp1HKf,spotify:artist:7EFfGZiKL1Ud3cspnlMq4H,3
6627,spotify:artist:339qxEdD8z8okRAiTp1HKf,spotify:artist:2k07pWgpJiFIbb9q1yJ36B,3
6628,spotify:artist:339qxEdD8z8okRAiTp1HKf,spotify:artist:08w6KQXL60XUftg3Ds3177,3
6629,spotify:artist:339qxEdD8z8okRAiTp1HKf,spotify:artist:72PnPUc1qv9UjRPaGVZ1jq,3
6630,spotify:artist:339qxEdD8z8okRAiTp1HKf,spotify:artist:1OmdWpAh1pucAuZPzJaxIJ,3
6631,spotify:artist:339qxEdD8z8okRAiTp1HKf,spotify:artist:188gwh9RnRT58ZQPwqwHE3,3
6632,spotify:artist:339qxEdD8z8okRAiTp1HKf,spotify:artist:70gvc4NvTwgBpEB1goYy8z,3
6633,spotify:artist:339qxEdD8z8okRAiTp1HKf,spotify:artist:6uHjKRsYGaElOrKWlSEji3,3
6634,spotify:artist:339qxEdD8z8okRAiTp1HKf,spotify:artist:3uQ5cxFHxXddqPL58egs1z,3
6635,spotify:artist:339qxEdD8z8okRAiTp1HKf,spotify:artist:2zAvisjImPICTNsRgagqlV,3
6636,spotify:artist:339qxEdD8z8okRAiTp1HKf,spotify:artist:4tBNwdhdWAXGzzaPTp9dRE,3
6637,spotify:artist:339qxEdD8z8okRAiTp1HKf,spotify:artist:0TeVWuc8Sw05X4Qkl3AA5r,3
6638,spotify:artist:339qxEdD8z8okRAiTp1HKf,spotify:artist:6M5FR3JkFFVDkgwtO6Vtz6,3
6639,spotify:artist:339qxEdD8z8okRAiTp1HKf,spotify:artist:3x0LgZSPgNh91O6NBMtqTs,3
6640,spotify:artist:4zMX9gWf1DKhvsYHUCbBF7,spotify:artist:0TeVWuc8Sw05X4Qkl3AA5r,3
6641,spotify:artist:4zMX9gWf1DKhvsYHUCbBF7,spotify:artist:3vidJsiALgVC5ZuweJgeDT,3
6642,spotify:artist:4zMX9gWf1DKhvsYHUCbBF7,spotify:artist:771bZ8ZHkvOqkI7baL68X3,3
6643,spotify:artist:4zMX9gWf1DKhvsYHUCbBF7,spotify:artist:4Sld5LOPbAm1QSq9U32fFV,3
6644,spotify:artist:4zMX9gWf1DKhvsYHUCbBF7,spotify:artist:5R6GD31ZP8YPGIlt73Madf,3
6645,spotify:artist:4zMX9gWf1DKhvsYHUCbBF7,spotify:artist:7caMdiwqwg1WefL7Jjm23M,3
6646,spotify:artist:4zMX9gWf1DKhvsYHUCbBF7,spotify:artist:1QSEKTN8PPjVzniAkpJ90p,3
6647,spotify:artist:4zMX9gWf1DKhvsYHUCbBF7,spotify:artist:1Cc79YAHP7xvQAVQSjveP6,3
6648,spotify:artist:4zMX9gWf1DKhvsYHUCbBF7,spotify:artist:4PM86aECDhcdwuJNZNrR22,3
6649,spotify:artist:4zMX9gWf1DKhvsYHUCbBF7,spotify:artist:48oNDvKRqviSFzow0ZXHXa,3
6650,spotify:artist:4zMX9gWf1DKhvsYHUCbBF7,spotify:artist:1CPwHx5lgVxv0rfcp7UXLx,3
6651,spotify:artist:4zMX9gWf1DKhvsYHUCbBF7,spotify:artist:4sh4MHP7lhrSUakxwZzwqz,3
6652,spotify:artist:4zMX9gWf1DKhvsYHUCbBF7,spotify:artist:3Rdkj77BOQHj5dTLveCJvI,3
6653,spotify:artist:4zMX9gWf1DKhvsYHUCbBF7,spotify:artist:5w75MoT8FfcGOMgjgrj1cz,3
6654,spotify:artist:4zMX9gWf1DKhvsYHUCbBF7,spotify:artist:60ht0hWRy1yjUDfNsLuHuP,3
6655,spotify:artist:4zMX9gWf1DKhvsYHUCbBF7,spotify:artist:61YXt5O4gENijzfR9cjjSV,3
6656,spotify:artist:4zMX9gWf1DKhvsYHUCbBF7,spotify:artist:6RwBVkrxTbbtS4bwxYQXcp,3
6657,spotify:artist:4zMX9gWf1DKhvsYHUCbBF7,spotify:artist:339qxEdD8z8okRAiTp1HKf,3
6658,spotify:artist:4zMX9gWf1DKhvsYHUCbBF7,spotify:artist:3BqaUtuQmqIHg7B5Bc7fP7,3
6659,spotify:artist:4zMX9gWf1DKhvsYHUCbBF7,spotify:artist:3oAbjWINfcTSAuVUlXXMty,3
6660,spotify:artist:4QonkOS6ybWrJVYFWEHMZY,spotify:artist:12be6Vj2WgNyx4x6vuGvhy,3
6661,spotify:artist:4QonkOS6ybWrJVYFWEHMZY,spotify:artist:0Ekfvspc0hlcxdfJJVjcnq,3
6662,spotify:artist:4QonkOS6ybWrJVYFWEHMZY,spotify:artist:4JzwsGHb8ZN03C7JauWsWH,3
6663,spotify:artist:4QonkOS6ybWrJVYFWEHMZY,spotify:artist:05FEKb23HHED5ZsWmKo8kz,3
6664,spotify:artist:4QonkOS6ybWrJVYFWEHMZY,spotify:artist:1TlScGwN8MmIZ7kIYGjSZA,3
6665,spotify:artist:4QonkOS6ybWrJVYFWEHMZY,spotify:artist:388Y4nUQbYSyonhNlBEypT,3
6666,spotify:artist:4QonkOS6ybWrJVYFWEHMZY,spotify:artist:763opp15PhfHpEaiVjM6m7,3
6667,spotify:artist:4QonkOS6ybWrJVYFWEHMZY,spotify:artist:5VAErlnVRxRQk8ZvZt6i7e,3
6668,spotify:artist:4QonkOS6ybWrJVYFWEHMZY,spotify:artist:6UWifcscEdbjPgmbevBxZV,3
6669,spotify:artist:4QonkOS6ybWrJVYFWEHMZY,spotify:artist:3M2S7bYzQt6h4KrnoihzLS,3
6670,spotify:artist:4QonkOS6ybWrJVYFWEHMZY,spotify:artist:4QIJ2i8I6urte2scKgkVoY,3
6671,spotify:artist:4QonkOS6ybWrJVYFWEHMZY,spotify:artist:2PL6uHCPVIWjmr6lK2U9pG,3
6672,spotify:artist:4QonkOS6ybWrJVYFWEHMZY,spotify:artist:6uXJm6sZx9IVPrN2laTOP5,3
6673,spotify:artist:4QonkOS6ybWrJVYFWEHMZY,spotify:artist:0yv1W9HeASlBRyWrzRMhWh,3
6674,spotify:artist:4QonkOS6ybWrJVYFWEHMZY,spotify:artist:6bl1H2HRrm2CvtagAx594t,3
6675,spotify:artist:4QonkOS6ybWrJVYFWEHMZY,spotify:artist:6K7c0UoDttitxLzpWNNRyy,3
6676,spotify:artist:4QonkOS6ybWrJVYFWEHMZY,spotify:artist:4gQ8biCMcMrOuBdJx639Q0,3
6677,spotify:artist:4QonkOS6ybWrJVYFWEHMZY,spotify:artist:1QSEKTN8PPjVzniAkpJ90p,3
6678,spotify:artist:4QonkOS6ybWrJVYFWEHMZY,spotify:artist:1mkuxdmqLdlrtCSwLQ2sUn,3
6679,spotify:artist:4QonkOS6ybWrJVYFWEHMZY,spotify:artist:3swBltXPfejWNIyQ0B8qCH,3
6680,spotify:artist:0nnDCl6emTFoWtygqSs4Jy,spotify:artist:4PM86aECDhcdwuJNZNrR22,3
6681,spotify:artist:0nnDCl6emTFoWtygqSs4Jy,spotify:artist:0Uz5dRNDckEVy2sLjqBJBq,3
6682,spotify:artist:0nnDCl6emTFoWtygqSs4Jy,spotify:artist:2MWKhzU2iggdtLs4xLTqrP,3
6683,spotify:artist:0nnDCl6emTFoWtygqSs4Jy,spotify:artist:1x2vfyp8dGA84qgwb3D9QG,3
6684,spotify:artist:0nnDCl6emTFoWtygqSs4Jy,spotify:artist:4SK1IgkcWWc5HC1TOBq1VS,3
6685,spotify:artist:0nnDCl6emTFoWtygqSs4Jy,spotify:artist:7caMdiwqwg1WefL7Jjm23M,3
6686,spotify:artist:0nnDCl6emTFoWtygqSs4Jy,spotify:artist:7i36YYqKiSqVihxTcvLSBK,3
6687,spotify:artist:0nnDCl6emTFoWtygqSs4Jy,spotify:artist:5CAiy5rDr3LaSoGtJOq6A0,3
6688,spotify:artist:0nnDCl6emTFoWtygqSs4Jy,spotify:artist:3PCC1w6AJvKLFpZbDJrsGe,3
6689,spotify:artist:0nnDCl6emTFoWtygqSs4Jy,spotify:artist:46P8tvKpmCzoODacJfzLbs,3
6690,spotify:artist:0nnDCl6emTFoWtygqSs4Jy,spotify:artist:0ONG1ffKzhVIm4arvvLPHl,3
6691,spotify:artist:0nnDCl6emTFoWtygqSs4Jy,spotify:artist:1QSEKTN8PPjVzniAkpJ90p,3
6692,spotify:artist:0nnDCl6emTFoWtygqSs4Jy,spotify:artist:3M2S7bYzQt6h4KrnoihzLS,3
6693,spotify:artist:0nnDCl6emTFoWtygqSs4Jy,spotify:artist:3NPZs8XgXtaWslUcnIw6rY,3
6694,spotify:artist:0nnDCl6emTFoWtygqSs4Jy,spotify:artist:1mkuxdmqLdlrtCSwLQ2sUn,3
6695,spotify:artist:0nnDCl6emTFoWtygqSs4Jy,spotify:artist:3swBltXPfejWNIyQ0B8qCH,3
6696,spotify:artist:0nnDCl6emTFoWtygqSs4Jy,spotify:artist:3oAbjWINfcTSAuVUlXXMty,3
6697,spotify:artist:0nnDCl6emTFoWtygqSs4Jy,spotify:artist:0LQrsY8CFvCyUAqAtiiVxw,3
6698,spotify:artist:0nnDCl6emTFoWtygqSs4Jy,spotify:artist:7tNLRmiAN8hpmFrbIHiHsy,3
6699,spotify:artist:0nnDCl6emTFoWtygqSs4Jy,spotify:artist:6RwBVkrxTbbtS4bwxYQXcp,3
6700,spotify:artist:4SK1IgkcWWc5HC1TOBq1VS,spotify:artist:7caMdiwqwg1WefL7Jjm23M,3
6701,spotify:artist:4SK1IgkcWWc5HC1TOBq1VS,spotify:artist:1x2vfyp8dGA84qgwb3D9QG,3
6702,spotify:artist:4SK1IgkcWWc5HC1TOBq1VS,spotify:artist:2jL1PBvL0gBZBPk6B38p3z,3
6703,spotify:artist:4SK1IgkcWWc5HC1TOBq1VS,spotify:artist:3NPZs8XgXtaWslUcnIw6rY,3
6704,spotify:artist:4SK1IgkcWWc5HC1TOBq1VS,spotify:artist:6RwBVkrxTbbtS4bwxYQXcp,3
6705,spotify:artist:4SK1IgkcWWc5HC1TOBq1VS,spotify:artist:5UV85ewmX2Ls0NN9KaW0fX,3
6706,spotify:artist:4SK1IgkcWWc5HC1TOBq1VS,spotify:artist:7MnItka0A4PsGNVzO7Ad0T,3
6707,spotify:artist:4SK1IgkcWWc5HC1TOBq1VS,spotify:artist:3M2S7bYzQt6h4KrnoihzLS,3
6708,spotify:artist:4SK1IgkcWWc5HC1TOBq1VS,spotify:artist:4J9k7L7BrJ7NMWAcvgox1B,3
6709,spotify:artist:4SK1IgkcWWc5HC1TOBq1VS,spotify:artist:0nnDCl6emTFoWtygqSs4Jy,3
6710,spotify:artist:4SK1IgkcWWc5HC1TOBq1VS,spotify:artist:3PCC1w6AJvKLFpZbDJrsGe,3
6711,spotify:artist:4SK1IgkcWWc5HC1TOBq1VS,spotify:artist:1Fp2fNrv2udkdpOqFWn8IY,3
6712,spotify:artist:4SK1IgkcWWc5HC1TOBq1VS,spotify:artist:4ai4Oa84FkzxfGMw9Hwkm7,3
6713,spotify:artist:4SK1IgkcWWc5HC1TOBq1VS,spotify:artist:5CAiy5rDr3LaSoGtJOq6A0,3
6714,spotify:artist:4SK1IgkcWWc5HC1TOBq1VS,spotify:artist:6lx6XS8umFqYRVbBErx9fE,3
6715,spotify:artist:4SK1IgkcWWc5HC1TOBq1VS,spotify:artist:60ht0hWRy1yjUDfNsLuHuP,3
6716,spotify:artist:4SK1IgkcWWc5HC1TOBq1VS,spotify:artist:1mkuxdmqLdlrtCSwLQ2sUn,3
6717,spotify:artist:4SK1IgkcWWc5HC1TOBq1VS,spotify:artist:7tNLRmiAN8hpmFrbIHiHsy,3
6718,spotify:artist:4SK1IgkcWWc5HC1TOBq1VS,spotify:artist:7i36YYqKiSqVihxTcvLSBK,3
6719,spotify:artist:4SK1IgkcWWc5HC1TOBq1VS,spotify:artist:61YXt5O4gENijzfR9cjjSV,3
6720,spotify:artist:60ht0hWRy1yjUDfNsLuHuP,spotify:artist:4SK1IgkcWWc5HC1TOBq1VS,3
6721,spotify:artist:60ht0hWRy1yjUDfNsLuHuP,spotify:artist:0zlJDQgqnr9AocrH9gs1Es,3
6722,spotify:artist:60ht0hWRy1yjUDfNsLuHuP,spotify:artist:3znXuXT3xkCtjgOxXBBVnq,3
6723,spotify:artist:60ht0hWRy1yjUDfNsLuHuP,spotify:artist:2H5elA2mJKrHmqkN9GSfkz,3
6724,spotify:artist:60ht0hWRy1yjUDfNsLuHuP,spotify:artist:1Cc79YAHP7xvQAVQSjveP6,3
6725,spotify:artist:60ht0hWRy1yjUDfNsLuHuP,spotify:artist:7tNLRmiAN8hpmFrbIHiHsy,3
6726,spotify:artist:60ht0hWRy1yjUDfNsLuHuP,spotify:artist:3CYSRCHfilgR8DSbkCMp5j,3
6727,spotify:artist:60ht0hWRy1yjUDfNsLuHuP,spotify:artist:7caMdiwqwg1WefL7Jjm23M,3
6728,spotify:artist:60ht0hWRy1yjUDfNsLuHuP,spotify:artist:2jL1PBvL0gBZBPk6B38p3z,3
6729,spotify:artist:60ht0hWRy1yjUDfNsLuHuP,spotify:artist:0Ekfvspc0hlcxdfJJVjcnq,3
6730,spotify:artist:60ht0hWRy1yjUDfNsLuHuP,spotify:artist:4Sld5LOPbAm1QSq9U32fFV,3
6731,spotify:artist:60ht0hWRy1yjUDfNsLuHuP,spotify:artist:2Plkkomsc4DKawkCioLKjc,3
6732,spotify:artist:60ht0hWRy1yjUDfNsLuHuP,spotify:artist:3NPZs8XgXtaWslUcnIw6rY,3
6733,spotify:artist:60ht0hWRy1yjUDfNsLuHuP,spotify:artist:4QIJ2i8I6urte2scKgkVoY,3
6734,spotify:artist:60ht0hWRy1yjUDfNsLuHuP,spotify:artist:6lx6XS8umFqYRVbBErx9fE,3
6735,spotify:artist:60ht0hWRy1yjUDfNsLuHuP,spotify:artist:2UDplVRprMbazU74Hq8OLl,3
6736,spotify:artist:60ht0hWRy1yjUDfNsLuHuP,spotify:artist:7AhDVqsNA5q46WKsRPXvoe,3
6737,spotify:artist:60ht0hWRy1yjUDfNsLuHuP,spotify:artist:3xx17YXYvPl9PBx6Jzalk4,3
6738,spotify:artist:60ht0hWRy1yjUDfNsLuHuP,spotify:artist:6RwBVkrxTbbtS4bwxYQXcp,3
6739,spotify:artist:60ht0hWRy1yjUDfNsLuHuP,spotify:artist:4PM86aECDhcdwuJNZNrR22,3
6740,spotify:artist:4PM86aECDhcdwuJNZNrR22,spotify:artist:0nnDCl6emTFoWtygqSs4Jy,3
6741,spotify:artist:4PM86aECDhcdwuJNZNrR22,spotify:artist:2MWKhzU2iggdtLs4xLTqrP,3
6742,spotify:artist:4PM86aECDhcdwuJNZNrR22,spotify:artist:1x2vfyp8dGA84qgwb3D9QG,3
6743,spotify:artist:4PM86aECDhcdwuJNZNrR22,spotify:artist:7i36YYqKiSqVihxTcvLSBK,3
6744,spotify:artist:4PM86aECDhcdwuJNZNrR22,spotify:artist:0Uz5dRNDckEVy2sLjqBJBq,3
6745,spotify:artist:4PM86aECDhcdwuJNZNrR22,spotify:artist:7caMdiwqwg1WefL7Jjm23M,3
6746,spotify:artist:4PM86aECDhcdwuJNZNrR22,spotify:artist:7MGPOWrHHrTJcviOWNbKEF,3
6747,spotify:artist:4PM86aECDhcdwuJNZNrR22,spotify:artist:7MnItka0A4PsGNVzO7Ad0T,3
6748,spotify:artist:4PM86aECDhcdwuJNZNrR22,spotify:artist:46P8tvKpmCzoODacJfzLbs,3
6749,spotify:artist:4PM86aECDhcdwuJNZNrR22,spotify:artist:1QSEKTN8PPjVzniAkpJ90p,3
6750,spotify:artist:4PM86aECDhcdwuJNZNrR22,spotify:artist:4SK1IgkcWWc5HC1TOBq1VS,3
6751,spotify:artist:4PM86aECDhcdwuJNZNrR22,spotify:artist:3PCC1w6AJvKLFpZbDJrsGe,3
6752,spotify:artist:4PM86aECDhcdwuJNZNrR22,spotify:artist:0ONG1ffKzhVIm4arvvLPHl,3
6753,spotify:artist:4PM86aECDhcdwuJNZNrR22,spotify:artist:68WRQYQZC7SO79PC8eXvfd,3
6754,spotify:artist:4PM86aECDhcdwuJNZNrR22,spotify:artist:5CAiy5rDr3LaSoGtJOq6A0,3
6755,spotify:artist:4PM86aECDhcdwuJNZNrR22,spotify:artist:32ywq93L2q60xzB5kwCvcZ,3
6756,spotify:artist:4PM86aECDhcdwuJNZNrR22,spotify:artist:6vI5AwXkw8IFD7zsw6NkTp,3
6757,spotify:artist:4PM86aECDhcdwuJNZNrR22,spotify:artist:6RwBVkrxTbbtS4bwxYQXcp,3
6758,spotify:artist:4PM86aECDhcdwuJNZNrR22,spotify:artist:0SOCskFcUcLj7Ful8w8KrL,3
6759,spotify:artist:4PM86aECDhcdwuJNZNrR22,spotify:artist:0LQrsY8CFvCyUAqAtiiVxw,3
6760,spotify:artist:3PCC1w6AJvKLFpZbDJrsGe,spotify:artist:6AAyXEKT9A0KfVn1VwTFMx,3
6761,spotify:artist:3PCC1w6AJvKLFpZbDJrsGe,spotify:artist:1s16tcMsyP2SpoLjLg44n1,3
6762,spotify:artist:3PCC1w6AJvKLFpZbDJrsGe,spotify:artist:6RwBVkrxTbbtS4bwxYQXcp,3
6763,spotify:artist:3PCC1w6AJvKLFpZbDJrsGe,spotify:artist:3M2S7bYzQt6h4KrnoihzLS,3
6764,spotify:artist:3PCC1w6AJvKLFpZbDJrsGe,spotify:artist:1mkuxdmqLdlrtCSwLQ2sUn,3
6765,spotify:artist:3PCC1w6AJvKLFpZbDJrsGe,spotify:artist:46P8tvKpmCzoODacJfzLbs,3
6766,spotify:artist:3PCC1w6AJvKLFpZbDJrsGe,spotify:artist:4QIJ2i8I6urte2scKgkVoY,3
6767,spotify:artist:3PCC1w6AJvKLFpZbDJrsGe,spotify:artist:4SK1IgkcWWc5HC1TOBq1VS,3
6768,spotify:artist:3PCC1w6AJvKLFpZbDJrsGe,spotify:artist:1QSEKTN8PPjVzniAkpJ90p,3
6769,spotify:artist:3PCC1w6AJvKLFpZbDJrsGe,spotify:artist:3swBltXPfejWNIyQ0B8qCH,3
6770,spotify:artist:3PCC1w6AJvKLFpZbDJrsGe,spotify:artist:4J9k7L7BrJ7NMWAcvgox1B,3
6771,spotify:artist:3PCC1w6AJvKLFpZbDJrsGe,spotify:artist:6ojLnwwSb9VwXV4b1iAw5X,3
6772,spotify:artist:3PCC1w6AJvKLFpZbDJrsGe,spotify:artist:7caMdiwqwg1WefL7Jjm23M,3
6773,spotify:artist:3PCC1w6AJvKLFpZbDJrsGe,spotify:artist:4ai4Oa84FkzxfGMw9Hwkm7,3
6774,spotify:artist:3PCC1w6AJvKLFpZbDJrsGe,spotify:artist:0nnDCl6emTFoWtygqSs4Jy,3
6775,spotify:artist:3PCC1w6AJvKLFpZbDJrsGe,spotify:artist:7i36YYqKiSqVihxTcvLSBK,3
6776,spotify:artist:3PCC1w6AJvKLFpZbDJrsGe,spotify:artist:3oAbjWINfcTSAuVUlXXMty,3
6777,spotify:artist:3PCC1w6AJvKLFpZbDJrsGe,spotify:artist:4PM86aECDhcdwuJNZNrR22,3
6778,spotify:artist:3PCC1w6AJvKLFpZbDJrsGe,spotify:artist:388Y4nUQbYSyonhNlBEypT,3
6779,spotify:artist:3PCC1w6AJvKLFpZbDJrsGe,spotify:artist:32ywq93L2q60xzB5kwCvcZ,3
6780,spotify:artist:0bDtDHLE3cBlqZxyLUDf90,spotify:artist:32bF8EkwKNXBZyEo371paF,3
6781,spotify:artist:0bDtDHLE3cBlqZxyLUDf90,spotify:artist:1kltSDXx78MGhHmxbe35tx,3
6782,spotify:artist:0bDtDHLE3cBlqZxyLUDf90,spotify:artist:4GCMwhffO4BBQZp2eoOapt,3
6783,spotify:artist:0bDtDHLE3cBlqZxyLUDf90,spotify:artist:6ahZTaoJs2D0gcscsEx64r,3
6784,spotify:artist:0bDtDHLE3cBlqZxyLUDf90,spotify:artist:2KklSK3N4XIGKfW1THLjLP,3
6785,spotify:artist:0bDtDHLE3cBlqZxyLUDf90,spotify:artist:09yvLritEUxHrzx5TlFvbl,3
6786,spotify:artist:0bDtDHLE3cBlqZxyLUDf90,spotify:artist:5yN0nwLpUCaZ2gr67bndCN,3
6787,spotify:artist:0bDtDHLE3cBlqZxyLUDf90,spotify:artist:5fIZHCg2de8322HZodBDWL,3
6788,spotify:artist:0bDtDHLE3cBlqZxyLUDf90,spotify:artist:1Fp2fNrv2udkdpOqFWn8IY,3
6789,spotify:artist:0bDtDHLE3cBlqZxyLUDf90,spotify:artist:167VlZ0C0ewQbgKexRFcs6,3
6790,spotify:artist:0bDtDHLE3cBlqZxyLUDf90,spotify:artist:4aZmKktp90vPbhbdgf2fpn,3
6791,spotify:artist:0bDtDHLE3cBlqZxyLUDf90,spotify:artist:4De2r7QdHl1eZwnEnQ1IzE,3
6792,spotify:artist:0bDtDHLE3cBlqZxyLUDf90,spotify:artist:4U34CdSiwH2Imlt7ddNPTC,3
6793,spotify:artist:0bDtDHLE3cBlqZxyLUDf90,spotify:artist:0SRMBXTBnSm9Jmy24gqggg,3
6794,spotify:artist:0bDtDHLE3cBlqZxyLUDf90,spotify:artist:4ONwFcI8RGvYMG1vEIdS11,3
6795,spotify:artist:0bDtDHLE3cBlqZxyLUDf90,spotify:artist:6hQxXJuBnpCcS2VLTezQv1,3
6796,spotify:artist:0bDtDHLE3cBlqZxyLUDf90,spotify:artist:61YXt5O4gENijzfR9cjjSV,3
6797,spotify:artist:0bDtDHLE3cBlqZxyLUDf90,spotify:artist:4PztbfCny3X9gBjlpgvjYo,3
6798,spotify:artist:0bDtDHLE3cBlqZxyLUDf90,spotify:artist:6zKkaqMGGmaKLUSLTcsrls,3
6799,spotify:artist:0bDtDHLE3cBlqZxyLUDf90,spotify:artist:1OV5mEATxtVma7fleFaUyl,3
6800,spotify:artist:4yvuCAFk8vERXXBf138h8S,spotify:artist:7tfS18oUEffScrxryTgwyC,3
6801,spotify:artist:4yvuCAFk8vERXXBf138h8S,spotify:artist:4HCubdy7diarb4KZo8etrq,3
6802,spotify:artist:4yvuCAFk8vERXXBf138h8S,spotify:artist:2kTn692duPSkqN6czSilyk,3
6803,spotify:artist:4yvuCAFk8vERXXBf138h8S,spotify:artist:5CXWXFfhDhFN5uzbfUwAKt,3
6804,spotify:artist:4yvuCAFk8vERXXBf138h8S,spotify:artist:1cMcFL2NdeUDYg0OtD1GeA,3
6805,spotify:artist:4yvuCAFk8vERXXBf138h8S,spotify:artist:71erjwGhr3OtCqtmKuy7qr,3
6806,spotify:artist:4yvuCAFk8vERXXBf138h8S,spotify:artist:0O0g9JMOVNoIgLG6dgaYMY,3
6807,spotify:artist:4yvuCAFk8vERXXBf138h8S,spotify:artist:6ktzu3KxlqOqd3eKnqTCyb,3
6808,spotify:artist:4yvuCAFk8vERXXBf138h8S,spotify:artist:5Qlt3zQ63Z99mNhuun0JAT,3
6809,spotify:artist:4yvuCAFk8vERXXBf138h8S,spotify:artist:2Lhs0asnFQiLuntn3s8p78,3
6810,spotify:artist:4yvuCAFk8vERXXBf138h8S,spotify:artist:339qxEdD8z8okRAiTp1HKf,3
6811,spotify:artist:4yvuCAFk8vERXXBf138h8S,spotify:artist:2YvNi4oPdBgD45gc1UycxW,3
6812,spotify:artist:4yvuCAFk8vERXXBf138h8S,spotify:artist:6soJo0dtX31T30OxtS4A39,3
6813,spotify:artist:4yvuCAFk8vERXXBf138h8S,spotify:artist:1ZsnHGOLYFg8CAHQQBc1ut,3
6814,spotify:artist:4yvuCAFk8vERXXBf138h8S,spotify:artist:1l0eT7EY5r7U1gMVm2SyoS,3
6815,spotify:artist:4yvuCAFk8vERXXBf138h8S,spotify:artist:6uHjKRsYGaElOrKWlSEji3,3
6816,spotify:artist:4yvuCAFk8vERXXBf138h8S,spotify:artist:4W1poTLCG6XjhBUVehcaMB,3
6817,spotify:artist:4yvuCAFk8vERXXBf138h8S,spotify:artist:3dmSPhg0tdao8ePj4pySJ5,3
6818,spotify:artist:4yvuCAFk8vERXXBf138h8S,spotify:artist:5S76x1RQk1FgHwX3y4giOO,3
6819,spotify:artist:4yvuCAFk8vERXXBf138h8S,spotify:artist:1CgvL3gASrnuI8SKXr8K7F,3
6820,spotify:artist:4W1poTLCG6XjhBUVehcaMB,spotify:artist:6uHjKRsYGaElOrKWlSEji3,3
6821,spotify:artist:4W1poTLCG6XjhBUVehcaMB,spotify:artist:1XW5L5zIBqMw7sqkkuIi5n,3
6822,spotify:artist:4W1poTLCG6XjhBUVehcaMB,spotify:artist:0qt6QSruHshcWT9QOzyfZp,3
6823,spotify:artist:4W1poTLCG6XjhBUVehcaMB,spotify:artist:7EFfGZiKL1Ud3cspnlMq4H,3
6824,spotify:artist:4W1poTLCG6XjhBUVehcaMB,spotify:artist:339qxEdD8z8okRAiTp1HKf,3
6825,spotify:artist:4W1poTLCG6XjhBUVehcaMB,spotify:artist:2Lhs0asnFQiLuntn3s8p78,3
6826,spotify:artist:4W1poTLCG6XjhBUVehcaMB,spotify:artist:4yvuCAFk8vERXXBf138h8S,3
6827,spotify:artist:4W1poTLCG6XjhBUVehcaMB,spotify:artist:2zTCLiQ8OUIWEyV6eZWzFy,3
6828,spotify:artist:4W1poTLCG6XjhBUVehcaMB,spotify:artist:2GATzeg62cr6sH29wSOVWe,3
6829,spotify:artist:4W1poTLCG6XjhBUVehcaMB,spotify:artist:1CgvL3gASrnuI8SKXr8K7F,3
6830,spotify:artist:4W1poTLCG6XjhBUVehcaMB,spotify:artist:2oAKV8mT3NB1hZbGbGcdYB,3
6831,spotify:artist:4W1poTLCG6XjhBUVehcaMB,spotify:artist:0O0g9JMOVNoIgLG6dgaYMY,3
6832,spotify:artist:4W1poTLCG6XjhBUVehcaMB,spotify:artist:2dxi3wnJ9h9kNioaWyIpYd,3
6833,spotify:artist:4W1poTLCG6XjhBUVehcaMB,spotify:artist:3dmSPhg0tdao8ePj4pySJ5,3
6834,spotify:artist:4W1poTLCG6XjhBUVehcaMB,spotify:artist:5lQ9ygSr6WMqXYsG00nNNY,3
6835,spotify:artist:4W1poTLCG6XjhBUVehcaMB,spotify:artist:7tfS18oUEffScrxryTgwyC,3
6836,spotify:artist:4W1poTLCG6XjhBUVehcaMB,spotify:artist:0TeVWuc8Sw05X4Qkl3AA5r,3
6837,spotify:artist:4W1poTLCG6XjhBUVehcaMB,spotify:artist:5GIfMirlXQh4saiInbfRwm,3
6838,spotify:artist:4W1poTLCG6XjhBUVehcaMB,spotify:artist:2zAvisjImPICTNsRgagqlV,3
6839,spotify:artist:4W1poTLCG6XjhBUVehcaMB,spotify:artist:0M02NJYkmh4eYhsKVAgVbJ,3
6840,spotify:artist:0muxV3OP61FVcWkgcBm7iv,spotify:artist:1CYmYyxlWBVY80Kvq5lTDg,3
6841,spotify:artist:0muxV3OP61FVcWkgcBm7iv,spotify:artist:1BZzsIaJrwVhoY4oNnAGjr,3
6842,spotify:artist:0muxV3OP61FVcWkgcBm7iv,spotify:artist:3aCS3JvkoSr84i7ge9pA9o,3
6843,spotify:artist:0muxV3OP61FVcWkgcBm7iv,spotify:artist:2YvNi4oPdBgD45gc1UycxW,3
6844,spotify:artist:0muxV3OP61FVcWkgcBm7iv,spotify:artist:0O0g9JMOVNoIgLG6dgaYMY,3
6845,spotify:artist:0muxV3OP61FVcWkgcBm7iv,spotify:artist:7veWqOewqKD2VtJruP51TB,3
6846,spotify:artist:0muxV3OP61FVcWkgcBm7iv,spotify:artist:4UETUdF77BfyJ7fEFVztr3,3
6847,spotify:artist:0muxV3OP61FVcWkgcBm7iv,spotify:artist:6soJo0dtX31T30OxtS4A39,3
6848,spotify:artist:0muxV3OP61FVcWkgcBm7iv,spotify:artist:1l0eT7EY5r7U1gMVm2SyoS,3
6849,spotify:artist:0muxV3OP61FVcWkgcBm7iv,spotify:artist:7CW5MYWUsyUYiHbiTmVZHe,3
6850,spotify:artist:0muxV3OP61FVcWkgcBm7iv,spotify:artist:5GIfMirlXQh4saiInbfRwm,3
6851,spotify:artist:0muxV3OP61FVcWkgcBm7iv,spotify:artist:1e9cOgMYTLJ0KFOjmTx13F,3
6852,spotify:artist:0muxV3OP61FVcWkgcBm7iv,spotify:artist:046wtejcUX9rhlzw2nlveT,3
6853,spotify:artist:0muxV3OP61FVcWkgcBm7iv,spotify:artist:6LRmgzRManplPQghd2BMqz,3
6854,spotify:artist:0muxV3OP61FVcWkgcBm7iv,spotify:artist:4oV5EVJ0XFWsJKoOvdRPvl,3
6855,spotify:artist:0muxV3OP61FVcWkgcBm7iv,spotify:artist:2LsbZ4vhm7aWOEqBLZQfbX,3
6856,spotify:artist:0muxV3OP61FVcWkgcBm7iv,spotify:artist:6HRtcKFPKPw6FtbGpvQviZ,3
6857,spotify:artist:0muxV3OP61FVcWkgcBm7iv,spotify:artist:7lmde7T1WJPFwv1eR6melP,3
6858,spotify:artist:0muxV3OP61FVcWkgcBm7iv,spotify:artist:5DEkBipkFl3aQHfkB9PZmg,3
6859,spotify:artist:0muxV3OP61FVcWkgcBm7iv,spotify:artist:6v8lYzIVcmeuPkoobFl7Dx,3
6860,spotify:artist:0TeVWuc8Sw05X4Qkl3AA5r,spotify:artist:3vidJsiALgVC5ZuweJgeDT,3
6861,spotify:artist:0TeVWuc8Sw05X4Qkl3AA5r,spotify:artist:3Rdkj77BOQHj5dTLveCJvI,3
6862,spotify:artist:0TeVWuc8Sw05X4Qkl3AA5r,spotify:artist:2zTCLiQ8OUIWEyV6eZWzFy,3
6863,spotify:artist:0TeVWuc8Sw05X4Qkl3AA5r,spotify:artist:1Cc79YAHP7xvQAVQSjveP6,3
6864,spotify:artist:0TeVWuc8Sw05X4Qkl3AA5r,spotify:artist:2wXBWJhbm1gfEVjyEEuhDH,3
6865,spotify:artist:0TeVWuc8Sw05X4Qkl3AA5r,spotify:artist:2oAKV8mT3NB1hZbGbGcdYB,3
6866,spotify:artist:0TeVWuc8Sw05X4Qkl3AA5r,spotify:artist:7caMdiwqwg1WefL7Jjm23M,3
6867,spotify:artist:0TeVWuc8Sw05X4Qkl3AA5r,spotify:artist:6zKkaqMGGmaKLUSLTcsrls,3
6868,spotify:artist:0TeVWuc8Sw05X4Qkl3AA5r,spotify:artist:61YXt5O4gENijzfR9cjjSV,3
6869,spotify:artist:0TeVWuc8Sw05X4Qkl3AA5r,spotify:artist:1Fp2fNrv2udkdpOqFWn8IY,3
6870,spotify:artist:0TeVWuc8Sw05X4Qkl3AA5r,spotify:artist:2UDplVRprMbazU74Hq8OLl,3
6871,spotify:artist:0TeVWuc8Sw05X4Qkl3AA5r,spotify:artist:339qxEdD8z8okRAiTp1HKf,3
6872,spotify:artist:0TeVWuc8Sw05X4Qkl3AA5r,spotify:artist:4zMX9gWf1DKhvsYHUCbBF7,3
6873,spotify:artist:0TeVWuc8Sw05X4Qkl3AA5r,spotify:artist:4QonkOS6ybWrJVYFWEHMZY,3
6874,spotify:artist:0TeVWuc8Sw05X4Qkl3AA5r,spotify:artist:0nnDCl6emTFoWtygqSs4Jy,3
6875,spotify:artist:0TeVWuc8Sw05X4Qkl3AA5r,spotify:artist:4SK1IgkcWWc5HC1TOBq1VS,3
6876,spotify:artist:0TeVWuc8Sw05X4Qkl3AA5r,spotify:artist:60ht0hWRy1yjUDfNsLuHuP,3
6877,spotify:artist:0TeVWuc8Sw05X4Qkl3AA5r,spotify:artist:4PM86aECDhcdwuJNZNrR22,3
6878,spotify:artist:0TeVWuc8Sw05X4Qkl3AA5r,spotify:artist:3PCC1w6AJvKLFpZbDJrsGe,3
6879,spotify:artist:0TeVWuc8Sw05X4Qkl3AA5r,spotify:artist:0bDtDHLE3cBlqZxyLUDf90,3
6880,spotify:artist:0O0g9JMOVNoIgLG6dgaYMY,spotify:artist:3B1VQErUlM3ZZ6d1EwYd2K,3
6881,spotify:artist:0O0g9JMOVNoIgLG6dgaYMY,spotify:artist:046wtejcUX9rhlzw2nlveT,3
6882,spotify:artist:0O0g9JMOVNoIgLG6dgaYMY,spotify:artist:7CW5MYWUsyUYiHbiTmVZHe,3
6883,spotify:artist:0O0g9JMOVNoIgLG6dgaYMY,spotify:artist:1CYmYyxlWBVY80Kvq5lTDg,3
6884,spotify:artist:0O0g9JMOVNoIgLG6dgaYMY,spotify:artist:1JXB7XQ9hjLB5pnr1eowKR,3
6885,spotify:artist:0O0g9JMOVNoIgLG6dgaYMY,spotify:artist:4yvuCAFk8vERXXBf138h8S,3
6886,spotify:artist:0O0g9JMOVNoIgLG6dgaYMY,spotify:artist:1l0eT7EY5r7U1gMVm2SyoS,3
6887,spotify:artist:0O0g9JMOVNoIgLG6dgaYMY,spotify:artist:1ilhXoWIlGxz3fM4B24mNo,3
6888,spotify:artist:0O0g9JMOVNoIgLG6dgaYMY,spotify:artist:5sMku8iI6FH3ypZTErz4kv,3
6889,spotify:artist:0O0g9JMOVNoIgLG6dgaYMY,spotify:artist:1Ag6UM6dow2OH9V06mxzV5,3
6890,spotify:artist:0O0g9JMOVNoIgLG6dgaYMY,spotify:artist:4UETUdF77BfyJ7fEFVztr3,3
6891,spotify:artist:0O0g9JMOVNoIgLG6dgaYMY,spotify:artist:1e9cOgMYTLJ0KFOjmTx13F,3
6892,spotify:artist:0O0g9JMOVNoIgLG6dgaYMY,spotify:artist:3UvcmAOZt64oKpP95f6MMM,3
6893,spotify:artist:0O0g9JMOVNoIgLG6dgaYMY,spotify:artist:4rxXqaQUe5udkRsGRDDDIY,3
6894,spotify:artist:0O0g9JMOVNoIgLG6dgaYMY,spotify:artist:4HCubdy7diarb4KZo8etrq,3
6895,spotify:artist:0O0g9JMOVNoIgLG6dgaYMY,spotify:artist:3aCS3JvkoSr84i7ge9pA9o,3
6896,spotify:artist:0O0g9JMOVNoIgLG6dgaYMY,spotify:artist:5MWBg16f5UYiaSlyVhzlIW,3
6897,spotify:artist:0O0g9JMOVNoIgLG6dgaYMY,spotify:artist:7k8oHbK8ratXIVlYX7fVRU,3
6898,spotify:artist:0O0g9JMOVNoIgLG6dgaYMY,spotify:artist:4MlLVFHiA4e7BU7vQ4r5Lh,3
6899,spotify:artist:0O0g9JMOVNoIgLG6dgaYMY,spotify:artist:3BqaUtuQmqIHg7B5Bc7fP7,3
6900,spotify:artist:7EFfGZiKL1Ud3cspnlMq4H,spotify:artist:4tBNwdhdWAXGzzaPTp9dRE,3
6901,spotify:artist:7EFfGZiKL1Ud3cspnlMq4H,spotify:artist:339qxEdD8z8okRAiTp1HKf,3
6902,spotify:artist:7EFfGZiKL1Ud3cspnlMq4H,spotify:artist:3uQ5cxFHxXddqPL58egs1z,3
6903,spotify:artist:7EFfGZiKL1Ud3cspnlMq4H,spotify:artist:2oAKV8mT3NB1hZbGbGcdYB,3
6904,spotify:artist:7EFfGZiKL1Ud3cspnlMq4H,spotify:artist:2k07pWgpJiFIbb9q1yJ36B,3
6905,spotify:artist:7EFfGZiKL1Ud3cspnlMq4H,spotify:artist:2Lhs0asnFQiLuntn3s8p78,3
6906,spotify:artist:7EFfGZiKL1Ud3cspnlMq4H,spotify:artist:2l7DkzVuYJW700mR7r43un,3
6907,spotify:artist:7EFfGZiKL1Ud3cspnlMq4H,spotify:artist:2zAvisjImPICTNsRgagqlV,3
6908,spotify:artist:7EFfGZiKL1Ud3cspnlMq4H,spotify:artist:6MnQV8O2R0Oci41F4HLB59,3
6909,spotify:artist:7EFfGZiKL1Ud3cspnlMq4H,spotify:artist:2EEw2tt8AJcH9qXUeB96Oc,3
6910,spotify:artist:7EFfGZiKL1Ud3cspnlMq4H,spotify:artist:2ajVJyxI4sHmTMtTA3ENko,3
6911,spotify:artist:7EFfGZiKL1Ud3cspnlMq4H,spotify:artist:0qt6QSruHshcWT9QOzyfZp,3
6912,spotify:artist:7EFfGZiKL1Ud3cspnlMq4H,spotify:artist:6uHjKRsYGaElOrKWlSEji3,3
6913,spotify:artist:7EFfGZiKL1Ud3cspnlMq4H,spotify:artist:2zTCLiQ8OUIWEyV6eZWzFy,3
6914,spotify:artist:7EFfGZiKL1Ud3cspnlMq4H,spotify:artist:6M5FR3JkFFVDkgwtO6Vtz6,3
6915,spotify:artist:7EFfGZiKL1Ud3cspnlMq4H,spotify:artist:3Rdkj77BOQHj5dTLveCJvI,3
6916,spotify:artist:7EFfGZiKL1Ud3cspnlMq4H,spotify:artist:64tVHZVSAZhDEiOJxnb6hE,3
6917,spotify:artist:7EFfGZiKL1Ud3cspnlMq4H,spotify:artist:3mv2eHwrIONSkviASDMRMa,3
6918,spotify:artist:7EFfGZiKL1Ud3cspnlMq4H,spotify:artist:7gqsi6aBSkRMJoL9psKqMr,3
6919,spotify:artist:7EFfGZiKL1Ud3cspnlMq4H,spotify:artist:6Jg1WSoV27sDj7N2WRFPqo,3
6920,spotify:artist:6qQpSCDIS4V5Md1sfgaCkh,spotify:artist:2zTCLiQ8OUIWEyV6eZWzFy,3
6921,spotify:artist:6qQpSCDIS4V5Md1sfgaCkh,spotify:artist:0rZpNCCYOe06am554MyKRu,3
6922,spotify:artist:6qQpSCDIS4V5Md1sfgaCkh,spotify:artist:3vidJsiALgVC5ZuweJgeDT,3
6923,spotify:artist:6qQpSCDIS4V5Md1sfgaCkh,spotify:artist:11ixEVNpyaaCW7VfC7fx8M,3
6924,spotify:artist:6qQpSCDIS4V5Md1sfgaCkh,spotify:artist:6zKkaqMGGmaKLUSLTcsrls,3
6925,spotify:artist:6qQpSCDIS4V5Md1sfgaCkh,spotify:artist:0GkLlslI4LMVTTuUkyQp57,3
6926,spotify:artist:6qQpSCDIS4V5Md1sfgaCkh,spotify:artist:7AhDVqsNA5q46WKsRPXvoe,3
6927,spotify:artist:6qQpSCDIS4V5Md1sfgaCkh,spotify:artist:0BLh5cn4nqfqoVUREx3hLj,3
6928,spotify:artist:6qQpSCDIS4V5Md1sfgaCkh,spotify:artist:73XRWWG1RmRSruCxzM69iK,3
6929,spotify:artist:6qQpSCDIS4V5Md1sfgaCkh,spotify:artist:0TeVWuc8Sw05X4Qkl3AA5r,3
6930,spotify:artist:6qQpSCDIS4V5Md1sfgaCkh,spotify:artist:4S0WYuq4dnunQV6cL3I49i,3
6931,spotify:artist:6qQpSCDIS4V5Md1sfgaCkh,spotify:artist:3eKN3A1F9LHWa2fHo3m1rd,3
6932,spotify:artist:6qQpSCDIS4V5Md1sfgaCkh,spotify:artist:3ltVtf7QHIwJBNQHqjb9UI,3
6933,spotify:artist:6qQpSCDIS4V5Md1sfgaCkh,spotify:artist:1Cc79YAHP7xvQAVQSjveP6,3
6934,spotify:artist:6qQpSCDIS4V5Md1sfgaCkh,spotify:artist:2UDplVRprMbazU74Hq8OLl,3
6935,spotify:artist:6qQpSCDIS4V5Md1sfgaCkh,spotify:artist:61YXt5O4gENijzfR9cjjSV,3
6936,spotify:artist:6qQpSCDIS4V5Md1sfgaCkh,spotify:artist:26mSNyxjAsV5HSb7vAHu1W,3
6937,spotify:artist:6qQpSCDIS4V5Md1sfgaCkh,spotify:artist:0M02NJYkmh4eYhsKVAgVbJ,3
6938,spotify:artist:6qQpSCDIS4V5Md1sfgaCkh,spotify:artist:4p5IivUAFtFlrvtVFnbK0l,3
6939,spotify:artist:6qQpSCDIS4V5Md1sfgaCkh,spotify:artist:03PGcrx7tRbp7oIfTGFsK3,3
6940,spotify:artist:0GkLlslI4LMVTTuUkyQp57,spotify:artist:30WWg3c6Mtw9HhfwvAS0Rh,3
6941,spotify:artist:0GkLlslI4LMVTTuUkyQp57,spotify:artist:3eKN3A1F9LHWa2fHo3m1rd,3
6942,spotify:artist:0GkLlslI4LMVTTuUkyQp57,spotify:artist:2zTCLiQ8OUIWEyV6eZWzFy,3
6943,spotify:artist:0GkLlslI4LMVTTuUkyQp57,spotify:artist:6vrwcJbfs2QyRtApdx1hXX,3
6944,spotify:artist:0GkLlslI4LMVTTuUkyQp57,spotify:artist:2k07pWgpJiFIbb9q1yJ36B,3
6945,spotify:artist:0GkLlslI4LMVTTuUkyQp57,spotify:artist:4tBNwdhdWAXGzzaPTp9dRE,3
6946,spotify:artist:0GkLlslI4LMVTTuUkyQp57,spotify:artist:43qdXLql01k9JPTeqBG22H,3
6947,spotify:artist:0GkLlslI4LMVTTuUkyQp57,spotify:artist:5U1pEBuiFLycsQ4mYP3nmK,3
6948,spotify:artist:0GkLlslI4LMVTTuUkyQp57,spotify:artist:6BV1QOFqWihVnBllS5naPh,3
6949,spotify:artist:0GkLlslI4LMVTTuUkyQp57,spotify:artist:4tPRMBm25eaPJaceUBPqTK,3
6950,spotify:artist:0GkLlslI4LMVTTuUkyQp57,spotify:artist:2rDxtYUzTAYJJE3Bl3Z5IN,3
6951,spotify:artist:0GkLlslI4LMVTTuUkyQp57,spotify:artist:5JnjssuFBg104paXN0mKKn,3
6952,spotify:artist:0GkLlslI4LMVTTuUkyQp57,spotify:artist:4l8UbJGiXxbfyDJPvcVH23,3
6953,spotify:artist:0GkLlslI4LMVTTuUkyQp57,spotify:artist:6qQpSCDIS4V5Md1sfgaCkh,3
6954,spotify:artist:0GkLlslI4LMVTTuUkyQp57,spotify:artist:7EFfGZiKL1Ud3cspnlMq4H,3
6955,spotify:artist:0GkLlslI4LMVTTuUkyQp57,spotify:artist:1Ga71MIHyTN9VVuEtW57GK,3
6956,spotify:artist:0GkLlslI4LMVTTuUkyQp57,spotify:artist:0t4oHObO3FImWvIhMimaSL,3
6957,spotify:artist:0GkLlslI4LMVTTuUkyQp57,spotify:artist:3uQ5cxFHxXddqPL58egs1z,3
6958,spotify:artist:0GkLlslI4LMVTTuUkyQp57,spotify:artist:0BLh5cn4nqfqoVUREx3hLj,3
6959,spotify:artist:0GkLlslI4LMVTTuUkyQp57,spotify:artist:0TeVWuc8Sw05X4Qkl3AA5r,3
6960,spotify:artist:6BV1QOFqWihVnBllS5naPh,spotify:artist:1uRMuS0KuwZwFJSYgV0PaW,3
6961,spotify:artist:6BV1QOFqWihVnBllS5naPh,spotify:artist:2rDxtYUzTAYJJE3Bl3Z5IN,3
6962,spotify:artist:6BV1QOFqWihVnBllS5naPh,spotify:artist:2k07pWgpJiFIbb9q1yJ36B,3
6963,spotify:artist:6BV1QOFqWihVnBllS5naPh,spotify:artist:2zAvisjImPICTNsRgagqlV,3
6964,spotify:artist:6BV1QOFqWihVnBllS5naPh,spotify:artist:2Lhs0asnFQiLuntn3s8p78,3
6965,spotify:artist:6BV1QOFqWihVnBllS5naPh,spotify:artist:3mv2eHwrIONSkviASDMRMa,3
6966,spotify:artist:6BV1QOFqWihVnBllS5naPh,spotify:artist:0GkLlslI4LMVTTuUkyQp57,3
6967,spotify:artist:6BV1QOFqWihVnBllS5naPh,spotify:artist:6nXSnNEdLuKTzAQozRtqiI,3
6968,spotify:artist:6BV1QOFqWihVnBllS5naPh,spotify:artist:79JJCxCCfJ8HufX6w8q2k4,3
6969,spotify:artist:6BV1QOFqWihVnBllS5naPh,spotify:artist:0TeVWuc8Sw05X4Qkl3AA5r,3
6970,spotify:artist:6BV1QOFqWihVnBllS5naPh,spotify:artist:4Ajgo7nAsTzjSFymIfBjZ1,3
6971,spotify:artist:6BV1QOFqWihVnBllS5naPh,spotify:artist:6vrwcJbfs2QyRtApdx1hXX,3
6972,spotify:artist:6BV1QOFqWihVnBllS5naPh,spotify:artist:74o9NlWEiftu6kvoDpIpAA,3
6973,spotify:artist:6BV1QOFqWihVnBllS5naPh,spotify:artist:0BLh5cn4nqfqoVUREx3hLj,3
6974,spotify:artist:6BV1QOFqWihVnBllS5naPh,spotify:artist:7ACSlU8kTcQIbvpwLWze8E,3
6975,spotify:artist:6BV1QOFqWihVnBllS5naPh,spotify:artist:2zTCLiQ8OUIWEyV6eZWzFy,3
6976,spotify:artist:6BV1QOFqWihVnBllS5naPh,spotify:artist:2Plkkomsc4DKawkCioLKjc,3
6977,spotify:artist:6BV1QOFqWihVnBllS5naPh,spotify:artist:0WISkx0PwT6lYWdPqKUJY8,3
6978,spotify:artist:6BV1QOFqWihVnBllS5naPh,spotify:artist:78DZaDfOK3i88eRVPkzZu2,3
6979,spotify:artist:6BV1QOFqWihVnBllS5naPh,spotify:artist:6igfLpd8s6DBBAuwebRUuo,3
6980,spotify:artist:1AcMngBo2RJdnnciklA9Cx,spotify:artist:16VudBYGOd9sMpOtA0szfp,3
6981,spotify:artist:1AcMngBo2RJdnnciklA9Cx,spotify:artist:0gdggS1jCNKXzFbUcOsotf,3
6982,spotify:artist:1AcMngBo2RJdnnciklA9Cx,spotify:artist:7CW5MYWUsyUYiHbiTmVZHe,3
6983,spotify:artist:1AcMngBo2RJdnnciklA9Cx,spotify:artist:4yvuCAFk8vERXXBf138h8S,3
6984,spotify:artist:1AcMngBo2RJdnnciklA9Cx,spotify:artist:1l0eT7EY5r7U1gMVm2SyoS,3
6985,spotify:artist:1AcMngBo2RJdnnciklA9Cx,spotify:artist:4rxXqaQUe5udkRsGRDDDIY,3
6986,spotify:artist:1AcMngBo2RJdnnciklA9Cx,spotify:artist:6OWPd5ByKaNSFAZ3TCe5AO,3
6987,spotify:artist:1AcMngBo2RJdnnciklA9Cx,spotify:artist:6ktzu3KxlqOqd3eKnqTCyb,3
6988,spotify:artist:1AcMngBo2RJdnnciklA9Cx,spotify:artist:6zKkaqMGGmaKLUSLTcsrls,3
6989,spotify:artist:1AcMngBo2RJdnnciklA9Cx,spotify:artist:26mSNyxjAsV5HSb7vAHu1W,3
6990,spotify:artist:1AcMngBo2RJdnnciklA9Cx,spotify:artist:0O0g9JMOVNoIgLG6dgaYMY,3
6991,spotify:artist:1AcMngBo2RJdnnciklA9Cx,spotify:artist:6TR7TYiDiS5okigndyMIpK,3
6992,spotify:artist:1AcMngBo2RJdnnciklA9Cx,spotify:artist:22DqYr3VzrlKqTY54Jo20d,3
6993,spotify:artist:1AcMngBo2RJdnnciklA9Cx,spotify:artist:0aJ02dgmmONlBUAeQzyFsc,3
6994,spotify:artist:1AcMngBo2RJdnnciklA9Cx,spotify:artist:0SRMBXTBnSm9Jmy24gqggg,3
6995,spotify:artist:1AcMngBo2RJdnnciklA9Cx,spotify:artist:6qmQYC8FDqqdpsJDNCb1ms,3
6996,spotify:artist:1AcMngBo2RJdnnciklA9Cx,spotify:artist:3vidJsiALgVC5ZuweJgeDT,3
6997,spotify:artist:1AcMngBo2RJdnnciklA9Cx,spotify:artist:3Wok7FweiLrlia97LMCJh1,3
6998,spotify:artist:1AcMngBo2RJdnnciklA9Cx,spotify:artist:62NNHMoDbLSbR3THDaFNO7,3
6999,spotify:artist:1AcMngBo2RJdnnciklA9Cx,spotify:artist:1Ag6UM6dow2OH9V06mxzV5,3
7000,spotify:artist:0WISkx0PwT6lYWdPqKUJY8,spotify:artist:7wyRA7deGRxozTyBc6QXPe,3
7001,spotify:artist:0WISkx0PwT6lYWdPqKUJY8,spotify:artist:3inCNiUr4R6XQ3W43s9Aqi,3
7002,spotify:artist:0WISkx0PwT6lYWdPqKUJY8,spotify:artist:4oV5EVJ0XFWsJKoOvdRPvl,3
7003,spotify:artist:0WISkx0PwT6lYWdPqKUJY8,spotify:artist:2wrhBKGC3DTNNNDRJPaxW6,3
7004,spotify:artist:0WISkx0PwT6lYWdPqKUJY8,spotify:artist:4ePunOqQbOYoQwd1298g3Z,3
7005,spotify:artist:0WISkx0PwT6lYWdPqKUJY8,spotify:artist:7lmde7T1WJPFwv1eR6melP,3
7006,spotify:artist:0WISkx0PwT6lYWdPqKUJY8,spotify:artist:3kbBWco9PZ5eSQsNScwG6U,3
7007,spotify:artist:0WISkx0PwT6lYWdPqKUJY8,spotify:artist:0pNaVvqSvldpJl7pHpNoM9,3
7008,spotify:artist:0WISkx0PwT6lYWdPqKUJY8,spotify:artist:22ojy4H4ZVpowC4lRRC8In,3
7009,spotify:artist:0WISkx0PwT6lYWdPqKUJY8,spotify:artist:3W4xM5XYtUp4ifYYPVKVdk,3
7010,spotify:artist:0WISkx0PwT6lYWdPqKUJY8,spotify:artist:1PokjXeIq2zVosXbTEaNlx,3
7011,spotify:artist:0WISkx0PwT6lYWdPqKUJY8,spotify:artist:3mv2eHwrIONSkviASDMRMa,3
7012,spotify:artist:0WISkx0PwT6lYWdPqKUJY8,spotify:artist:1ysOXSDpupZ5RBQ9PNFZU7,3
7013,spotify:artist:0WISkx0PwT6lYWdPqKUJY8,spotify:artist:2ajVJyxI4sHmTMtTA3ENko,3
7014,spotify:artist:0WISkx0PwT6lYWdPqKUJY8,spotify:artist:04cetTUz2JTzXBqFKO5YB5,3
7015,spotify:artist:0WISkx0PwT6lYWdPqKUJY8,spotify:artist:2dxi3wnJ9h9kNioaWyIpYd,3
7016,spotify:artist:0WISkx0PwT6lYWdPqKUJY8,spotify:artist:1ll45mCZIveI9KHNZx2DdS,3
7017,spotify:artist:0WISkx0PwT6lYWdPqKUJY8,spotify:artist:6wBUn8gMP85n8dPu6LoUcF,3
7018,spotify:artist:0WISkx0PwT6lYWdPqKUJY8,spotify:artist:5jX8L7D6vWHYlNj9k361vI,3
7019,spotify:artist:0WISkx0PwT6lYWdPqKUJY8,spotify:artist:4UETUdF77BfyJ7fEFVztr3,3
7020,spotify:artist:2rDxtYUzTAYJJE3Bl3Z5IN,spotify:artist:4OogVxC2vWAsXsTYXctXi1,3
7021,spotify:artist:2rDxtYUzTAYJJE3Bl3Z5IN,spotify:artist:3F4PBcfdeFdmxjRPS2UdMl,3
7022,spotify:artist:2rDxtYUzTAYJJE3Bl3Z5IN,spotify:artist:2Plkkomsc4DKawkCioLKjc,3
7023,spotify:artist:2rDxtYUzTAYJJE3Bl3Z5IN,spotify:artist:0BLh5cn4nqfqoVUREx3hLj,3
7024,spotify:artist:2rDxtYUzTAYJJE3Bl3Z5IN,spotify:artist:7AhDVqsNA5q46WKsRPXvoe,3
7025,spotify:artist:2rDxtYUzTAYJJE3Bl3Z5IN,spotify:artist:2k07pWgpJiFIbb9q1yJ36B,3
7026,spotify:artist:2rDxtYUzTAYJJE3Bl3Z5IN,spotify:artist:5GHv1pBOWOQxIE6WQBq88Q,3
7027,spotify:artist:2rDxtYUzTAYJJE3Bl3Z5IN,spotify:artist:0tyLMmQvEuyQR4qjGBdbem,3
7028,spotify:artist:2rDxtYUzTAYJJE3Bl3Z5IN,spotify:artist:2UDplVRprMbazU74Hq8OLl,3
7029,spotify:artist:2rDxtYUzTAYJJE3Bl3Z5IN,spotify:artist:4Ajgo7nAsTzjSFymIfBjZ1,3
7030,spotify:artist:2rDxtYUzTAYJJE3Bl3Z5IN,spotify:artist:6BV1QOFqWihVnBllS5naPh,3
7031,spotify:artist:2rDxtYUzTAYJJE3Bl3Z5IN,spotify:artist:2QoU3awHVdcHS8LrZEKvSM,3
7032,spotify:artist:2rDxtYUzTAYJJE3Bl3Z5IN,spotify:artist:2Lhs0asnFQiLuntn3s8p78,3
7033,spotify:artist:2rDxtYUzTAYJJE3Bl3Z5IN,spotify:artist:3znXuXT3xkCtjgOxXBBVnq,3
7034,spotify:artist:2rDxtYUzTAYJJE3Bl3Z5IN,spotify:artist:2zAvisjImPICTNsRgagqlV,3
7035,spotify:artist:2rDxtYUzTAYJJE3Bl3Z5IN,spotify:artist:6nXSnNEdLuKTzAQozRtqiI,3
7036,spotify:artist:2rDxtYUzTAYJJE3Bl3Z5IN,spotify:artist:2zTCLiQ8OUIWEyV6eZWzFy,3
7037,spotify:artist:2rDxtYUzTAYJJE3Bl3Z5IN,spotify:artist:79JJCxCCfJ8HufX6w8q2k4,3
7038,spotify:artist:2rDxtYUzTAYJJE3Bl3Z5IN,spotify:artist:3uQ5cxFHxXddqPL58egs1z,3
7039,spotify:artist:2rDxtYUzTAYJJE3Bl3Z5IN,spotify:artist:1rXr1ZnvbRoYBaedIl9v4v,3
7040,spotify:artist:3Wok7FweiLrlia97LMCJh1,spotify:artist:5slSOLb4CcoPOgptg4tsxo,3
7041,spotify:artist:3Wok7FweiLrlia97LMCJh1,spotify:artist:040Bv6cZTRh30LyyYVXgJX,3
7042,spotify:artist:3Wok7FweiLrlia97LMCJh1,spotify:artist:2IkwqvwEnXFlZEq6eFP1wL,3
7043,spotify:artist:3Wok7FweiLrlia97LMCJh1,spotify:artist:5jX8L7D6vWHYlNj9k361vI,3
7044,spotify:artist:3Wok7FweiLrlia97LMCJh1,spotify:artist:4RIOH6XCUt1Xr8NLUj2u66,3
7045,spotify:artist:3Wok7FweiLrlia97LMCJh1,spotify:artist:0TeVWuc8Sw05X4Qkl3AA5r,3
7046,spotify:artist:3Wok7FweiLrlia97LMCJh1,spotify:artist:4U4dyH3tMYOQMZYTjsXmeJ,3
7047,spotify:artist:3Wok7FweiLrlia97LMCJh1,spotify:artist:2zAvisjImPICTNsRgagqlV,3
7048,spotify:artist:3Wok7FweiLrlia97LMCJh1,spotify:artist:74o9NlWEiftu6kvoDpIpAA,3
7049,spotify:artist:3Wok7FweiLrlia97LMCJh1,spotify:artist:4VcTmgGKGuJn56Ac2zNhiH,3
7050,spotify:artist:3Wok7FweiLrlia97LMCJh1,spotify:artist:4QonkOS6ybWrJVYFWEHMZY,3
7051,spotify:artist:3Wok7FweiLrlia97LMCJh1,spotify:artist:4R024vmmAv1tyJGZPWkEDu,3
7052,spotify:artist:3Wok7FweiLrlia97LMCJh1,spotify:artist:5P1tdwsQdI6z9MXXfmYRDS,3
7053,spotify:artist:3Wok7FweiLrlia97LMCJh1,spotify:artist:2Lhs0asnFQiLuntn3s8p78,3
7054,spotify:artist:3Wok7FweiLrlia97LMCJh1,spotify:artist:53HMXaQpXt5m6cBJNO5OFX,3
7055,spotify:artist:3Wok7FweiLrlia97LMCJh1,spotify:artist:3b0YRaadaoMwK4STNVeHGF,3
7056,spotify:artist:3Wok7FweiLrlia97LMCJh1,spotify:artist:4yvuCAFk8vERXXBf138h8S,3
7057,spotify:artist:3Wok7FweiLrlia97LMCJh1,spotify:artist:4CMdLKWNEoNSLpaJ6QMWYy,3
7058,spotify:artist:3Wok7FweiLrlia97LMCJh1,spotify:artist:53PYmJ7bACIX8gkVoTkCIr,3
7059,spotify:artist:3Wok7FweiLrlia97LMCJh1,spotify:artist:0WISkx0PwT6lYWdPqKUJY8,3
7060,spotify:artist:26mSNyxjAsV5HSb7vAHu1W,spotify:artist:3WNuXg2cfUF1m2ol7bh5ff,3
7061,spotify:artist:26mSNyxjAsV5HSb7vAHu1W,spotify:artist:6mvFRE3xP0zlD7UslNKjfI,3
7062,spotify:artist:26mSNyxjAsV5HSb7vAHu1W,spotify:artist:66JcJ2bg4TKlGk2PPqlhgM,3
7063,spotify:artist:26mSNyxjAsV5HSb7vAHu1W,spotify:artist:5JFS60r6NwiQfX8Ue29JHL,3
7064,spotify:artist:26mSNyxjAsV5HSb7vAHu1W,spotify:artist:7IAUfrEYLQyg1zCfp2X5QR,3
7065,spotify:artist:26mSNyxjAsV5HSb7vAHu1W,spotify:artist:1BZzsIaJrwVhoY4oNnAGjr,3
7066,spotify:artist:26mSNyxjAsV5HSb7vAHu1W,spotify:artist:5YsFZtitLEPVCFjixwBIkW,3
7067,spotify:artist:26mSNyxjAsV5HSb7vAHu1W,spotify:artist:1l0eT7EY5r7U1gMVm2SyoS,3
7068,spotify:artist:26mSNyxjAsV5HSb7vAHu1W,spotify:artist:3vidJsiALgVC5ZuweJgeDT,3
7069,spotify:artist:26mSNyxjAsV5HSb7vAHu1W,spotify:artist:3UJInulwu7s3B8QqjBj1XT,3
7070,spotify:artist:26mSNyxjAsV5HSb7vAHu1W,spotify:artist:2OFpmma3V9yxT5XXgytGns,3
7071,spotify:artist:26mSNyxjAsV5HSb7vAHu1W,spotify:artist:3xdNAxLFMZONXhc8pP6IxZ,3
7072,spotify:artist:26mSNyxjAsV5HSb7vAHu1W,spotify:artist:1Cc79YAHP7xvQAVQSjveP6,3
7073,spotify:artist:26mSNyxjAsV5HSb7vAHu1W,spotify:artist:1e9cOgMYTLJ0KFOjmTx13F,3
7074,spotify:artist:26mSNyxjAsV5HSb7vAHu1W,spotify:artist:3iayA3QkB3jfkUgcXqsL7C,3
7075,spotify:artist:26mSNyxjAsV5HSb7vAHu1W,spotify:artist:4CvAzkeYfFG9DbZ4rCRzih,3
7076,spotify:artist:26mSNyxjAsV5HSb7vAHu1W,spotify:artist:6zKkaqMGGmaKLUSLTcsrls,3
7077,spotify:artist:26mSNyxjAsV5HSb7vAHu1W,spotify:artist:42chtGdwnAdG2TECndse7J,3
7078,spotify:artist:26mSNyxjAsV5HSb7vAHu1W,spotify:artist:2UDplVRprMbazU74Hq8OLl,3
7079,spotify:artist:26mSNyxjAsV5HSb7vAHu1W,spotify:artist:0BLh5cn4nqfqoVUREx3hLj,3
7080,spotify:artist:2dxi3wnJ9h9kNioaWyIpYd,spotify:artist:7IDrRpDz0cOuUVC32c8PKD,3
7081,spotify:artist:2dxi3wnJ9h9kNioaWyIpYd,spotify:artist:0lmPazVDvsQ8FXDcBfKc6r,3
7082,spotify:artist:2dxi3wnJ9h9kNioaWyIpYd,spotify:artist:0hFSUykrqfVXac7E3ZpiaH,3
7083,spotify:artist:2dxi3wnJ9h9kNioaWyIpYd,spotify:artist:1fpXM23IoNckJ7NDAm8YJQ,3
7084,spotify:artist:2dxi3wnJ9h9kNioaWyIpYd,spotify:artist:6paRdA1dkAEb0dWcIS4TOp,3
7085,spotify:artist:2dxi3wnJ9h9kNioaWyIpYd,spotify:artist:0fWvSXbvztkeHEnEuYvU2A,3
7086,spotify:artist:2dxi3wnJ9h9kNioaWyIpYd,spotify:artist:762Lq0yk2VhjIfkTVDzlhv,3
7087,spotify:artist:2dxi3wnJ9h9kNioaWyIpYd,spotify:artist:55dlp5I9jyc4UjzlrcKMnq,3
7088,spotify:artist:2dxi3wnJ9h9kNioaWyIpYd,spotify:artist:6wBUn8gMP85n8dPu6LoUcF,3
7089,spotify:artist:2dxi3wnJ9h9kNioaWyIpYd,spotify:artist:0WISkx0PwT6lYWdPqKUJY8,3
7090,spotify:artist:2dxi3wnJ9h9kNioaWyIpYd,spotify:artist:4DD6xBZ1INIT3yGJRQLzej,3
7091,spotify:artist:2dxi3wnJ9h9kNioaWyIpYd,spotify:artist:3dmSPhg0tdao8ePj4pySJ5,3
7092,spotify:artist:2dxi3wnJ9h9kNioaWyIpYd,spotify:artist:4tXPSo0qk91VMP3wFxL0Fo,3
7093,spotify:artist:2dxi3wnJ9h9kNioaWyIpYd,spotify:artist:74o9NlWEiftu6kvoDpIpAA,3
7094,spotify:artist:2dxi3wnJ9h9kNioaWyIpYd,spotify:artist:3N6WAAPHoIjo6na008793X,3
7095,spotify:artist:2dxi3wnJ9h9kNioaWyIpYd,spotify:artist:5aD0uh1BpYTN7AzhiSDgaO,3
7096,spotify:artist:2dxi3wnJ9h9kNioaWyIpYd,spotify:artist:1PokjXeIq2zVosXbTEaNlx,3
7097,spotify:artist:2dxi3wnJ9h9kNioaWyIpYd,spotify:artist:4L1danWWAgSc0b7nBgY9CB,3
7098,spotify:artist:2dxi3wnJ9h9kNioaWyIpYd,spotify:artist:30XB6UJMhn7v7ZDX2GlIsM,3
7099,spotify:artist:2dxi3wnJ9h9kNioaWyIpYd,spotify:artist:4oV5EVJ0XFWsJKoOvdRPvl,3
7100,spotify:artist:4p5IivUAFtFlrvtVFnbK0l,spotify:artist:6ojLnwwSb9VwXV4b1iAw5X,3
7101,spotify:artist:4p5IivUAFtFlrvtVFnbK0l,spotify:artist:32ywq93L2q60xzB5kwCvcZ,3
7102,spotify:artist:4p5IivUAFtFlrvtVFnbK0l,spotify:artist:1atMS0J5cRdPrX1ak8AOuL,3
7103,spotify:artist:4p5IivUAFtFlrvtVFnbK0l,spotify:artist:1s16tcMsyP2SpoLjLg44n1,3
7104,spotify:artist:4p5IivUAFtFlrvtVFnbK0l,spotify:artist:6AAyXEKT9A0KfVn1VwTFMx,3
7105,spotify:artist:4p5IivUAFtFlrvtVFnbK0l,spotify:artist:0skWxvSCwi9CgcS91WCuIU,3
7106,spotify:artist:4p5IivUAFtFlrvtVFnbK0l,spotify:artist:46P8tvKpmCzoODacJfzLbs,3
7107,spotify:artist:4p5IivUAFtFlrvtVFnbK0l,spotify:artist:61YXt5O4gENijzfR9cjjSV,3
7108,spotify:artist:4p5IivUAFtFlrvtVFnbK0l,spotify:artist:771bZ8ZHkvOqkI7baL68X3,3
7109,spotify:artist:4p5IivUAFtFlrvtVFnbK0l,spotify:artist:3AeSz3QNO4DSmtyEZhICje,3
7110,spotify:artist:4p5IivUAFtFlrvtVFnbK0l,spotify:artist:6RwBVkrxTbbtS4bwxYQXcp,3
7111,spotify:artist:4p5IivUAFtFlrvtVFnbK0l,spotify:artist:3PCC1w6AJvKLFpZbDJrsGe,3
7112,spotify:artist:4p5IivUAFtFlrvtVFnbK0l,spotify:artist:1mkuxdmqLdlrtCSwLQ2sUn,3
7113,spotify:artist:4p5IivUAFtFlrvtVFnbK0l,spotify:artist:3swBltXPfejWNIyQ0B8qCH,3
7114,spotify:artist:4p5IivUAFtFlrvtVFnbK0l,spotify:artist:54NTXs0gBQ20QnSPdWSQ6C,3
7115,spotify:artist:4p5IivUAFtFlrvtVFnbK0l,spotify:artist:1QSEKTN8PPjVzniAkpJ90p,3
7116,spotify:artist:4p5IivUAFtFlrvtVFnbK0l,spotify:artist:3vidJsiALgVC5ZuweJgeDT,3
7117,spotify:artist:4p5IivUAFtFlrvtVFnbK0l,spotify:artist:1Cc79YAHP7xvQAVQSjveP6,3
7118,spotify:artist:4p5IivUAFtFlrvtVFnbK0l,spotify:artist:0DTOO5tJ30QEMnbKp6W9s4,3
7119,spotify:artist:4p5IivUAFtFlrvtVFnbK0l,spotify:artist:0C6MCOqzlXMdX8Ij0mR6ct,3
7120,spotify:artist:339qxEdD8z8okRAiTp1HKf,spotify:artist:2oAKV8mT3NB1hZbGbGcdYB,3
7121,spotify:artist:339qxEdD8z8okRAiTp1HKf,spotify:artist:6MnQV8O2R0Oci41F4HLB59,3
7122,spotify:artist:339qxEdD8z8okRAiTp1HKf,spotify:artist:3Rdkj77BOQHj5dTLveCJvI,3
7123,spotify:artist:339qxEdD8z8okRAiTp1HKf,spotify:artist:2zTCLiQ8OUIWEyV6eZWzFy,3
7124,spotify:artist:339qxEdD8z8okRAiTp1HKf,spotify:artist:2Lhs0asnFQiLuntn3s8p78,3
7125,spotify:artist:339qxEdD8z8okRAiTp1HKf,spotify:artist:5tgz5nUmXzQkGo7i0RczvC,3
7126,spotify:artist:339qxEdD8z8okRAiTp1HKf,spotify:artist:7EFfGZiKL1Ud3cspnlMq4H,3
7127,spotify:artist:339qxEdD8z8okRAiTp1HKf,spotify:artist:2k07pWgpJiFIbb9q1yJ36B,3
7128,spotify:artist:339qxEdD8z8okRAiTp1HKf,spotify:artist:08w6KQXL60XUftg3Ds3177,3
7129,spotify:artist:339qxEdD8z8okRAiTp1HKf,spotify:artist:72PnPUc1qv9UjRPaGVZ1jq,3
7130,spotify:artist:339qxEdD8z8okRAiTp1HKf,spotify:artist:1OmdWpAh1pucAuZPzJaxIJ,3
7131,spotify:artist:339qxEdD8z8okRAiTp1HKf,spotify:artist:188gwh9RnRT58ZQPwqwHE3,3
7132,spotify:artist:339qxEdD8z8okRAiTp1HKf,spotify:artist:70gvc4NvTwgBpEB1goYy8z,3
7133,spotify:artist:339qxEdD8z8okRAiTp1HKf,spotify:artist:6uHjKRsYGaElOrKWlSEji3,3
7134,spotify:artist:339qxEdD8z8okRAiTp1HKf,spotify:artist:3uQ5cxFHxXddqPL58egs1z,3
7135,spotify:artist:339qxEdD8z8okRAiTp1HKf,spotify:artist:2zAvisjImPICTNsRgagqlV,3
7136,spotify:artist:339qxEdD8z8okRAiTp1HKf,spotify:artist:4tBNwdhdWAXGzzaPTp9dRE,3
7137,spotify:artist:339qxEdD8z8okRAiTp1HKf,spotify:artist:0TeVWuc8Sw05X4Qkl3AA5r,3
7138,spotify:artist:339qxEdD8z8okRAiTp1HKf,spotify:artist:6M5FR3JkFFVDkgwtO6Vtz6,3
7139,spotify:artist:339qxEdD8z8okRAiTp1HKf,spotify:artist:3x0LgZSPgNh91O6NBMtqTs,3
7140,spotify:artist:2Lhs0asnFQiLuntn3s8p78,spotify:artist:339qxEdD8z8okRAiTp1HKf,3
7141,spotify:artist:2Lhs0asnFQiLuntn3s8p78,spotify:artist:2oAKV8mT3NB1hZbGbGcdYB,3
7142,spotify:artist:2Lhs0asnFQiLuntn3s8p78,spotify:artist:2zAvisjImPICTNsRgagqlV,3
7143,spotify:artist:2Lhs0asnFQiLuntn3s8p78,spotify:artist:2l7DkzVuYJW700mR7r43un,3
7144,spotify:artist:2Lhs0asnFQiLuntn3s8p78,spotify:artist:3uQ5cxFHxXddqPL58egs1z,3
7145,spotify:artist:2Lhs0asnFQiLuntn3s8p78,spotify:artist:2k07pWgpJiFIbb9q1yJ36B,3
7146,spotify:artist:2Lhs0asnFQiLuntn3s8p78,spotify:artist:7EFfGZiKL1Ud3cspnlMq4H,3
7147,spotify:artist:2Lhs0asnFQiLuntn3s8p78,spotify:artist:3dmSPhg0tdao8ePj4pySJ5,3
7148,spotify:artist:2Lhs0asnFQiLuntn3s8p78,spotify:artist:79JJCxCCfJ8HufX6w8q2k4,3
7149,spotify:artist:2Lhs0asnFQiLuntn3s8p78,spotify:artist:0qt6QSruHshcWT9QOzyfZp,3
7150,spotify:artist:2Lhs0asnFQiLuntn3s8p78,spotify:artist:7gqsi6aBSkRMJoL9psKqMr,3
7151,spotify:artist:2Lhs0asnFQiLuntn3s8p78,spotify:artist:2ajVJyxI4sHmTMtTA3ENko,3
7152,spotify:artist:2Lhs0asnFQiLuntn3s8p78,spotify:artist:2EEw2tt8AJcH9qXUeB96Oc,3
7153,spotify:artist:2Lhs0asnFQiLuntn3s8p78,spotify:artist:4G0XDEk7RbA4BBCTs917U9,3
7154,spotify:artist:2Lhs0asnFQiLuntn3s8p78,spotify:artist:70gvc4NvTwgBpEB1goYy8z,3
7155,spotify:artist:2Lhs0asnFQiLuntn3s8p78,spotify:artist:2rDxtYUzTAYJJE3Bl3Z5IN,3
7156,spotify:artist:2Lhs0asnFQiLuntn3s8p78,spotify:artist:1OmdWpAh1pucAuZPzJaxIJ,3
7157,spotify:artist:2Lhs0asnFQiLuntn3s8p78,spotify:artist:2zTCLiQ8OUIWEyV6eZWzFy,3
7158,spotify:artist:2Lhs0asnFQiLuntn3s8p78,spotify:artist:4ePunOqQbOYoQwd1298g3Z,3
7159,spotify:artist:2Lhs0asnFQiLuntn3s8p78,spotify:artist:4yvuCAFk8vERXXBf138h8S,3
7160,spotify:artist:0SRMBXTBnSm9Jmy24gqggg,spotify:artist:40iG1d2wC4KdBLb8wXNq33,3
7161,spotify:artist:0SRMBXTBnSm9Jmy24gqggg,spotify:artist:2zTCLiQ8OUIWEyV6eZWzFy,3
7162,spotify:artist:0SRMBXTBnSm9Jmy24gqggg,spotify:artist:0TeVWuc8Sw05X4Qkl3AA5r,3
7163,spotify:artist:0SRMBXTBnSm9Jmy24gqggg,spotify:artist:0bDtDHLE3cBlqZxyLUDf90,3
7164,spotify:artist:0SRMBXTBnSm9Jmy24gqggg,spotify:artist:7caMdiwqwg1WefL7Jjm23M,3
7165,spotify:artist:0SRMBXTBnSm9Jmy24gqggg,spotify:artist:3vidJsiALgVC5ZuweJgeDT,3
7166,spotify:artist:0SRMBXTBnSm9Jmy24gqggg,spotify:artist:6zKkaqMGGmaKLUSLTcsrls,3
7167,spotify:artist:0SRMBXTBnSm9Jmy24gqggg,spotify:artist:1Fp2fNrv2udkdpOqFWn8IY,3
7168,spotify:artist:0SRMBXTBnSm9Jmy24gqggg,spotify:artist:2oAKV8mT3NB1hZbGbGcdYB,3
7169,spotify:artist:0SRMBXTBnSm9Jmy24gqggg,spotify:artist:6qQpSCDIS4V5Md1sfgaCkh,3
7170,spotify:artist:0SRMBXTBnSm9Jmy24gqggg,spotify:artist:4ONwFcI8RGvYMG1vEIdS11,3
7171,spotify:artist:0SRMBXTBnSm9Jmy24gqggg,spotify:artist:4yvuCAFk8vERXXBf138h8S,3
7172,spotify:artist:0SRMBXTBnSm9Jmy24gqggg,spotify:artist:7COf7QkYuPrzl1lVrR1sIE,3
7173,spotify:artist:0SRMBXTBnSm9Jmy24gqggg,spotify:artist:4QonkOS6ybWrJVYFWEHMZY,3
7174,spotify:artist:0SRMBXTBnSm9Jmy24gqggg,spotify:artist:3Wok7FweiLrlia97LMCJh1,3
7175,spotify:artist:0SRMBXTBnSm9Jmy24gqggg,spotify:artist:1DSLJBOwoz0HhiFMIKhZxe,3
7176,spotify:artist:0SRMBXTBnSm9Jmy24gqggg,spotify:artist:7gqsi6aBSkRMJoL9psKqMr,3
7177,spotify:artist:0SRMBXTBnSm9Jmy24gqggg,spotify:artist:4eR9k3I0YKCQUvvP2ojptw,3
7178,spotify:artist:0SRMBXTBnSm9Jmy24gqggg,spotify:artist:1Ga71MIHyTN9VVuEtW57GK,3
7179,spotify:artist:0SRMBXTBnSm9Jmy24gqggg,spotify:artist:6KJIIOCWsWtNc7ICINtPEw,3
7180,spotify:artist:1ZOKm4ZfrMPjTynDt99aCp,spotify:artist:0muxV3OP61FVcWkgcBm7iv,3
7181,spotify:artist:1ZOKm4ZfrMPjTynDt99aCp,spotify:artist:5GIfMirlXQh4saiInbfRwm,3
7182,spotify:artist:1ZOKm4ZfrMPjTynDt99aCp,spotify:artist:4oV5EVJ0XFWsJKoOvdRPvl,3
7183,spotify:artist:1ZOKm4ZfrMPjTynDt99aCp,spotify:artist:7lmde7T1WJPFwv1eR6melP,3
7184,spotify:artist:1ZOKm4ZfrMPjTynDt99aCp,spotify:artist:2JpHk8yju1DH1l3c9sXzOS,3
7185,spotify:artist:1ZOKm4ZfrMPjTynDt99aCp,spotify:artist:3kbBWco9PZ5eSQsNScwG6U,3
7186,spotify:artist:1ZOKm4ZfrMPjTynDt99aCp,spotify:artist:1qHR9DMfOJQjvWLEfMZQlG,3
7187,spotify:artist:1ZOKm4ZfrMPjTynDt99aCp,spotify:artist:7HzHgQO5cFieqjoINahKkm,3
7188,spotify:artist:1ZOKm4ZfrMPjTynDt99aCp,spotify:artist:4WPY0N74T3KUja57xMQTZ3,3
7189,spotify:artist:1ZOKm4ZfrMPjTynDt99aCp,spotify:artist:3G3Gdm0ZRAOxLrbyjfhii5,3
7190,spotify:artist:1ZOKm4ZfrMPjTynDt99aCp,spotify:artist:6guTJsgPymDUVfqDJyz5UG,3
7191,spotify:artist:1ZOKm4ZfrMPjTynDt99aCp,spotify:artist:0pNaVvqSvldpJl7pHpNoM9,3
7192,spotify:artist:1ZOKm4ZfrMPjTynDt99aCp,spotify:artist:4a2nAPF15Gv8V65Ba3IJSB,3
7193,spotify:artist:1ZOKm4ZfrMPjTynDt99aCp,spotify:artist:6RWjTQqILL7a1tQ0VapyLK,3
7194,spotify:artist:1ZOKm4ZfrMPjTynDt99aCp,spotify:artist:5KIrQe9pb7tn8y775PsoAP,3
7195,spotify:artist:1ZOKm4ZfrMPjTynDt99aCp,spotify:artist:5UMQV83wwZCCvRSQCVjZw6,3
7196,spotify:artist:1ZOKm4ZfrMPjTynDt99aCp,spotify:artist:0z6zRFzl5njXWLVAisXQBz,3
7197,spotify:artist:1ZOKm4ZfrMPjTynDt99aCp,spotify:artist:3UvcmAOZt64oKpP95f6MMM,3
7198,spotify:artist:1ZOKm4ZfrMPjTynDt99aCp,spotify:artist:3inCNiUr4R6XQ3W43s9Aqi,3
7199,spotify:artist:1ZOKm4ZfrMPjTynDt99aCp,spotify:artist:6LRmgzRManplPQghd2BMqz,3
7200,spotify:artist:3uQ5cxFHxXddqPL58egs1z,spotify:artist:4tBNwdhdWAXGzzaPTp9dRE,3
7201,spotify:artist:3uQ5cxFHxXddqPL58egs1z,spotify:artist:2k07pWgpJiFIbb9q1yJ36B,3
7202,spotify:artist:3uQ5cxFHxXddqPL58egs1z,spotify:artist:2l7DkzVuYJW700mR7r43un,3
7203,spotify:artist:3uQ5cxFHxXddqPL58egs1z,spotify:artist:2zAvisjImPICTNsRgagqlV,3
7204,spotify:artist:3uQ5cxFHxXddqPL58egs1z,spotify:artist:0qt6QSruHshcWT9QOzyfZp,3
7205,spotify:artist:3uQ5cxFHxXddqPL58egs1z,spotify:artist:4G0XDEk7RbA4BBCTs917U9,3
7206,spotify:artist:3uQ5cxFHxXddqPL58egs1z,spotify:artist:2ajVJyxI4sHmTMtTA3ENko,3
7207,spotify:artist:3uQ5cxFHxXddqPL58egs1z,spotify:artist:7EFfGZiKL1Ud3cspnlMq4H,3
7208,spotify:artist:3uQ5cxFHxXddqPL58egs1z,spotify:artist:79JJCxCCfJ8HufX6w8q2k4,3
7209,spotify:artist:3uQ5cxFHxXddqPL58egs1z,spotify:artist:2Lhs0asnFQiLuntn3s8p78,3
7210,spotify:artist:3uQ5cxFHxXddqPL58egs1z,spotify:artist:2EEw2tt8AJcH9qXUeB96Oc,3
7211,spotify:artist:3uQ5cxFHxXddqPL58egs1z,spotify:artist:2GATzeg62cr6sH29wSOVWe,3
7212,spotify:artist:3uQ5cxFHxXddqPL58egs1z,spotify:artist:3gSfOAPCvsDDVDBeSLl9v6,3
7213,spotify:artist:3uQ5cxFHxXddqPL58egs1z,spotify:artist:0wz0jO9anccPzH04N7FLBH,3
7214,spotify:artist:3uQ5cxFHxXddqPL58egs1z,spotify:artist:57kIMCLPgkzQlXjblX7XXP,3
7215,spotify:artist:3uQ5cxFHxXddqPL58egs1z,spotify:artist:7gqsi6aBSkRMJoL9psKqMr,3
7216,spotify:artist:3uQ5cxFHxXddqPL58egs1z,spotify:artist:0Z6hyoqGpchajBS8Gt3c0l,3
7217,spotify:artist:3uQ5cxFHxXddqPL58egs1z,spotify:artist:2rDxtYUzTAYJJE3Bl3Z5IN,3
7218,spotify:artist:3uQ5cxFHxXddqPL58egs1z,spotify:artist:3mv2eHwrIONSkviASDMRMa,3
7219,spotify:artist:3uQ5cxFHxXddqPL58egs1z,spotify:artist:64tVHZVSAZhDEiOJxnb6hE,3
7220,spotify:artist:2EEw2tt8AJcH9qXUeB96Oc,spotify:artist:2zAvisjImPICTNsRgagqlV,3
7221,spotify:artist:2EEw2tt8AJcH9qXUeB96Oc,spotify:artist:2ajVJyxI4sHmTMtTA3ENko,3
7222,spotify:artist:2EEw2tt8AJcH9qXUeB96Oc,spotify:artist:3uQ5cxFHxXddqPL58egs1z,3
7223,spotify:artist:2EEw2tt8AJcH9qXUeB96Oc,spotify:artist:4tBNwdhdWAXGzzaPTp9dRE,3
7224,spotify:artist:2EEw2tt8AJcH9qXUeB96Oc,spotify:artist:2l7DkzVuYJW700mR7r43un,3
7225,spotify:artist:2EEw2tt8AJcH9qXUeB96Oc,spotify:artist:2k07pWgpJiFIbb9q1yJ36B,3
7226,spotify:artist:2EEw2tt8AJcH9qXUeB96Oc,spotify:artist:3gSfOAPCvsDDVDBeSLl9v6,3
7227,spotify:artist:2EEw2tt8AJcH9qXUeB96Oc,spotify:artist:7EFfGZiKL1Ud3cspnlMq4H,3
7228,spotify:artist:2EEw2tt8AJcH9qXUeB96Oc,spotify:artist:2Lhs0asnFQiLuntn3s8p78,3
7229,spotify:artist:2EEw2tt8AJcH9qXUeB96Oc,spotify:artist:0qt6QSruHshcWT9QOzyfZp,3
7230,spotify:artist:2EEw2tt8AJcH9qXUeB96Oc,spotify:artist:0Z6hyoqGpchajBS8Gt3c0l,3
7231,spotify:artist:2EEw2tt8AJcH9qXUeB96Oc,spotify:artist:2oAKV8mT3NB1hZbGbGcdYB,3
7232,spotify:artist:2EEw2tt8AJcH9qXUeB96Oc,spotify:artist:7gqsi6aBSkRMJoL9psKqMr,3
7233,spotify:artist:2EEw2tt8AJcH9qXUeB96Oc,spotify:artist:4G0XDEk7RbA4BBCTs917U9,3
7234,spotify:artist:2EEw2tt8AJcH9qXUeB96Oc,spotify:artist:79JJCxCCfJ8HufX6w8q2k4,3
7235,spotify:artist:2EEw2tt8AJcH9qXUeB96Oc,spotify:artist:339qxEdD8z8okRAiTp1HKf,3
7236,spotify:artist:2EEw2tt8AJcH9qXUeB96Oc,spotify:artist:6Jg1WSoV27sDj7N2WRFPqo,3
7237,spotify:artist:2EEw2tt8AJcH9qXUeB96Oc,spotify:artist:4ePunOqQbOYoQwd1298g3Z,3
7238,spotify:artist:2EEw2tt8AJcH9qXUeB96Oc,spotify:artist:57kIMCLPgkzQlXjblX7XXP,3
7239,spotify:artist:2EEw2tt8AJcH9qXUeB96Oc,spotify:artist:53PYmJ7bACIX8gkVoTkCIr,3
7240,spotify:artist:2l7DkzVuYJW700mR7r43un,spotify:artist:6Jg1WSoV27sDj7N2WRFPqo,3
7241,spotify:artist:2l7DkzVuYJW700mR7r43un,spotify:artist:7gqsi6aBSkRMJoL9psKqMr,3
7242,spotify:artist:2l7DkzVuYJW700mR7r43un,spotify:artist:4ePunOqQbOYoQwd1298g3Z,3
7243,spotify:artist:2l7DkzVuYJW700mR7r43un,spotify:artist:2zAvisjImPICTNsRgagqlV,3
7244,spotify:artist:2l7DkzVuYJW700mR7r43un,spotify:artist:3uQ5cxFHxXddqPL58egs1z,3
7245,spotify:artist:2l7DkzVuYJW700mR7r43un,spotify:artist:2k07pWgpJiFIbb9q1yJ36B,3
7246,spotify:artist:2l7DkzVuYJW700mR7r43un,spotify:artist:4tBNwdhdWAXGzzaPTp9dRE,3
7247,spotify:artist:2l7DkzVuYJW700mR7r43un,spotify:artist:4OogVxC2vWAsXsTYXctXi1,3
7248,spotify:artist:2l7DkzVuYJW700mR7r43un,spotify:artist:2EEw2tt8AJcH9qXUeB96Oc,3
7249,spotify:artist:2l7DkzVuYJW700mR7r43un,spotify:artist:2ajVJyxI4sHmTMtTA3ENko,3
7250,spotify:artist:2l7DkzVuYJW700mR7r43un,spotify:artist:2Lhs0asnFQiLuntn3s8p78,3
7251,spotify:artist:2l7DkzVuYJW700mR7r43un,spotify:artist:7EFfGZiKL1Ud3cspnlMq4H,3
7252,spotify:artist:2l7DkzVuYJW700mR7r43un,spotify:artist:0Z6hyoqGpchajBS8Gt3c0l,3
7253,spotify:artist:2l7DkzVuYJW700mR7r43un,spotify:artist:0qt6QSruHshcWT9QOzyfZp,3
7254,spotify:artist:2l7DkzVuYJW700mR7r43un,spotify:artist:6ZWMXMg25PGVCaoYZXQSyn,3
7255,spotify:artist:2l7DkzVuYJW700mR7r43un,spotify:artist:3mv2eHwrIONSkviASDMRMa,3
7256,spotify:artist:2l7DkzVuYJW700mR7r43un,spotify:artist:2GATzeg62cr6sH29wSOVWe,3
7257,spotify:artist:2l7DkzVuYJW700mR7r43un,spotify:artist:53PYmJ7bACIX8gkVoTkCIr,3
7258,spotify:artist:2l7DkzVuYJW700mR7r43un,spotify:artist:4G0XDEk7RbA4BBCTs917U9,3
7259,spotify:artist:2l7DkzVuYJW700mR7r43un,spotify:artist:3gSfOAPCvsDDVDBeSLl9v6,3
7260,spotify:artist:2k07pWgpJiFIbb9q1yJ36B,spotify:artist:3uQ5cxFHxXddqPL58egs1z,3
7261,spotify:artist:2k07pWgpJiFIbb9q1yJ36B,spotify:artist:4tBNwdhdWAXGzzaPTp9dRE,3
7262,spotify:artist:2k07pWgpJiFIbb9q1yJ36B,spotify:artist:2l7DkzVuYJW700mR7r43un,3
7263,spotify:artist:2k07pWgpJiFIbb9q1yJ36B,spotify:artist:2zAvisjImPICTNsRgagqlV,3
7264,spotify:artist:2k07pWgpJiFIbb9q1yJ36B,spotify:artist:2zTCLiQ8OUIWEyV6eZWzFy,3
7265,spotify:artist:2k07pWgpJiFIbb9q1yJ36B,spotify:artist:339qxEdD8z8okRAiTp1HKf,3
7266,spotify:artist:2k07pWgpJiFIbb9q1yJ36B,spotify:artist:43qdXLql01k9JPTeqBG22H,3
7267,spotify:artist:2k07pWgpJiFIbb9q1yJ36B,spotify:artist:7EFfGZiKL1Ud3cspnlMq4H,3
7268,spotify:artist:2k07pWgpJiFIbb9q1yJ36B,spotify:artist:0qt6QSruHshcWT9QOzyfZp,3
7269,spotify:artist:2k07pWgpJiFIbb9q1yJ36B,spotify:artist:2Lhs0asnFQiLuntn3s8p78,3
7270,spotify:artist:2k07pWgpJiFIbb9q1yJ36B,spotify:artist:79JJCxCCfJ8HufX6w8q2k4,3
7271,spotify:artist:2k07pWgpJiFIbb9q1yJ36B,spotify:artist:4G0XDEk7RbA4BBCTs917U9,3
7272,spotify:artist:2k07pWgpJiFIbb9q1yJ36B,spotify:artist:0GkLlslI4LMVTTuUkyQp57,3
7273,spotify:artist:2k07pWgpJiFIbb9q1yJ36B,spotify:artist:2rDxtYUzTAYJJE3Bl3Z5IN,3
7274,spotify:artist:2k07pWgpJiFIbb9q1yJ36B,spotify:artist:6vrwcJbfs2QyRtApdx1hXX,3
7275,spotify:artist:2k07pWgpJiFIbb9q1yJ36B,spotify:artist:2EEw2tt8AJcH9qXUeB96Oc,3
7276,spotify:artist:2k07pWgpJiFIbb9q1yJ36B,spotify:artist:2ajVJyxI4sHmTMtTA3ENko,3
7277,spotify:artist:2k07pWgpJiFIbb9q1yJ36B,spotify:artist:2oAKV8mT3NB1hZbGbGcdYB,3
7278,spotify:artist:2k07pWgpJiFIbb9q1yJ36B,spotify:artist:57kIMCLPgkzQlXjblX7XXP,3
7279,spotify:artist:2k07pWgpJiFIbb9q1yJ36B,spotify:artist:6BV1QOFqWihVnBllS5naPh,3
7280,spotify:artist:2Lhs0asnFQiLuntn3s8p78,spotify:artist:339qxEdD8z8okRAiTp1HKf,3
7281,spotify:artist:2Lhs0asnFQiLuntn3s8p78,spotify:artist:2oAKV8mT3NB1hZbGbGcdYB,3
7282,spotify:artist:2Lhs0asnFQiLuntn3s8p78,spotify:artist:2zAvisjImPICTNsRgagqlV,3
7283,spotify:artist:2Lhs0asnFQiLuntn3s8p78,spotify:artist:2l7DkzVuYJW700mR7r43un,3
7284,spotify:artist:2Lhs0asnFQiLuntn3s8p78,spotify:artist:3uQ5cxFHxXddqPL58egs1z,3
7285,spotify:artist:2Lhs0asnFQiLuntn3s8p78,spotify:artist:2k07pWgpJiFIbb9q1yJ36B,3
7286,spotify:artist:2Lhs0asnFQiLuntn3s8p78,spotify:artist:7EFfGZiKL1Ud3cspnlMq4H,3
7287,spotify:artist:2Lhs0asnFQiLuntn3s8p78,spotify:artist:3dmSPhg0tdao8ePj4pySJ5,3
7288,spotify:artist:2Lhs0asnFQiLuntn3s8p78,spotify:artist:79JJCxCCfJ8HufX6w8q2k4,3
7289,spotify:artist:2Lhs0asnFQiLuntn3s8p78,spotify:artist:0qt6QSruHshcWT9QOzyfZp,3
7290,spotify:artist:2Lhs0asnFQiLuntn3s8p78,spotify:artist:7gqsi6aBSkRMJoL9psKqMr,3
7291,spotify:artist:2Lhs0asnFQiLuntn3s8p78,spotify:artist:2ajVJyxI4sHmTMtTA3ENko,3
7292,spotify:artist:2Lhs0asnFQiLuntn3s8p78,spotify:artist:2EEw2tt8AJcH9qXUeB96Oc,3
7293,spotify:artist:2Lhs0asnFQiLuntn3s8p78,spotify:artist:4G0XDEk7RbA4BBCTs917U9,3
7294,spotify:artist:2Lhs0asnFQiLuntn3s8p78,spotify:artist:70gvc4NvTwgBpEB1goYy8z,3
7295,spotify:artist:2Lhs0asnFQiLuntn3s8p78,spotify:artist:2rDxtYUzTAYJJE3Bl3Z5IN,3
7296,spotify:artist:2Lhs0asnFQiLuntn3s8p78,spotify:artist:1OmdWpAh1pucAuZPzJaxIJ,3
7297,spotify:artist:2Lhs0asnFQiLuntn3s8p78,spotify:artist:2zTCLiQ8OUIWEyV6eZWzFy,3
7298,spotify:artist:2Lhs0asnFQiLuntn3s8p78,spotify:artist:4ePunOqQbOYoQwd1298g3Z,3
7299,spotify:artist:2Lhs0asnFQiLuntn3s8p78,spotify:artist:4yvuCAFk8vERXXBf138h8S,3
7300,spotify:artist:4tBNwdhdWAXGzzaPTp9dRE,spotify:artist:3uQ5cxFHxXddqPL58egs1z,3
7301,spotify:artist:4tBNwdhdWAXGzzaPTp9dRE,spotify:artist:2k07pWgpJiFIbb9q1yJ36B,3
7302,spotify:artist:4tBNwdhdWAXGzzaPTp9dRE,spotify:artist:43qdXLql01k9JPTeqBG22H,3
7303,spotify:artist:4tBNwdhdWAXGzzaPTp9dRE,spotify:artist:2l7DkzVuYJW700mR7r43un,3
7304,spotify:artist:4tBNwdhdWAXGzzaPTp9dRE,spotify:artist:0qt6QSruHshcWT9QOzyfZp,3
7305,spotify:artist:4tBNwdhdWAXGzzaPTp9dRE,spotify:artist:2zAvisjImPICTNsRgagqlV,3
7306,spotify:artist:4tBNwdhdWAXGzzaPTp9dRE,spotify:artist:7EFfGZiKL1Ud3cspnlMq4H,3
7307,spotify:artist:4tBNwdhdWAXGzzaPTp9dRE,spotify:artist:2EEw2tt8AJcH9qXUeB96Oc,3
7308,spotify:artist:4tBNwdhdWAXGzzaPTp9dRE,spotify:artist:4G0XDEk7RbA4BBCTs917U9,3
7309,spotify:artist:4tBNwdhdWAXGzzaPTp9dRE,spotify:artist:79JJCxCCfJ8HufX6w8q2k4,3
7310,spotify:artist:4tBNwdhdWAXGzzaPTp9dRE,spotify:artist:2oAKV8mT3NB1hZbGbGcdYB,3
7311,spotify:artist:4tBNwdhdWAXGzzaPTp9dRE,spotify:artist:339qxEdD8z8okRAiTp1HKf,3
7312,spotify:artist:4tBNwdhdWAXGzzaPTp9dRE,spotify:artist:2ajVJyxI4sHmTMtTA3ENko,3
7313,spotify:artist:4tBNwdhdWAXGzzaPTp9dRE,spotify:artist:2Lhs0asnFQiLuntn3s8p78,3
7314,spotify:artist:4tBNwdhdWAXGzzaPTp9dRE,spotify:artist:3gSfOAPCvsDDVDBeSLl9v6,3
7315,spotify:artist:4tBNwdhdWAXGzzaPTp9dRE,spotify:artist:7gqsi6aBSkRMJoL9psKqMr,3
7316,spotify:artist:4tBNwdhdWAXGzzaPTp9dRE,spotify:artist:0GkLlslI4LMVTTuUkyQp57,3
7317,spotify:artist:4tBNwdhdWAXGzzaPTp9dRE,spotify:artist:6M5FR3JkFFVDkgwtO6Vtz6,3
7318,spotify:artist:4tBNwdhdWAXGzzaPTp9dRE,spotify:artist:6Jg1WSoV27sDj7N2WRFPqo,3
7319,spotify:artist:4tBNwdhdWAXGzzaPTp9dRE,spotify:artist:0Z6hyoqGpchajBS8Gt3c0l,3
7320,spotify:artist:2ajVJyxI4sHmTMtTA3ENko,spotify:artist:3uQ5cxFHxXddqPL58egs1z,3
7321,spotify:artist:2ajVJyxI4sHmTMtTA3ENko,spotify:artist:2zAvisjImPICTNsRgagqlV,3
7322,spotify:artist:2ajVJyxI4sHmTMtTA3ENko,spotify:artist:2EEw2tt8AJcH9qXUeB96Oc,3
7323,spotify:artist:2ajVJyxI4sHmTMtTA3ENko,spotify:artist:2l7DkzVuYJW700mR7r43un,3
7324,spotify:artist:2ajVJyxI4sHmTMtTA3ENko,spotify:artist:4tBNwdhdWAXGzzaPTp9dRE,3
7325,spotify:artist:2ajVJyxI4sHmTMtTA3ENko,spotify:artist:2GATzeg62cr6sH29wSOVWe,3
7326,spotify:artist:2ajVJyxI4sHmTMtTA3ENko,spotify:artist:2k07pWgpJiFIbb9q1yJ36B,3
7327,spotify:artist:2ajVJyxI4sHmTMtTA3ENko,spotify:artist:2Lhs0asnFQiLuntn3s8p78,3
7328,spotify:artist:2ajVJyxI4sHmTMtTA3ENko,spotify:artist:0qt6QSruHshcWT9QOzyfZp,3
7329,spotify:artist:2ajVJyxI4sHmTMtTA3ENko,spotify:artist:4G0XDEk7RbA4BBCTs917U9,3
7330,spotify:artist:2ajVJyxI4sHmTMtTA3ENko,spotify:artist:7gqsi6aBSkRMJoL9psKqMr,3
7331,spotify:artist:2ajVJyxI4sHmTMtTA3ENko,spotify:artist:0Z6hyoqGpchajBS8Gt3c0l,3
7332,spotify:artist:2ajVJyxI4sHmTMtTA3ENko,spotify:artist:4ePunOqQbOYoQwd1298g3Z,3
7333,spotify:artist:2ajVJyxI4sHmTMtTA3ENko,spotify:artist:7EFfGZiKL1Ud3cspnlMq4H,3
7334,spotify:artist:2ajVJyxI4sHmTMtTA3ENko,spotify:artist:79JJCxCCfJ8HufX6w8q2k4,3
7335,spotify:artist:2ajVJyxI4sHmTMtTA3ENko,spotify:artist:64tVHZVSAZhDEiOJxnb6hE,3
7336,spotify:artist:2ajVJyxI4sHmTMtTA3ENko,spotify:artist:2iUVQjheBnvOt8vaBrxXJz,3
7337,spotify:artist:2ajVJyxI4sHmTMtTA3ENko,spotify:artist:5O5V29YvM6AzAQ0rNt59fy,3
7338,spotify:artist:2ajVJyxI4sHmTMtTA3ENko,spotify:artist:6hkch2KhRl0tywpeVK5xR5,3
7339,spotify:artist:2ajVJyxI4sHmTMtTA3ENko,spotify:artist:3XHvzfKFZkSXEUiZE4WrIz,3
7340,spotify:artist:79JJCxCCfJ8HufX6w8q2k4,spotify:artist:57kIMCLPgkzQlXjblX7XXP,3
7341,spotify:artist:79JJCxCCfJ8HufX6w8q2k4,spotify:artist:0qt6QSruHshcWT9QOzyfZp,3
7342,spotify:artist:79JJCxCCfJ8HufX6w8q2k4,spotify:artist:4G0XDEk7RbA4BBCTs917U9,3
7343,spotify:artist:79JJCxCCfJ8HufX6w8q2k4,spotify:artist:2zAvisjImPICTNsRgagqlV,3
7344,spotify:artist:79JJCxCCfJ8HufX6w8q2k4,spotify:artist:3uQ5cxFHxXddqPL58egs1z,3
7345,spotify:artist:79JJCxCCfJ8HufX6w8q2k4,spotify:artist:2k07pWgpJiFIbb9q1yJ36B,3
7346,spotify:artist:79JJCxCCfJ8HufX6w8q2k4,spotify:artist:2Lhs0asnFQiLuntn3s8p78,3
7347,spotify:artist:79JJCxCCfJ8HufX6w8q2k4,spotify:artist:4l8UbJGiXxbfyDJPvcVH23,3
7348,spotify:artist:79JJCxCCfJ8HufX6w8q2k4,spotify:artist:4tBNwdhdWAXGzzaPTp9dRE,3
7349,spotify:artist:79JJCxCCfJ8HufX6w8q2k4,spotify:artist:2ajVJyxI4sHmTMtTA3ENko,3
7350,spotify:artist:79JJCxCCfJ8HufX6w8q2k4,spotify:artist:7fSjnDr8tBO37Xbb2UXuYr,3
7351,spotify:artist:79JJCxCCfJ8HufX6w8q2k4,spotify:artist:6nXSnNEdLuKTzAQozRtqiI,3
7352,spotify:artist:79JJCxCCfJ8HufX6w8q2k4,spotify:artist:7gqsi6aBSkRMJoL9psKqMr,3
7353,spotify:artist:79JJCxCCfJ8HufX6w8q2k4,spotify:artist:2HcZuUtnktqMHm4H1R9gAR,3
7354,spotify:artist:79JJCxCCfJ8HufX6w8q2k4,spotify:artist:2rDxtYUzTAYJJE3Bl3Z5IN,3
7355,spotify:artist:79JJCxCCfJ8HufX6w8q2k4,spotify:artist:0t4oHObO3FImWvIhMimaSL,3
7356,spotify:artist:79JJCxCCfJ8HufX6w8q2k4,spotify:artist:21XbnrbEMUTZelIfoV12hC,3
7357,spotify:artist:79JJCxCCfJ8HufX6w8q2k4,spotify:artist:2iUVQjheBnvOt8vaBrxXJz,3
7358,spotify:artist:79JJCxCCfJ8HufX6w8q2k4,spotify:artist:7ACSlU8kTcQIbvpwLWze8E,3
7359,spotify:artist:79JJCxCCfJ8HufX6w8q2k4,spotify:artist:5vwWDRwjVCilY1uYVfJfLL,3
7360,spotify:artist:0qt6QSruHshcWT9QOzyfZp,spotify:artist:4G0XDEk7RbA4BBCTs917U9,3
7361,spotify:artist:0qt6QSruHshcWT9QOzyfZp,spotify:artist:2GATzeg62cr6sH29wSOVWe,3
7362,spotify:artist:0qt6QSruHshcWT9QOzyfZp,spotify:artist:4tBNwdhdWAXGzzaPTp9dRE,3
7363,spotify:artist:0qt6QSruHshcWT9QOzyfZp,spotify:artist:3uQ5cxFHxXddqPL58egs1z,3
7364,spotify:artist:0qt6QSruHshcWT9QOzyfZp,spotify:artist:79JJCxCCfJ8HufX6w8q2k4,3
7365,spotify:artist:0qt6QSruHshcWT9QOzyfZp,spotify:artist:2k07pWgpJiFIbb9q1yJ36B,3
7366,spotify:artist:0qt6QSruHshcWT9QOzyfZp,spotify:artist:2l7DkzVuYJW700mR7r43un,3
7367,spotify:artist:0qt6QSruHshcWT9QOzyfZp,spotify:artist:2zAvisjImPICTNsRgagqlV,3
7368,spotify:artist:0qt6QSruHshcWT9QOzyfZp,spotify:artist:2ajVJyxI4sHmTMtTA3ENko,3
7369,spotify:artist:0qt6QSruHshcWT9QOzyfZp,spotify:artist:5pYsvK3zKJT4wzt2L399H4,3
7370,spotify:artist:0qt6QSruHshcWT9QOzyfZp,spotify:artist:2Lhs0asnFQiLuntn3s8p78,3
7371,spotify:artist:0qt6QSruHshcWT9QOzyfZp,spotify:artist:0wz0jO9anccPzH04N7FLBH,3
7372,spotify:artist:0qt6QSruHshcWT9QOzyfZp,spotify:artist:5lQ9ygSr6WMqXYsG00nNNY,3
7373,spotify:artist:0qt6QSruHshcWT9QOzyfZp,spotify:artist:6uHjKRsYGaElOrKWlSEji3,3
7374,spotify:artist:0qt6QSruHshcWT9QOzyfZp,spotify:artist:7EFfGZiKL1Ud3cspnlMq4H,3
7375,spotify:artist:0qt6QSruHshcWT9QOzyfZp,spotify:artist:6TTJ0xLPPNDyv4bXyukzU4,3
7376,spotify:artist:0qt6QSruHshcWT9QOzyfZp,spotify:artist:2EEw2tt8AJcH9qXUeB96Oc,3
7377,spotify:artist:0qt6QSruHshcWT9QOzyfZp,spotify:artist:7gqsi6aBSkRMJoL9psKqMr,3
7378,spotify:artist:0qt6QSruHshcWT9QOzyfZp,spotify:artist:2oAKV8mT3NB1hZbGbGcdYB,3
7379,spotify:artist:0qt6QSruHshcWT9QOzyfZp,spotify:artist:1555UFA4CyCnJEzCKikGHe,3
7380,spotify:artist:4G0XDEk7RbA4BBCTs917U9,spotify:artist:0qt6QSruHshcWT9QOzyfZp,3
7381,spotify:artist:4G0XDEk7RbA4BBCTs917U9,spotify:artist:2GATzeg62cr6sH29wSOVWe,3
7382,spotify:artist:4G0XDEk7RbA4BBCTs917U9,spotify:artist:3uQ5cxFHxXddqPL58egs1z,3
7383,spotify:artist:4G0XDEk7RbA4BBCTs917U9,spotify:artist:2zAvisjImPICTNsRgagqlV,3
7384,spotify:artist:4G0XDEk7RbA4BBCTs917U9,spotify:artist:79JJCxCCfJ8HufX6w8q2k4,3
7385,spotify:artist:4G0XDEk7RbA4BBCTs917U9,spotify:artist:2ajVJyxI4sHmTMtTA3ENko,3
7386,spotify:artist:4G0XDEk7RbA4BBCTs917U9,spotify:artist:4tBNwdhdWAXGzzaPTp9dRE,3
7387,spotify:artist:4G0XDEk7RbA4BBCTs917U9,spotify:artist:2k07pWgpJiFIbb9q1yJ36B,3
7388,spotify:artist:4G0XDEk7RbA4BBCTs917U9,spotify:artist:0wz0jO9anccPzH04N7FLBH,3
7389,spotify:artist:4G0XDEk7RbA4BBCTs917U9,spotify:artist:4Sw0SFu1fFdYXdAEVdrqnO,3
7390,spotify:artist:4G0XDEk7RbA4BBCTs917U9,spotify:artist:2Lhs0asnFQiLuntn3s8p78,3
7391,spotify:artist:4G0XDEk7RbA4BBCTs917U9,spotify:artist:7gqsi6aBSkRMJoL9psKqMr,3
7392,spotify:artist:4G0XDEk7RbA4BBCTs917U9,spotify:artist:5VnYwYnG7QmpzQtxyubIwh,3
7393,spotify:artist:4G0XDEk7RbA4BBCTs917U9,spotify:artist:64tVHZVSAZhDEiOJxnb6hE,3
7394,spotify:artist:4G0XDEk7RbA4BBCTs917U9,spotify:artist:4ePunOqQbOYoQwd1298g3Z,3
7395,spotify:artist:4G0XDEk7RbA4BBCTs917U9,spotify:artist:2l7DkzVuYJW700mR7r43un,3
7396,spotify:artist:4G0XDEk7RbA4BBCTs917U9,spotify:artist:7Ht57YadlBXcFJDK3plmhO,3
7397,spotify:artist:4G0XDEk7RbA4BBCTs917U9,spotify:artist:1555UFA4CyCnJEzCKikGHe,3
7398,spotify:artist:4G0XDEk7RbA4BBCTs917U9,spotify:artist:5AyEXCtu3xnnsTGCo4RVZh,3
7399,spotify:artist:4G0XDEk7RbA4BBCTs917U9,spotify:artist:31uyAcnY0kjjKKIQZMKX4i,3
7400,spotify:artist:7EFfGZiKL1Ud3cspnlMq4H,spotify:artist:4tBNwdhdWAXGzzaPTp9dRE,3
7401,spotify:artist:7EFfGZiKL1Ud3cspnlMq4H,spotify:artist:339qxEdD8z8okRAiTp1HKf,3
7402,spotify:artist:7EFfGZiKL1Ud3cspnlMq4H,spotify:artist:3uQ5cxFHxXddqPL58egs1z,3
7403,spotify:artist:7EFfGZiKL1Ud3cspnlMq4H,spotify:artist:2oAKV8mT3NB1hZbGbGcdYB,3
7404,spotify:artist:7EFfGZiKL1Ud3cspnlMq4H,spotify:artist:2k07pWgpJiFIbb9q1yJ36B,3
7405,spotify:artist:7EFfGZiKL1Ud3cspnlMq4H,spotify:artist:2Lhs0asnFQiLuntn3s8p78,3
7406,spotify:artist:7EFfGZiKL1Ud3cspnlMq4H,spotify:artist:2l7DkzVuYJW700mR7r43un,3
7407,spotify:artist:7EFfGZiKL1Ud3cspnlMq4H,spotify:artist:2zAvisjImPICTNsRgagqlV,3
7408,spotify:artist:7EFfGZiKL1Ud3cspnlMq4H,spotify:artist:6MnQV8O2R0Oci41F4HLB59,3
7409,spotify:artist:7EFfGZiKL1Ud3cspnlMq4H,spotify:artist:2EEw2tt8AJcH9qXUeB96Oc,3
7410,spotify:artist:7EFfGZiKL1Ud3cspnlMq4H,spotify:artist:2ajVJyxI4sHmTMtTA3ENko,3
7411,spotify:artist:7EFfGZiKL1Ud3cspnlMq4H,spotify:artist:0qt6QSruHshcWT9QOzyfZp,3
7412,spotify:artist:7EFfGZiKL1Ud3cspnlMq4H,spotify:artist:6uHjKRsYGaElOrKWlSEji3,3
7413,spotify:artist:7EFfGZiKL1Ud3cspnlMq4H,spotify:artist:2zTCLiQ8OUIWEyV6eZWzFy,3
7414,spotify:artist:7EFfGZiKL1Ud3cspnlMq4H,spotify:artist:6M5FR3JkFFVDkgwtO6Vtz6,3
7415,spotify:artist:7EFfGZiKL1Ud3cspnlMq4H,spotify:artist:3Rdkj77BOQHj5dTLveCJvI,3
7416,spotify:artist:7EFfGZiKL1Ud3cspnlMq4H,spotify:artist:64tVHZVSAZhDEiOJxnb6hE,3
7417,spotify:artist:7EFfGZiKL1Ud3cspnlMq4H,spotify:artist:3mv2eHwrIONSkviASDMRMa,3
7418,spotify:artist:7EFfGZiKL1Ud3cspnlMq4H,spotify:artist:7gqsi6aBSkRMJoL9psKqMr,3
7419,spotify:artist:7EFfGZiKL1Ud3cspnlMq4H,spotify:artist:6Jg1WSoV27sDj7N2WRFPqo,3
7420,spotify:artist:7gqsi6aBSkRMJoL9psKqMr,spotify:artist:2l7DkzVuYJW700mR7r43un,3
7421,spotify:artist:7gqsi6aBSkRMJoL9psKqMr,spotify:artist:4ePunOqQbOYoQwd1298g3Z,3
7422,spotify:artist:7gqsi6aBSkRMJoL9psKqMr,spotify:artist:3lmR0qMiGuoIF9UC54egcG,3
7423,spotify:artist:7gqsi6aBSkRMJoL9psKqMr,spotify:artist:5poU7FPEYoBlwjzOEWMbX5,3
7424,spotify:artist:7gqsi6aBSkRMJoL9psKqMr,spotify:artist:6fxk3UXHTFYET8qCT9WlBF,3
7425,spotify:artist:7gqsi6aBSkRMJoL9psKqMr,spotify:artist:2zAvisjImPICTNsRgagqlV,3
7426,spotify:artist:7gqsi6aBSkRMJoL9psKqMr,spotify:artist:2Lhs0asnFQiLuntn3s8p78,3
7427,spotify:artist:7gqsi6aBSkRMJoL9psKqMr,spotify:artist:2ajVJyxI4sHmTMtTA3ENko,3
7428,spotify:artist:7gqsi6aBSkRMJoL9psKqMr,spotify:artist:2iUVQjheBnvOt8vaBrxXJz,3
7429,spotify:artist:7gqsi6aBSkRMJoL9psKqMr,spotify:artist:79JJCxCCfJ8HufX6w8q2k4,3
7430,spotify:artist:7gqsi6aBSkRMJoL9psKqMr,spotify:artist:1VfgWum48nwYJcCfdPwWgs,3
7431,spotify:artist:7gqsi6aBSkRMJoL9psKqMr,spotify:artist:2rDxtYUzTAYJJE3Bl3Z5IN,3
7432,spotify:artist:7gqsi6aBSkRMJoL9psKqMr,spotify:artist:3uQ5cxFHxXddqPL58egs1z,3
7433,spotify:artist:7gqsi6aBSkRMJoL9psKqMr,spotify:artist:1ll45mCZIveI9KHNZx2DdS,3
7434,spotify:artist:7gqsi6aBSkRMJoL9psKqMr,spotify:artist:4G0XDEk7RbA4BBCTs917U9,3
7435,spotify:artist:7gqsi6aBSkRMJoL9psKqMr,spotify:artist:7uLXW75DlTRahz2WKJZGeO,3
7436,spotify:artist:7gqsi6aBSkRMJoL9psKqMr,spotify:artist:5O5V29YvM6AzAQ0rNt59fy,3
7437,spotify:artist:7gqsi6aBSkRMJoL9psKqMr,spotify:artist:0qt6QSruHshcWT9QOzyfZp,3
7438,spotify:artist:7gqsi6aBSkRMJoL9psKqMr,spotify:artist:0LZac5VicY19QLaIUvIB0G,3
7439,spotify:artist:7gqsi6aBSkRMJoL9psKqMr,spotify:artist:2k07pWgpJiFIbb9q1yJ36B,3
7440,spotify:artist:3mv2eHwrIONSkviASDMRMa,spotify:artist:5d33uBLXug49EVA8T80fvM,3
7441,spotify:artist:3mv2eHwrIONSkviASDMRMa,spotify:artist:4ti1ys01b6fMkkSMqcCA1H,3
7442,spotify:artist:3mv2eHwrIONSkviASDMRMa,spotify:artist:2l7DkzVuYJW700mR7r43un,3
7443,spotify:artist:3mv2eHwrIONSkviASDMRMa,spotify:artist:2zAvisjImPICTNsRgagqlV,3
7444,spotify:artist:3mv2eHwrIONSkviASDMRMa,spotify:artist:2ajVJyxI4sHmTMtTA3ENko,3
7445,spotify:artist:3mv2eHwrIONSkviASDMRMa,spotify:artist:74o9NlWEiftu6kvoDpIpAA,3
7446,spotify:artist:3mv2eHwrIONSkviASDMRMa,spotify:artist:04cetTUz2JTzXBqFKO5YB5,3
7447,spotify:artist:3mv2eHwrIONSkviASDMRMa,spotify:artist:0WISkx0PwT6lYWdPqKUJY8,3
7448,spotify:artist:3mv2eHwrIONSkviASDMRMa,spotify:artist:3uQ5cxFHxXddqPL58egs1z,3
7449,spotify:artist:3mv2eHwrIONSkviASDMRMa,spotify:artist:2k07pWgpJiFIbb9q1yJ36B,3
7450,spotify:artist:3mv2eHwrIONSkviASDMRMa,spotify:artist:2Lhs0asnFQiLuntn3s8p78,3
7451,spotify:artist:3mv2eHwrIONSkviASDMRMa,spotify:artist:5jX8L7D6vWHYlNj9k361vI,3
7452,spotify:artist:3mv2eHwrIONSkviASDMRMa,spotify:artist:53PYmJ7bACIX8gkVoTkCIr,3
7453,spotify:artist:3mv2eHwrIONSkviASDMRMa,spotify:artist:4OogVxC2vWAsXsTYXctXi1,3
7454,spotify:artist:3mv2eHwrIONSkviASDMRMa,spotify:artist:6BV1QOFqWihVnBllS5naPh,3
7455,spotify:artist:3mv2eHwrIONSkviASDMRMa,spotify:artist:3iexGtoBAyCUbxOKeru5py,3
7456,spotify:artist:3mv2eHwrIONSkviASDMRMa,spotify:artist:0ihBDeJlIlXo4LFfAllsGm,3
7457,spotify:artist:3mv2eHwrIONSkviASDMRMa,spotify:artist:4ePunOqQbOYoQwd1298g3Z,3
7458,spotify:artist:3mv2eHwrIONSkviASDMRMa,spotify:artist:2CbeYAeoh6tWJhlJU3fI9c,3
7459,spotify:artist:3mv2eHwrIONSkviASDMRMa,spotify:artist:2rDxtYUzTAYJJE3Bl3Z5IN,3
7460,spotify:artist:0Z6hyoqGpchajBS8Gt3c0l,spotify:artist:7FeCvXxNn2D4Cf38i0zDul,3
7461,spotify:artist:0Z6hyoqGpchajBS8Gt3c0l,spotify:artist:6qCfgME0uizsxtpsYTgvnX,3
7462,spotify:artist:0Z6hyoqGpchajBS8Gt3c0l,spotify:artist:4Sw0SFu1fFdYXdAEVdrqnO,3
7463,spotify:artist:0Z6hyoqGpchajBS8Gt3c0l,spotify:artist:1sjeOeIPG7quxVgmNspYyT,3
7464,spotify:artist:0Z6hyoqGpchajBS8Gt3c0l,spotify:artist:2ajVJyxI4sHmTMtTA3ENko,3
7465,spotify:artist:0Z6hyoqGpchajBS8Gt3c0l,spotify:artist:2l7DkzVuYJW700mR7r43un,3
7466,spotify:artist:0Z6hyoqGpchajBS8Gt3c0l,spotify:artist:2zAvisjImPICTNsRgagqlV,3
7467,spotify:artist:0Z6hyoqGpchajBS8Gt3c0l,spotify:artist:2EEw2tt8AJcH9qXUeB96Oc,3
7468,spotify:artist:0Z6hyoqGpchajBS8Gt3c0l,spotify:artist:53PYmJ7bACIX8gkVoTkCIr,3
7469,spotify:artist:0Z6hyoqGpchajBS8Gt3c0l,spotify:artist:3uQ5cxFHxXddqPL58egs1z,3
7470,spotify:artist:0Z6hyoqGpchajBS8Gt3c0l,spotify:artist:7Ht57YadlBXcFJDK3plmhO,3
7471,spotify:artist:0Z6hyoqGpchajBS8Gt3c0l,spotify:artist:4tBNwdhdWAXGzzaPTp9dRE,3
7472,spotify:artist:0Z6hyoqGpchajBS8Gt3c0l,spotify:artist:7gqsi6aBSkRMJoL9psKqMr,3
7473,spotify:artist:0Z6hyoqGpchajBS8Gt3c0l,spotify:artist:6Luf1q47JKj9GmkUuV4cj5,3
7474,spotify:artist:0Z6hyoqGpchajBS8Gt3c0l,spotify:artist:2k07pWgpJiFIbb9q1yJ36B,3
7475,spotify:artist:0Z6hyoqGpchajBS8Gt3c0l,spotify:artist:3XHvzfKFZkSXEUiZE4WrIz,3
7476,spotify:artist:0Z6hyoqGpchajBS8Gt3c0l,spotify:artist:1fVyf1LbeIEE4DUT4dZhHL,3
7477,spotify:artist:0Z6hyoqGpchajBS8Gt3c0l,spotify:artist:2CbeYAeoh6tWJhlJU3fI9c,3
7478,spotify:artist:0Z6hyoqGpchajBS8Gt3c0l,spotify:artist:4ePunOqQbOYoQwd1298g3Z,3
7479,spotify:artist:0Z6hyoqGpchajBS8Gt3c0l,spotify:artist:2sBPVEeMBXKNsZtYaJixnJ,3
7480,spotify:artist:57kIMCLPgkzQlXjblX7XXP,spotify:artist:79JJCxCCfJ8HufX6w8q2k4,3
7481,spotify:artist:57kIMCLPgkzQlXjblX7XXP,spotify:artist:2zAvisjImPICTNsRgagqlV,3
7482,spotify:artist:57kIMCLPgkzQlXjblX7XXP,spotify:artist:3rT8xTwSOMDURtWpPyoKIO,3
7483,spotify:artist:57kIMCLPgkzQlXjblX7XXP,spotify:artist:6nXSnNEdLuKTzAQozRtqiI,3
7484,spotify:artist:57kIMCLPgkzQlXjblX7XXP,spotify:artist:3uQ5cxFHxXddqPL58egs1z,3
7485,spotify:artist:57kIMCLPgkzQlXjblX7XXP,spotify:artist:2iUVQjheBnvOt8vaBrxXJz,3
7486,spotify:artist:57kIMCLPgkzQlXjblX7XXP,spotify:artist:2ajVJyxI4sHmTMtTA3ENko,3
7487,spotify:artist:57kIMCLPgkzQlXjblX7XXP,spotify:artist:2k07pWgpJiFIbb9q1yJ36B,3
7488,spotify:artist:57kIMCLPgkzQlXjblX7XXP,spotify:artist:4l8UbJGiXxbfyDJPvcVH23,3
7489,spotify:artist:57kIMCLPgkzQlXjblX7XXP,spotify:artist:7ACSlU8kTcQIbvpwLWze8E,3
7490,spotify:artist:57kIMCLPgkzQlXjblX7XXP,spotify:artist:2rDxtYUzTAYJJE3Bl3Z5IN,3
7491,spotify:artist:57kIMCLPgkzQlXjblX7XXP,spotify:artist:6Qm9stX6XO1a4c7BXQDDgc,3
7492,spotify:artist:57kIMCLPgkzQlXjblX7XXP,spotify:artist:0t4oHObO3FImWvIhMimaSL,3
7493,spotify:artist:57kIMCLPgkzQlXjblX7XXP,spotify:artist:4Ajgo7nAsTzjSFymIfBjZ1,3
7494,spotify:artist:57kIMCLPgkzQlXjblX7XXP,spotify:artist:7gqsi6aBSkRMJoL9psKqMr,3
7495,spotify:artist:57kIMCLPgkzQlXjblX7XXP,spotify:artist:6RHDASo3OVNiNY2nrGx3qc,3
7496,spotify:artist:57kIMCLPgkzQlXjblX7XXP,spotify:artist:4G0XDEk7RbA4BBCTs917U9,3
7497,spotify:artist:57kIMCLPgkzQlXjblX7XXP,spotify:artist:2HcZuUtnktqMHm4H1R9gAR,3
7498,spotify:artist:57kIMCLPgkzQlXjblX7XXP,spotify:artist:6igfLpd8s6DBBAuwebRUuo,3
7499,spotify:artist:57kIMCLPgkzQlXjblX7XXP,spotify:artist:5E7zSu46SqTmgKqsc0tFkY,3
7500,spotify:artist:4ePunOqQbOYoQwd1298g3Z,spotify:artist:2l7DkzVuYJW700mR7r43un,3
7501,spotify:artist:4ePunOqQbOYoQwd1298g3Z,spotify:artist:7gqsi6aBSkRMJoL9psKqMr,3
7502,spotify:artist:4ePunOqQbOYoQwd1298g3Z,spotify:artist:3inCNiUr4R6XQ3W43s9Aqi,3
7503,spotify:artist:4ePunOqQbOYoQwd1298g3Z,spotify:artist:2ajVJyxI4sHmTMtTA3ENko,3
7504,spotify:artist:4ePunOqQbOYoQwd1298g3Z,spotify:artist:7wyRA7deGRxozTyBc6QXPe,3
7505,spotify:artist:4ePunOqQbOYoQwd1298g3Z,spotify:artist:0WISkx0PwT6lYWdPqKUJY8,3
7506,spotify:artist:4ePunOqQbOYoQwd1298g3Z,spotify:artist:4oV5EVJ0XFWsJKoOvdRPvl,3
7507,spotify:artist:4ePunOqQbOYoQwd1298g3Z,spotify:artist:2wrhBKGC3DTNNNDRJPaxW6,3
7508,spotify:artist:4ePunOqQbOYoQwd1298g3Z,spotify:artist:2k07pWgpJiFIbb9q1yJ36B,3
7509,spotify:artist:4ePunOqQbOYoQwd1298g3Z,spotify:artist:2zAvisjImPICTNsRgagqlV,3
7510,spotify:artist:4ePunOqQbOYoQwd1298g3Z,spotify:artist:2GATzeg62cr6sH29wSOVWe,3
7511,spotify:artist:4ePunOqQbOYoQwd1298g3Z,spotify:artist:3uQ5cxFHxXddqPL58egs1z,3
7512,spotify:artist:4ePunOqQbOYoQwd1298g3Z,spotify:artist:22ojy4H4ZVpowC4lRRC8In,3
7513,spotify:artist:4ePunOqQbOYoQwd1298g3Z,spotify:artist:3kbBWco9PZ5eSQsNScwG6U,3
7514,spotify:artist:4ePunOqQbOYoQwd1298g3Z,spotify:artist:4G0XDEk7RbA4BBCTs917U9,3
7515,spotify:artist:4ePunOqQbOYoQwd1298g3Z,spotify:artist:2rDxtYUzTAYJJE3Bl3Z5IN,3
7516,spotify:artist:4ePunOqQbOYoQwd1298g3Z,spotify:artist:6hkch2KhRl0tywpeVK5xR5,3
7517,spotify:artist:4ePunOqQbOYoQwd1298g3Z,spotify:artist:7lmde7T1WJPFwv1eR6melP,3
7518,spotify:artist:4ePunOqQbOYoQwd1298g3Z,spotify:artist:64tVHZVSAZhDEiOJxnb6hE,3
7519,spotify:artist:4ePunOqQbOYoQwd1298g3Z,spotify:artist:0Z6hyoqGpchajBS8Gt3c0l,3
7520,spotify:artist:2rDxtYUzTAYJJE3Bl3Z5IN,spotify:artist:4OogVxC2vWAsXsTYXctXi1,3
7521,spotify:artist:2rDxtYUzTAYJJE3Bl3Z5IN,spotify:artist:3F4PBcfdeFdmxjRPS2UdMl,3
7522,spotify:artist:2rDxtYUzTAYJJE3Bl3Z5IN,spotify:artist:2Plkkomsc4DKawkCioLKjc,3
7523,spotify:artist:2rDxtYUzTAYJJE3Bl3Z5IN,spotify:artist:0BLh5cn4nqfqoVUREx3hLj,3
7524,spotify:artist:2rDxtYUzTAYJJE3Bl3Z5IN,spotify:artist:7AhDVqsNA5q46WKsRPXvoe,3
7525,spotify:artist:2rDxtYUzTAYJJE3Bl3Z5IN,spotify:artist:2k07pWgpJiFIbb9q1yJ36B,3
7526,spotify:artist:2rDxtYUzTAYJJE3Bl3Z5IN,spotify:artist:5GHv1pBOWOQxIE6WQBq88Q,3
7527,spotify:artist:2rDxtYUzTAYJJE3Bl3Z5IN,spotify:artist:0tyLMmQvEuyQR4qjGBdbem,3
7528,spotify:artist:2rDxtYUzTAYJJE3Bl3Z5IN,spotify:artist:2UDplVRprMbazU74Hq8OLl,3
7529,spotify:artist:2rDxtYUzTAYJJE3Bl3Z5IN,spotify:artist:4Ajgo7nAsTzjSFymIfBjZ1,3
7530,spotify:artist:2rDxtYUzTAYJJE3Bl3Z5IN,spotify:artist:6BV1QOFqWihVnBllS5naPh,3
7531,spotify:artist:2rDxtYUzTAYJJE3Bl3Z5IN,spotify:artist:2QoU3awHVdcHS8LrZEKvSM,3
7532,spotify:artist:2rDxtYUzTAYJJE3Bl3Z5IN,spotify:artist:2Lhs0asnFQiLuntn3s8p78,3
7533,spotify:artist:2rDxtYUzTAYJJE3Bl3Z5IN,spotify:artist:3znXuXT3xkCtjgOxXBBVnq,3
7534,spotify:artist:2rDxtYUzTAYJJE3Bl3Z5IN,spotify:artist:2zAvisjImPICTNsRgagqlV,3
7535,spotify:artist:2rDxtYUzTAYJJE3Bl3Z5IN,spotify:artist:6nXSnNEdLuKTzAQozRtqiI,3
7536,spotify:artist:2rDxtYUzTAYJJE3Bl3Z5IN,spotify:artist:2zTCLiQ8OUIWEyV6eZWzFy,3
7537,spotify:artist:2rDxtYUzTAYJJE3Bl3Z5IN,spotify:artist:79JJCxCCfJ8HufX6w8q2k4,3
7538,spotify:artist:2rDxtYUzTAYJJE3Bl3Z5IN,spotify:artist:3uQ5cxFHxXddqPL58egs1z,3
7539,spotify:artist:2rDxtYUzTAYJJE3Bl3Z5IN,spotify:artist:1rXr1ZnvbRoYBaedIl9v4v,3
7540,spotify:artist:3dmSPhg0tdao8ePj4pySJ5,spotify:artist:70gvc4NvTwgBpEB1goYy8z,3
7541,spotify:artist:3dmSPhg0tdao8ePj4pySJ5,spotify:artist:2Lhs0asnFQiLuntn3s8p78,3
7542,spotify:artist:3dmSPhg0tdao8ePj4pySJ5,spotify:artist:77oD8X9qLXZhpbCjv53l5n,3
7543,spotify:artist:3dmSPhg0tdao8ePj4pySJ5,spotify:artist:2zAvisjImPICTNsRgagqlV,3
7544,spotify:artist:3dmSPhg0tdao8ePj4pySJ5,spotify:artist:2ajVJyxI4sHmTMtTA3ENko,3
7545,spotify:artist:3dmSPhg0tdao8ePj4pySJ5,spotify:artist:339qxEdD8z8okRAiTp1HKf,3
7546,spotify:artist:3dmSPhg0tdao8ePj4pySJ5,spotify:artist:1ZsnHGOLYFg8CAHQQBc1ut,3
7547,spotify:artist:3dmSPhg0tdao8ePj4pySJ5,spotify:artist:1XW5L5zIBqMw7sqkkuIi5n,3
7548,spotify:artist:3dmSPhg0tdao8ePj4pySJ5,spotify:artist:1fpXM23IoNckJ7NDAm8YJQ,3
7549,spotify:artist:3dmSPhg0tdao8ePj4pySJ5,spotify:artist:0wz0jO9anccPzH04N7FLBH,3
7550,spotify:artist:3dmSPhg0tdao8ePj4pySJ5,spotify:artist:55dlp5I9jyc4UjzlrcKMnq,3
7551,spotify:artist:3dmSPhg0tdao8ePj4pySJ5,spotify:artist:2oAKV8mT3NB1hZbGbGcdYB,3
7552,spotify:artist:3dmSPhg0tdao8ePj4pySJ5,spotify:artist:2dxi3wnJ9h9kNioaWyIpYd,3
7553,spotify:artist:3dmSPhg0tdao8ePj4pySJ5,spotify:artist:3uQ5cxFHxXddqPL58egs1z,3
7554,spotify:artist:3dmSPhg0tdao8ePj4pySJ5,spotify:artist:0IpDaO9A1OW1h0YChKzVaX,3
7555,spotify:artist:3dmSPhg0tdao8ePj4pySJ5,spotify:artist:04tBaW21jyUfeP5iqiKBVq,3
7556,spotify:artist:3dmSPhg0tdao8ePj4pySJ5,spotify:artist:08w6KQXL60XUftg3Ds3177,3
7557,spotify:artist:3dmSPhg0tdao8ePj4pySJ5,spotify:artist:7gqsi6aBSkRMJoL9psKqMr,3
7558,spotify:artist:3dmSPhg0tdao8ePj4pySJ5,spotify:artist:6g8Jqb5JMfv92eB2r0awTN,3
7559,spotify:artist:3dmSPhg0tdao8ePj4pySJ5,spotify:artist:1OmdWpAh1pucAuZPzJaxIJ,3
7560,spotify:artist:339qxEdD8z8okRAiTp1HKf,spotify:artist:2oAKV8mT3NB1hZbGbGcdYB,3
7561,spotify:artist:339qxEdD8z8okRAiTp1HKf,spotify:artist:6MnQV8O2R0Oci41F4HLB59,3
7562,spotify:artist:339qxEdD8z8okRAiTp1HKf,spotify:artist:3Rdkj77BOQHj5dTLveCJvI,3
7563,spotify:artist:339qxEdD8z8okRAiTp1HKf,spotify:artist:2zTCLiQ8OUIWEyV6eZWzFy,3
7564,spotify:artist:339qxEdD8z8okRAiTp1HKf,spotify:artist:2Lhs0asnFQiLuntn3s8p78,3
7565,spotify:artist:339qxEdD8z8okRAiTp1HKf,spotify:artist:5tgz5nUmXzQkGo7i0RczvC,3
7566,spotify:artist:339qxEdD8z8okRAiTp1HKf,spotify:artist:7EFfGZiKL1Ud3cspnlMq4H,3
7567,spotify:artist:339qxEdD8z8okRAiTp1HKf,spotify:artist:2k07pWgpJiFIbb9q1yJ36B,3
7568,spotify:artist:339qxEdD8z8okRAiTp1HKf,spotify:artist:08w6KQXL60XUftg3Ds3177,3
7569,spotify:artist:339qxEdD8z8okRAiTp1HKf,spotify:artist:72PnPUc1qv9UjRPaGVZ1jq,3
7570,spotify:artist:339qxEdD8z8okRAiTp1HKf,spotify:artist:1OmdWpAh1pucAuZPzJaxIJ,3
7571,spotify:artist:339qxEdD8z8okRAiTp1HKf,spotify:artist:188gwh9RnRT58ZQPwqwHE3,3
7572,spotify:artist:339qxEdD8z8okRAiTp1HKf,spotify:artist:70gvc4NvTwgBpEB1goYy8z,3
7573,spotify:artist:339qxEdD8z8okRAiTp1HKf,spotify:artist:6uHjKRsYGaElOrKWlSEji3,3
7574,spotify:artist:339qxEdD8z8okRAiTp1HKf,spotify:artist:3uQ5cxFHxXddqPL58egs1z,3
7575,spotify:artist:339qxEdD8z8okRAiTp1HKf,spotify:artist:2zAvisjImPICTNsRgagqlV,3
7576,spotify:artist:339qxEdD8z8okRAiTp1HKf,spotify:artist:4tBNwdhdWAXGzzaPTp9dRE,3
7577,spotify:artist:339qxEdD8z8okRAiTp1HKf,spotify:artist:0TeVWuc8Sw05X4Qkl3AA5r,3
7578,spotify:artist:339qxEdD8z8okRAiTp1HKf,spotify:artist:6M5FR3JkFFVDkgwtO6Vtz6,3
7579,spotify:artist:339qxEdD8z8okRAiTp1HKf,spotify:artist:3x0LgZSPgNh91O6NBMtqTs,3
7580,spotify:artist:6Jg1WSoV27sDj7N2WRFPqo,spotify:artist:2l7DkzVuYJW700mR7r43un,3
7581,spotify:artist:6Jg1WSoV27sDj7N2WRFPqo,spotify:artist:6ZWMXMg25PGVCaoYZXQSyn,3
7582,spotify:artist:6Jg1WSoV27sDj7N2WRFPqo,spotify:artist:7gqsi6aBSkRMJoL9psKqMr,3
7583,spotify:artist:6Jg1WSoV27sDj7N2WRFPqo,spotify:artist:4OogVxC2vWAsXsTYXctXi1,3
7584,spotify:artist:6Jg1WSoV27sDj7N2WRFPqo,spotify:artist:1ll45mCZIveI9KHNZx2DdS,3
7585,spotify:artist:6Jg1WSoV27sDj7N2WRFPqo,spotify:artist:2zAvisjImPICTNsRgagqlV,3
7586,spotify:artist:6Jg1WSoV27sDj7N2WRFPqo,spotify:artist:4tBNwdhdWAXGzzaPTp9dRE,3
7587,spotify:artist:6Jg1WSoV27sDj7N2WRFPqo,spotify:artist:2k07pWgpJiFIbb9q1yJ36B,3
7588,spotify:artist:6Jg1WSoV27sDj7N2WRFPqo,spotify:artist:3uQ5cxFHxXddqPL58egs1z,3
7589,spotify:artist:6Jg1WSoV27sDj7N2WRFPqo,spotify:artist:2EEw2tt8AJcH9qXUeB96Oc,3
7590,spotify:artist:6Jg1WSoV27sDj7N2WRFPqo,spotify:artist:4ePunOqQbOYoQwd1298g3Z,3
7591,spotify:artist:6Jg1WSoV27sDj7N2WRFPqo,spotify:artist:1AibLUHX4nyy6OVOV7o47C,3
7592,spotify:artist:6Jg1WSoV27sDj7N2WRFPqo,spotify:artist:0Z6hyoqGpchajBS8Gt3c0l,3
7593,spotify:artist:6Jg1WSoV27sDj7N2WRFPqo,spotify:artist:53PYmJ7bACIX8gkVoTkCIr,3
7594,spotify:artist:6Jg1WSoV27sDj7N2WRFPqo,spotify:artist:2ajVJyxI4sHmTMtTA3ENko,3
7595,spotify:artist:6Jg1WSoV27sDj7N2WRFPqo,spotify:artist:7EFfGZiKL1Ud3cspnlMq4H,3
7596,spotify:artist:6Jg1WSoV27sDj7N2WRFPqo,spotify:artist:2GATzeg62cr6sH29wSOVWe,3
7597,spotify:artist:6Jg1WSoV27sDj7N2WRFPqo,spotify:artist:3mv2eHwrIONSkviASDMRMa,3
7598,spotify:artist:6Jg1WSoV27sDj7N2WRFPqo,spotify:artist:0qt6QSruHshcWT9QOzyfZp,3
7599,spotify:artist:6Jg1WSoV27sDj7N2WRFPqo,spotify:artist:6eaiX6o2BMv5eyOjz9A6s0,3
7600,spotify:artist:0BLh5cn4nqfqoVUREx3hLj,spotify:artist:2Plkkomsc4DKawkCioLKjc,3
7601,spotify:artist:0BLh5cn4nqfqoVUREx3hLj,spotify:artist:7AhDVqsNA5q46WKsRPXvoe,3
7602,spotify:artist:0BLh5cn4nqfqoVUREx3hLj,spotify:artist:4tPRMBm25eaPJaceUBPqTK,3
7603,spotify:artist:0BLh5cn4nqfqoVUREx3hLj,spotify:artist:2UDplVRprMbazU74Hq8OLl,3
7604,spotify:artist:0BLh5cn4nqfqoVUREx3hLj,spotify:artist:5U1pEBuiFLycsQ4mYP3nmK,3
7605,spotify:artist:0BLh5cn4nqfqoVUREx3hLj,spotify:artist:27AzFtMZhRN78bAMPntbpF,3
7606,spotify:artist:0BLh5cn4nqfqoVUREx3hLj,spotify:artist:1Cc79YAHP7xvQAVQSjveP6,3
7607,spotify:artist:0BLh5cn4nqfqoVUREx3hLj,spotify:artist:4S0WYuq4dnunQV6cL3I49i,3
7608,spotify:artist:0BLh5cn4nqfqoVUREx3hLj,spotify:artist:2zTCLiQ8OUIWEyV6eZWzFy,3
7609,spotify:artist:0BLh5cn4nqfqoVUREx3hLj,spotify:artist:2rDxtYUzTAYJJE3Bl3Z5IN,3
7610,spotify:artist:0BLh5cn4nqfqoVUREx3hLj,spotify:artist:0tyLMmQvEuyQR4qjGBdbem,3
7611,spotify:artist:0BLh5cn4nqfqoVUREx3hLj,spotify:artist:5YsFZtitLEPVCFjixwBIkW,3
7612,spotify:artist:0BLh5cn4nqfqoVUREx3hLj,spotify:artist:5GHv1pBOWOQxIE6WQBq88Q,3
7613,spotify:artist:0BLh5cn4nqfqoVUREx3hLj,spotify:artist:7k8oHbK8ratXIVlYX7fVRU,3
7614,spotify:artist:0BLh5cn4nqfqoVUREx3hLj,spotify:artist:6vrwcJbfs2QyRtApdx1hXX,3
7615,spotify:artist:0BLh5cn4nqfqoVUREx3hLj,spotify:artist:5JnjssuFBg104paXN0mKKn,3
7616,spotify:artist:0BLh5cn4nqfqoVUREx3hLj,spotify:artist:0M02NJYkmh4eYhsKVAgVbJ,3
7617,spotify:artist:0BLh5cn4nqfqoVUREx3hLj,spotify:artist:6zKkaqMGGmaKLUSLTcsrls,3
7618,spotify:artist:0BLh5cn4nqfqoVUREx3hLj,spotify:artist:6reL7Hq6obyCxSqurc8i1D,3
7619,spotify:artist:0BLh5cn4nqfqoVUREx3hLj,spotify:artist:0rZpNCCYOe06am554MyKRu,3
7620,spotify:artist:6vrwcJbfs2QyRtApdx1hXX,spotify:artist:2zTCLiQ8OUIWEyV6eZWzFy,3
7621,spotify:artist:6vrwcJbfs2QyRtApdx1hXX,spotify:artist:3eKN3A1F9LHWa2fHo3m1rd,3
7622,spotify:artist:6vrwcJbfs2QyRtApdx1hXX,spotify:artist:0M02NJYkmh4eYhsKVAgVbJ,3
7623,spotify:artist:6vrwcJbfs2QyRtApdx1hXX,spotify:artist:0GkLlslI4LMVTTuUkyQp57,3
7624,spotify:artist:6vrwcJbfs2QyRtApdx1hXX,spotify:artist:2Plkkomsc4DKawkCioLKjc,3
7625,spotify:artist:6vrwcJbfs2QyRtApdx1hXX,spotify:artist:4tPRMBm25eaPJaceUBPqTK,3
7626,spotify:artist:6vrwcJbfs2QyRtApdx1hXX,spotify:artist:7AhDVqsNA5q46WKsRPXvoe,3
7627,spotify:artist:6vrwcJbfs2QyRtApdx1hXX,spotify:artist:4S0WYuq4dnunQV6cL3I49i,3
7628,spotify:artist:6vrwcJbfs2QyRtApdx1hXX,spotify:artist:0BLh5cn4nqfqoVUREx3hLj,3
7629,spotify:artist:6vrwcJbfs2QyRtApdx1hXX,spotify:artist:5U1pEBuiFLycsQ4mYP3nmK,3
7630,spotify:artist:6vrwcJbfs2QyRtApdx1hXX,spotify:artist:0tyLMmQvEuyQR4qjGBdbem,3
7631,spotify:artist:6vrwcJbfs2QyRtApdx1hXX,spotify:artist:2k07pWgpJiFIbb9q1yJ36B,3
7632,spotify:artist:6vrwcJbfs2QyRtApdx1hXX,spotify:artist:2rDxtYUzTAYJJE3Bl3Z5IN,3
7633,spotify:artist:6vrwcJbfs2QyRtApdx1hXX,spotify:artist:30WWg3c6Mtw9HhfwvAS0Rh,3
7634,spotify:artist:6vrwcJbfs2QyRtApdx1hXX,spotify:artist:1Cc79YAHP7xvQAVQSjveP6,3
7635,spotify:artist:6vrwcJbfs2QyRtApdx1hXX,spotify:artist:6BV1QOFqWihVnBllS5naPh,3
7636,spotify:artist:6vrwcJbfs2QyRtApdx1hXX,spotify:artist:339qxEdD8z8okRAiTp1HKf,3
7637,spotify:artist:6vrwcJbfs2QyRtApdx1hXX,spotify:artist:2UDplVRprMbazU74Hq8OLl,3
7638,spotify:artist:6vrwcJbfs2QyRtApdx1hXX,spotify:artist:27AzFtMZhRN78bAMPntbpF,3
7639,spotify:artist:6vrwcJbfs2QyRtApdx1hXX,spotify:artist:0TeVWuc8Sw05X4Qkl3AA5r,3
7640,spotify:artist:2zTCLiQ8OUIWEyV6eZWzFy,spotify:artist:6MnQV8O2R0Oci41F4HLB59,3
7641,spotify:artist:2zTCLiQ8OUIWEyV6eZWzFy,spotify:artist:3Rdkj77BOQHj5dTLveCJvI,3
7642,spotify:artist:2zTCLiQ8OUIWEyV6eZWzFy,spotify:artist:6vrwcJbfs2QyRtApdx1hXX,3
7643,spotify:artist:2zTCLiQ8OUIWEyV6eZWzFy,spotify:artist:339qxEdD8z8okRAiTp1HKf,3
7644,spotify:artist:2zTCLiQ8OUIWEyV6eZWzFy,spotify:artist:3eKN3A1F9LHWa2fHo3m1rd,3
7645,spotify:artist:2zTCLiQ8OUIWEyV6eZWzFy,spotify:artist:0BLh5cn4nqfqoVUREx3hLj,3
7646,spotify:artist:2zTCLiQ8OUIWEyV6eZWzFy,spotify:artist:6qQpSCDIS4V5Md1sfgaCkh,3
7647,spotify:artist:2zTCLiQ8OUIWEyV6eZWzFy,spotify:artist:2k07pWgpJiFIbb9q1yJ36B,3
7648,spotify:artist:2zTCLiQ8OUIWEyV6eZWzFy,spotify:artist:2oAKV8mT3NB1hZbGbGcdYB,3
7649,spotify:artist:2zTCLiQ8OUIWEyV6eZWzFy,spotify:artist:2Plkkomsc4DKawkCioLKjc,3
7650,spotify:artist:2zTCLiQ8OUIWEyV6eZWzFy,spotify:artist:1Cc79YAHP7xvQAVQSjveP6,3
7651,spotify:artist:2zTCLiQ8OUIWEyV6eZWzFy,spotify:artist:0GkLlslI4LMVTTuUkyQp57,3
7652,spotify:artist:2zTCLiQ8OUIWEyV6eZWzFy,spotify:artist:2UDplVRprMbazU74Hq8OLl,3
7653,spotify:artist:2zTCLiQ8OUIWEyV6eZWzFy,spotify:artist:3vidJsiALgVC5ZuweJgeDT,3
7654,spotify:artist:2zTCLiQ8OUIWEyV6eZWzFy,spotify:artist:0rZpNCCYOe06am554MyKRu,3
7655,spotify:artist:2zTCLiQ8OUIWEyV6eZWzFy,spotify:artist:0M02NJYkmh4eYhsKVAgVbJ,3
7656,spotify:artist:2zTCLiQ8OUIWEyV6eZWzFy,spotify:artist:4Ajgo7nAsTzjSFymIfBjZ1,3
7657,spotify:artist:2zTCLiQ8OUIWEyV6eZWzFy,spotify:artist:0tyLMmQvEuyQR4qjGBdbem,3
7658,spotify:artist:2zTCLiQ8OUIWEyV6eZWzFy,spotify:artist:7AhDVqsNA5q46WKsRPXvoe,3
7659,spotify:artist:2zTCLiQ8OUIWEyV6eZWzFy,spotify:artist:5U1pEBuiFLycsQ4mYP3nmK,3
7660,spotify:artist:4tPRMBm25eaPJaceUBPqTK,spotify:artist:4S0WYuq4dnunQV6cL3I49i,3
7661,spotify:artist:4tPRMBm25eaPJaceUBPqTK,spotify:artist:7AhDVqsNA5q46WKsRPXvoe,3
7662,spotify:artist:4tPRMBm25eaPJaceUBPqTK,spotify:artist:5U1pEBuiFLycsQ4mYP3nmK,3
7663,spotify:artist:4tPRMBm25eaPJaceUBPqTK,spotify:artist:0BLh5cn4nqfqoVUREx3hLj,3
7664,spotify:artist:4tPRMBm25eaPJaceUBPqTK,spotify:artist:5JnjssuFBg104paXN0mKKn,3
7665,spotify:artist:4tPRMBm25eaPJaceUBPqTK,spotify:artist:2Plkkomsc4DKawkCioLKjc,3
7666,spotify:artist:4tPRMBm25eaPJaceUBPqTK,spotify:artist:3eKN3A1F9LHWa2fHo3m1rd,3
7667,spotify:artist:4tPRMBm25eaPJaceUBPqTK,spotify:artist:1Cc79YAHP7xvQAVQSjveP6,3
7668,spotify:artist:4tPRMBm25eaPJaceUBPqTK,spotify:artist:6vrwcJbfs2QyRtApdx1hXX,3
7669,spotify:artist:4tPRMBm25eaPJaceUBPqTK,spotify:artist:5YsFZtitLEPVCFjixwBIkW,3
7670,spotify:artist:4tPRMBm25eaPJaceUBPqTK,spotify:artist:2UDplVRprMbazU74Hq8OLl,3
7671,spotify:artist:4tPRMBm25eaPJaceUBPqTK,spotify:artist:27AzFtMZhRN78bAMPntbpF,3
7672,spotify:artist:4tPRMBm25eaPJaceUBPqTK,spotify:artist:2zTCLiQ8OUIWEyV6eZWzFy,3
7673,spotify:artist:4tPRMBm25eaPJaceUBPqTK,spotify:artist:0tyLMmQvEuyQR4qjGBdbem,3
7674,spotify:artist:4tPRMBm25eaPJaceUBPqTK,spotify:artist:0GkLlslI4LMVTTuUkyQp57,3
7675,spotify:artist:4tPRMBm25eaPJaceUBPqTK,spotify:artist:1rXr1ZnvbRoYBaedIl9v4v,3
7676,spotify:artist:4tPRMBm25eaPJaceUBPqTK,spotify:artist:2rDxtYUzTAYJJE3Bl3Z5IN,3
7677,spotify:artist:4tPRMBm25eaPJaceUBPqTK,spotify:artist:5GHv1pBOWOQxIE6WQBq88Q,3
7678,spotify:artist:4tPRMBm25eaPJaceUBPqTK,spotify:artist:0rZpNCCYOe06am554MyKRu,3
7679,spotify:artist:4tPRMBm25eaPJaceUBPqTK,spotify:artist:3vidJsiALgVC5ZuweJgeDT,3
7680,spotify:artist:2Plkkomsc4DKawkCioLKjc,spotify:artist:2UDplVRprMbazU74Hq8OLl,3
7681,spotify:artist:2Plkkomsc4DKawkCioLKjc,spotify:artist:7AhDVqsNA5q46WKsRPXvoe,3
7682,spotify:artist:2Plkkomsc4DKawkCioLKjc,spotify:artist:0BLh5cn4nqfqoVUREx3hLj,3
7683,spotify:artist:2Plkkomsc4DKawkCioLKjc,spotify:artist:0tyLMmQvEuyQR4qjGBdbem,3
7684,spotify:artist:2Plkkomsc4DKawkCioLKjc,spotify:artist:5GHv1pBOWOQxIE6WQBq88Q,3
7685,spotify:artist:2Plkkomsc4DKawkCioLKjc,spotify:artist:27AzFtMZhRN78bAMPntbpF,3
7686,spotify:artist:2Plkkomsc4DKawkCioLKjc,spotify:artist:5YsFZtitLEPVCFjixwBIkW,3
7687,spotify:artist:2Plkkomsc4DKawkCioLKjc,spotify:artist:1rXr1ZnvbRoYBaedIl9v4v,3
7688,spotify:artist:2Plkkomsc4DKawkCioLKjc,spotify:artist:4S0WYuq4dnunQV6cL3I49i,3
7689,spotify:artist:2Plkkomsc4DKawkCioLKjc,spotify:artist:5U1pEBuiFLycsQ4mYP3nmK,3
7690,spotify:artist:2Plkkomsc4DKawkCioLKjc,spotify:artist:4tPRMBm25eaPJaceUBPqTK,3
7691,spotify:artist:2Plkkomsc4DKawkCioLKjc,spotify:artist:1Cc79YAHP7xvQAVQSjveP6,3
7692,spotify:artist:2Plkkomsc4DKawkCioLKjc,spotify:artist:2rDxtYUzTAYJJE3Bl3Z5IN,3
7693,spotify:artist:2Plkkomsc4DKawkCioLKjc,spotify:artist:3znXuXT3xkCtjgOxXBBVnq,3
7694,spotify:artist:2Plkkomsc4DKawkCioLKjc,spotify:artist:2zTCLiQ8OUIWEyV6eZWzFy,3
7695,spotify:artist:2Plkkomsc4DKawkCioLKjc,spotify:artist:3Q8wgwyVVv0z4UEh1HB0KY,3
7696,spotify:artist:2Plkkomsc4DKawkCioLKjc,spotify:artist:3Lg3FGwBxOGuefqekQzRUf,3
7697,spotify:artist:2Plkkomsc4DKawkCioLKjc,spotify:artist:6vrwcJbfs2QyRtApdx1hXX,3
7698,spotify:artist:2Plkkomsc4DKawkCioLKjc,spotify:artist:5JnjssuFBg104paXN0mKKn,3
7699,spotify:artist:2Plkkomsc4DKawkCioLKjc,spotify:artist:3vidJsiALgVC5ZuweJgeDT,3
7700,spotify:artist:2UDplVRprMbazU74Hq8OLl,spotify:artist:2Plkkomsc4DKawkCioLKjc,3
7701,spotify:artist:2UDplVRprMbazU74Hq8OLl,spotify:artist:7AhDVqsNA5q46WKsRPXvoe,3
7702,spotify:artist:2UDplVRprMbazU74Hq8OLl,spotify:artist:0BLh5cn4nqfqoVUREx3hLj,3
7703,spotify:artist:2UDplVRprMbazU74Hq8OLl,spotify:artist:0tyLMmQvEuyQR4qjGBdbem,3
7704,spotify:artist:2UDplVRprMbazU74Hq8OLl,spotify:artist:27AzFtMZhRN78bAMPntbpF,3
7705,spotify:artist:2UDplVRprMbazU74Hq8OLl,spotify:artist:5YsFZtitLEPVCFjixwBIkW,3
7706,spotify:artist:2UDplVRprMbazU74Hq8OLl,spotify:artist:1Cc79YAHP7xvQAVQSjveP6,3
7707,spotify:artist:2UDplVRprMbazU74Hq8OLl,spotify:artist:5GHv1pBOWOQxIE6WQBq88Q,3
7708,spotify:artist:2UDplVRprMbazU74Hq8OLl,spotify:artist:1rXr1ZnvbRoYBaedIl9v4v,3
7709,spotify:artist:2UDplVRprMbazU74Hq8OLl,spotify:artist:3vidJsiALgVC5ZuweJgeDT,3
7710,spotify:artist:2UDplVRprMbazU74Hq8OLl,spotify:artist:2zTCLiQ8OUIWEyV6eZWzFy,3
7711,spotify:artist:2UDplVRprMbazU74Hq8OLl,spotify:artist:6zKkaqMGGmaKLUSLTcsrls,3
7712,spotify:artist:2UDplVRprMbazU74Hq8OLl,spotify:artist:60ht0hWRy1yjUDfNsLuHuP,3
7713,spotify:artist:2UDplVRprMbazU74Hq8OLl,spotify:artist:2rDxtYUzTAYJJE3Bl3Z5IN,3
7714,spotify:artist:2UDplVRprMbazU74Hq8OLl,spotify:artist:3znXuXT3xkCtjgOxXBBVnq,3
7715,spotify:artist:2UDplVRprMbazU74Hq8OLl,spotify:artist:4S0WYuq4dnunQV6cL3I49i,3
7716,spotify:artist:2UDplVRprMbazU74Hq8OLl,spotify:artist:0TeVWuc8Sw05X4Qkl3AA5r,3
7717,spotify:artist:2UDplVRprMbazU74Hq8OLl,spotify:artist:0rZpNCCYOe06am554MyKRu,3
7718,spotify:artist:2UDplVRprMbazU74Hq8OLl,spotify:artist:2qc41rNTtdLK0tV3mJn2Pm,3
7719,spotify:artist:2UDplVRprMbazU74Hq8OLl,spotify:artist:7x4So74vIUx3DaLk93JCFf,3
7720,spotify:artist:1M7LzCFWQ3rTLiUsD6qSST,spotify:artist:1W6z6i8gjySesldcmxtsAW,3
7721,spotify:artist:1M7LzCFWQ3rTLiUsD6qSST,spotify:artist:0M02NJYkmh4eYhsKVAgVbJ,3
7722,spotify:artist:1M7LzCFWQ3rTLiUsD6qSST,spotify:artist:1CgvL3gASrnuI8SKXr8K7F,3
7723,spotify:artist:1M7LzCFWQ3rTLiUsD6qSST,spotify:artist:7k8oHbK8ratXIVlYX7fVRU,3
7724,spotify:artist:1M7LzCFWQ3rTLiUsD6qSST,spotify:artist:5x3OulmmMZoHdhOoQaNyP5,3
7725,spotify:artist:1M7LzCFWQ3rTLiUsD6qSST,spotify:artist:3aCS3JvkoSr84i7ge9pA9o,3
7726,spotify:artist:1M7LzCFWQ3rTLiUsD6qSST,spotify:artist:3d1zFz2gPJbDaQDTsyNmbZ,3
7727,spotify:artist:1M7LzCFWQ3rTLiUsD6qSST,spotify:artist:2UWJVpm81yeOuzFWmaYEAF,3
7728,spotify:artist:1M7LzCFWQ3rTLiUsD6qSST,spotify:artist:2Sp19cOHSqAUlE64hekARW,3
7729,spotify:artist:1M7LzCFWQ3rTLiUsD6qSST,spotify:artist:07tmbQsiTfXekPkbovBERR,3
7730,spotify:artist:1M7LzCFWQ3rTLiUsD6qSST,spotify:artist:0O5sXbPJPWbHKnbLfdLARS,3
7731,spotify:artist:1M7LzCFWQ3rTLiUsD6qSST,spotify:artist:2zTCLiQ8OUIWEyV6eZWzFy,3
7732,spotify:artist:1M7LzCFWQ3rTLiUsD6qSST,spotify:artist:2idymNTKUdnTxforkb12Mw,3
7733,spotify:artist:1M7LzCFWQ3rTLiUsD6qSST,spotify:artist:5BGPsIFgLQh8bWfHHSQYth,3
7734,spotify:artist:1M7LzCFWQ3rTLiUsD6qSST,spotify:artist:5lQ9ygSr6WMqXYsG00nNNY,3
7735,spotify:artist:1M7LzCFWQ3rTLiUsD6qSST,spotify:artist:0BLh5cn4nqfqoVUREx3hLj,3
7736,spotify:artist:1M7LzCFWQ3rTLiUsD6qSST,spotify:artist:6NZ4NDGpMT4p82PCJh57Ec,3
7737,spotify:artist:1M7LzCFWQ3rTLiUsD6qSST,spotify:artist:6uHjKRsYGaElOrKWlSEji3,3
7738,spotify:artist:1M7LzCFWQ3rTLiUsD6qSST,spotify:artist:53PYmJ7bACIX8gkVoTkCIr,3
7739,spotify:artist:1M7LzCFWQ3rTLiUsD6qSST,spotify:artist:4GcBbZ5wVhNABLzm4MpJqG,3
7740,spotify:artist:3eKN3A1F9LHWa2fHo3m1rd,spotify:artist:30WWg3c6Mtw9HhfwvAS0Rh,3
7741,spotify:artist:3eKN3A1F9LHWa2fHo3m1rd,spotify:artist:0GkLlslI4LMVTTuUkyQp57,3
7742,spotify:artist:3eKN3A1F9LHWa2fHo3m1rd,spotify:artist:5U1pEBuiFLycsQ4mYP3nmK,3
7743,spotify:artist:3eKN3A1F9LHWa2fHo3m1rd,spotify:artist:6vrwcJbfs2QyRtApdx1hXX,3
7744,spotify:artist:3eKN3A1F9LHWa2fHo3m1rd,spotify:artist:2zTCLiQ8OUIWEyV6eZWzFy,3
7745,spotify:artist:3eKN3A1F9LHWa2fHo3m1rd,spotify:artist:4S0WYuq4dnunQV6cL3I49i,3
7746,spotify:artist:3eKN3A1F9LHWa2fHo3m1rd,spotify:artist:5JnjssuFBg104paXN0mKKn,3
7747,spotify:artist:3eKN3A1F9LHWa2fHo3m1rd,spotify:artist:4tPRMBm25eaPJaceUBPqTK,3
7748,spotify:artist:3eKN3A1F9LHWa2fHo3m1rd,spotify:artist:6NT250dl6zmfUpeToOwEQb,3
7749,spotify:artist:3eKN3A1F9LHWa2fHo3m1rd,spotify:artist:2Plkkomsc4DKawkCioLKjc,3
7750,spotify:artist:3eKN3A1F9LHWa2fHo3m1rd,spotify:artist:5qIewQM1fiHXXGFRSBpQvu,3
7751,spotify:artist:3eKN3A1F9LHWa2fHo3m1rd,spotify:artist:0BLh5cn4nqfqoVUREx3hLj,3
7752,spotify:artist:3eKN3A1F9LHWa2fHo3m1rd,spotify:artist:47oLtOqeDZeU4CU2Aq3M37,3
7753,spotify:artist:3eKN3A1F9LHWa2fHo3m1rd,spotify:artist:7AhDVqsNA5q46WKsRPXvoe,3
7754,spotify:artist:3eKN3A1F9LHWa2fHo3m1rd,spotify:artist:0M02NJYkmh4eYhsKVAgVbJ,3
7755,spotify:artist:3eKN3A1F9LHWa2fHo3m1rd,spotify:artist:1rXr1ZnvbRoYBaedIl9v4v,3
7756,spotify:artist:3eKN3A1F9LHWa2fHo3m1rd,spotify:artist:2k07pWgpJiFIbb9q1yJ36B,3
7757,spotify:artist:3eKN3A1F9LHWa2fHo3m1rd,spotify:artist:0tyLMmQvEuyQR4qjGBdbem,3
7758,spotify:artist:3eKN3A1F9LHWa2fHo3m1rd,spotify:artist:6reL7Hq6obyCxSqurc8i1D,3
7759,spotify:artist:3eKN3A1F9LHWa2fHo3m1rd,spotify:artist:6j9elOE3U0Fklu0ATR9nQ0,3
7760,spotify:artist:5U1pEBuiFLycsQ4mYP3nmK,spotify:artist:4S0WYuq4dnunQV6cL3I49i,3
7761,spotify:artist:5U1pEBuiFLycsQ4mYP3nmK,spotify:artist:2iTVeMpLAHabMDCNRHsSMR,3
7762,spotify:artist:5U1pEBuiFLycsQ4mYP3nmK,spotify:artist:47oLtOqeDZeU4CU2Aq3M37,3
7763,spotify:artist:5U1pEBuiFLycsQ4mYP3nmK,spotify:artist:5JnjssuFBg104paXN0mKKn,3
7764,spotify:artist:5U1pEBuiFLycsQ4mYP3nmK,spotify:artist:5YsFZtitLEPVCFjixwBIkW,3
7765,spotify:artist:5U1pEBuiFLycsQ4mYP3nmK,spotify:artist:0KQVjH9r0Xz94gazeaYabh,3
7766,spotify:artist:5U1pEBuiFLycsQ4mYP3nmK,spotify:artist:6NT250dl6zmfUpeToOwEQb,3
7767,spotify:artist:5U1pEBuiFLycsQ4mYP3nmK,spotify:artist:7AhDVqsNA5q46WKsRPXvoe,3
7768,spotify:artist:5U1pEBuiFLycsQ4mYP3nmK,spotify:artist:3eKN3A1F9LHWa2fHo3m1rd,3
7769,spotify:artist:5U1pEBuiFLycsQ4mYP3nmK,spotify:artist:2gk28RNJaPStV8BnugHYpF,3
7770,spotify:artist:5U1pEBuiFLycsQ4mYP3nmK,spotify:artist:27AzFtMZhRN78bAMPntbpF,3
7771,spotify:artist:5U1pEBuiFLycsQ4mYP3nmK,spotify:artist:5qIewQM1fiHXXGFRSBpQvu,3
7772,spotify:artist:5U1pEBuiFLycsQ4mYP3nmK,spotify:artist:1rXr1ZnvbRoYBaedIl9v4v,3
7773,spotify:artist:5U1pEBuiFLycsQ4mYP3nmK,spotify:artist:5KQfmZXSSvisByWRzGuOwz,3
7774,spotify:artist:5U1pEBuiFLycsQ4mYP3nmK,spotify:artist:646DskO9l0MxMJij1TozrG,3
7775,spotify:artist:5U1pEBuiFLycsQ4mYP3nmK,spotify:artist:7tbC7I6TeQnpmob12witJn,3
7776,spotify:artist:5U1pEBuiFLycsQ4mYP3nmK,spotify:artist:2Plkkomsc4DKawkCioLKjc,3
7777,spotify:artist:5U1pEBuiFLycsQ4mYP3nmK,spotify:artist:4tPRMBm25eaPJaceUBPqTK,3
7778,spotify:artist:5U1pEBuiFLycsQ4mYP3nmK,spotify:artist:0BLh5cn4nqfqoVUREx3hLj,3
7779,spotify:artist:5U1pEBuiFLycsQ4mYP3nmK,spotify:artist:1Cc79YAHP7xvQAVQSjveP6,3
7780,spotify:artist:7AhDVqsNA5q46WKsRPXvoe,spotify:artist:5U1pEBuiFLycsQ4mYP3nmK,3
7781,spotify:artist:7AhDVqsNA5q46WKsRPXvoe,spotify:artist:4tPRMBm25eaPJaceUBPqTK,3
7782,spotify:artist:7AhDVqsNA5q46WKsRPXvoe,spotify:artist:2Plkkomsc4DKawkCioLKjc,3
7783,spotify:artist:7AhDVqsNA5q46WKsRPXvoe,spotify:artist:5YsFZtitLEPVCFjixwBIkW,3
7784,spotify:artist:7AhDVqsNA5q46WKsRPXvoe,spotify:artist:4S0WYuq4dnunQV6cL3I49i,3
7785,spotify:artist:7AhDVqsNA5q46WKsRPXvoe,spotify:artist:2UDplVRprMbazU74Hq8OLl,3
7786,spotify:artist:7AhDVqsNA5q46WKsRPXvoe,spotify:artist:0BLh5cn4nqfqoVUREx3hLj,3
7787,spotify:artist:7AhDVqsNA5q46WKsRPXvoe,spotify:artist:27AzFtMZhRN78bAMPntbpF,3
7788,spotify:artist:7AhDVqsNA5q46WKsRPXvoe,spotify:artist:1rXr1ZnvbRoYBaedIl9v4v,3
7789,spotify:artist:7AhDVqsNA5q46WKsRPXvoe,spotify:artist:0tyLMmQvEuyQR4qjGBdbem,3
7790,spotify:artist:7AhDVqsNA5q46WKsRPXvoe,spotify:artist:1Cc79YAHP7xvQAVQSjveP6,3
7791,spotify:artist:7AhDVqsNA5q46WKsRPXvoe,spotify:artist:2gk28RNJaPStV8BnugHYpF,3
7792,spotify:artist:7AhDVqsNA5q46WKsRPXvoe,spotify:artist:3Lg3FGwBxOGuefqekQzRUf,3
7793,spotify:artist:7AhDVqsNA5q46WKsRPXvoe,spotify:artist:5JnjssuFBg104paXN0mKKn,3
7794,spotify:artist:7AhDVqsNA5q46WKsRPXvoe,spotify:artist:3Q8wgwyVVv0z4UEh1HB0KY,3
7795,spotify:artist:7AhDVqsNA5q46WKsRPXvoe,spotify:artist:5GHv1pBOWOQxIE6WQBq88Q,3
7796,spotify:artist:7AhDVqsNA5q46WKsRPXvoe,spotify:artist:3znXuXT3xkCtjgOxXBBVnq,3
7797,spotify:artist:7AhDVqsNA5q46WKsRPXvoe,spotify:artist:3vidJsiALgVC5ZuweJgeDT,3
7798,spotify:artist:7AhDVqsNA5q46WKsRPXvoe,spotify:artist:2zTCLiQ8OUIWEyV6eZWzFy,3
7799,spotify:artist:7AhDVqsNA5q46WKsRPXvoe,spotify:artist:6zKkaqMGGmaKLUSLTcsrls,3
7800,spotify:artist:6qQpSCDIS4V5Md1sfgaCkh,spotify:artist:2zTCLiQ8OUIWEyV6eZWzFy,3
7801,spotify:artist:6qQpSCDIS4V5Md1sfgaCkh,spotify:artist:0rZpNCCYOe06am554MyKRu,3
7802,spotify:artist:6qQpSCDIS4V5Md1sfgaCkh,spotify:artist:3vidJsiALgVC5ZuweJgeDT,3
7803,spotify:artist:6qQpSCDIS4V5Md1sfgaCkh,spotify:artist:11ixEVNpyaaCW7VfC7fx8M,3
7804,spotify:artist:6qQpSCDIS4V5Md1sfgaCkh,spotify:artist:6zKkaqMGGmaKLUSLTcsrls,3
7805,spotify:artist:6qQpSCDIS4V5Md1sfgaCkh,spotify:artist:0GkLlslI4LMVTTuUkyQp57,3
7806,spotify:artist:6qQpSCDIS4V5Md1sfgaCkh,spotify:artist:7AhDVqsNA5q46WKsRPXvoe,3
7807,spotify:artist:6qQpSCDIS4V5Md1sfgaCkh,spotify:artist:0BLh5cn4nqfqoVUREx3hLj,3
7808,spotify:artist:6qQpSCDIS4V5Md1sfgaCkh,spotify:artist:73XRWWG1RmRSruCxzM69iK,3
7809,spotify:artist:6qQpSCDIS4V5Md1sfgaCkh,spotify:artist:0TeVWuc8Sw05X4Qkl3AA5r,3
7810,spotify:artist:6qQpSCDIS4V5Md1sfgaCkh,spotify:artist:4S0WYuq4dnunQV6cL3I49i,3
7811,spotify:artist:6qQpSCDIS4V5Md1sfgaCkh,spotify:artist:3eKN3A1F9LHWa2fHo3m1rd,3
7812,spotify:artist:6qQpSCDIS4V5Md1sfgaCkh,spotify:artist:3ltVtf7QHIwJBNQHqjb9UI,3
7813,spotify:artist:6qQpSCDIS4V5Md1sfgaCkh,spotify:artist:1Cc79YAHP7xvQAVQSjveP6,3
7814,spotify:artist:6qQpSCDIS4V5Md1sfgaCkh,spotify:artist:2UDplVRprMbazU74Hq8OLl,3
7815,spotify:artist:6qQpSCDIS4V5Md1sfgaCkh,spotify:artist:61YXt5O4gENijzfR9cjjSV,3
7816,spotify:artist:6qQpSCDIS4V5Md1sfgaCkh,spotify:artist:26mSNyxjAsV5HSb7vAHu1W,3
7817,spotify:artist:6qQpSCDIS4V5Md1sfgaCkh,spotify:artist:0M02NJYkmh4eYhsKVAgVbJ,3
7818,spotify:artist:6qQpSCDIS4V5Md1sfgaCkh,spotify:artist:4p5IivUAFtFlrvtVFnbK0l,3
7819,spotify:artist:6qQpSCDIS4V5Md1sfgaCkh,spotify:artist:03PGcrx7tRbp7oIfTGFsK3,3
7820,spotify:artist:4S0WYuq4dnunQV6cL3I49i,spotify:artist:5U1pEBuiFLycsQ4mYP3nmK,3
7821,spotify:artist:4S0WYuq4dnunQV6cL3I49i,spotify:artist:5YsFZtitLEPVCFjixwBIkW,3
7822,spotify:artist:4S0WYuq4dnunQV6cL3I49i,spotify:artist:5JnjssuFBg104paXN0mKKn,3
7823,spotify:artist:4S0WYuq4dnunQV6cL3I49i,spotify:artist:7AhDVqsNA5q46WKsRPXvoe,3
7824,spotify:artist:4S0WYuq4dnunQV6cL3I49i,spotify:artist:0KQVjH9r0Xz94gazeaYabh,3
7825,spotify:artist:4S0WYuq4dnunQV6cL3I49i,spotify:artist:4tPRMBm25eaPJaceUBPqTK,3
7826,spotify:artist:4S0WYuq4dnunQV6cL3I49i,spotify:artist:2gk28RNJaPStV8BnugHYpF,3
7827,spotify:artist:4S0WYuq4dnunQV6cL3I49i,spotify:artist:6NT250dl6zmfUpeToOwEQb,3
7828,spotify:artist:4S0WYuq4dnunQV6cL3I49i,spotify:artist:2Plkkomsc4DKawkCioLKjc,3
7829,spotify:artist:4S0WYuq4dnunQV6cL3I49i,spotify:artist:1Cc79YAHP7xvQAVQSjveP6,3
7830,spotify:artist:4S0WYuq4dnunQV6cL3I49i,spotify:artist:0BLh5cn4nqfqoVUREx3hLj,3
7831,spotify:artist:4S0WYuq4dnunQV6cL3I49i,spotify:artist:3eKN3A1F9LHWa2fHo3m1rd,3
7832,spotify:artist:4S0WYuq4dnunQV6cL3I49i,spotify:artist:27AzFtMZhRN78bAMPntbpF,3
7833,spotify:artist:4S0WYuq4dnunQV6cL3I49i,spotify:artist:0rZpNCCYOe06am554MyKRu,3
7834,spotify:artist:4S0WYuq4dnunQV6cL3I49i,spotify:artist:1rXr1ZnvbRoYBaedIl9v4v,3
7835,spotify:artist:4S0WYuq4dnunQV6cL3I49i,spotify:artist:5KQfmZXSSvisByWRzGuOwz,3
7836,spotify:artist:4S0WYuq4dnunQV6cL3I49i,spotify:artist:0tyLMmQvEuyQR4qjGBdbem,3
7837,spotify:artist:4S0WYuq4dnunQV6cL3I49i,spotify:artist:6vrwcJbfs2QyRtApdx1hXX,3
7838,spotify:artist:4S0WYuq4dnunQV6cL3I49i,spotify:artist:2UDplVRprMbazU74Hq8OLl,3
7839,spotify:artist:4S0WYuq4dnunQV6cL3I49i,spotify:artist:2zTCLiQ8OUIWEyV6eZWzFy,3
7840,spotify:artist:1W6z6i8gjySesldcmxtsAW,spotify:artist:1M7LzCFWQ3rTLiUsD6qSST,3
7841,spotify:artist:1W6z6i8gjySesldcmxtsAW,spotify:artist:1CgvL3gASrnuI8SKXr8K7F,3
7842,spotify:artist:1W6z6i8gjySesldcmxtsAW,spotify:artist:0M02NJYkmh4eYhsKVAgVbJ,3
7843,spotify:artist:1W6z6i8gjySesldcmxtsAW,spotify:artist:7k8oHbK8ratXIVlYX7fVRU,3
7844,spotify:artist:1W6z6i8gjySesldcmxtsAW,spotify:artist:0BLh5cn4nqfqoVUREx3hLj,3
7845,spotify:artist:1W6z6i8gjySesldcmxtsAW,spotify:artist:6qQpSCDIS4V5Md1sfgaCkh,3
7846,spotify:artist:1W6z6i8gjySesldcmxtsAW,spotify:artist:3eKN3A1F9LHWa2fHo3m1rd,3
7847,spotify:artist:1W6z6i8gjySesldcmxtsAW,spotify:artist:7tfS18oUEffScrxryTgwyC,3
7848,spotify:artist:1W6z6i8gjySesldcmxtsAW,spotify:artist:2UDplVRprMbazU74Hq8OLl,3
7849,spotify:artist:1W6z6i8gjySesldcmxtsAW,spotify:artist:3N6WAAPHoIjo6na008793X,3
7850,spotify:artist:1W6z6i8gjySesldcmxtsAW,spotify:artist:6vrwcJbfs2QyRtApdx1hXX,3
7851,spotify:artist:1W6z6i8gjySesldcmxtsAW,spotify:artist:2zTCLiQ8OUIWEyV6eZWzFy,3
7852,spotify:artist:1W6z6i8gjySesldcmxtsAW,spotify:artist:0rZpNCCYOe06am554MyKRu,3
7853,spotify:artist:1W6z6i8gjySesldcmxtsAW,spotify:artist:4W1poTLCG6XjhBUVehcaMB,3
7854,spotify:artist:1W6z6i8gjySesldcmxtsAW,spotify:artist:3TFAJTLpniOsGlMeh8Tqnk,3
7855,spotify:artist:1W6z6i8gjySesldcmxtsAW,spotify:artist:5ZOh5D4MKLhU3GekPzNFam,3
7856,spotify:artist:1W6z6i8gjySesldcmxtsAW,spotify:artist:4yvuCAFk8vERXXBf138h8S,3
7857,spotify:artist:1W6z6i8gjySesldcmxtsAW,spotify:artist:3d1zFz2gPJbDaQDTsyNmbZ,3
7858,spotify:artist:1W6z6i8gjySesldcmxtsAW,spotify:artist:2idymNTKUdnTxforkb12Mw,3
7859,spotify:artist:1W6z6i8gjySesldcmxtsAW,spotify:artist:4nnvwFUhvSQ1WLcMbKJB9V,3
7860,spotify:artist:3x0LgZSPgNh91O6NBMtqTs,spotify:artist:2Plkkomsc4DKawkCioLKjc,3
7861,spotify:artist:3x0LgZSPgNh91O6NBMtqTs,spotify:artist:2UDplVRprMbazU74Hq8OLl,3
7862,spotify:artist:3x0LgZSPgNh91O6NBMtqTs,spotify:artist:1Cc79YAHP7xvQAVQSjveP6,3
7863,spotify:artist:3x0LgZSPgNh91O6NBMtqTs,spotify:artist:0BLh5cn4nqfqoVUREx3hLj,3
7864,spotify:artist:3x0LgZSPgNh91O6NBMtqTs,spotify:artist:2zTCLiQ8OUIWEyV6eZWzFy,3
7865,spotify:artist:3x0LgZSPgNh91O6NBMtqTs,spotify:artist:0utGdg6jsUnLXl9CAxJcjk,3
7866,spotify:artist:3x0LgZSPgNh91O6NBMtqTs,spotify:artist:4uyMcYXJM1rO5fvC9lOKwF,3
7867,spotify:artist:3x0LgZSPgNh91O6NBMtqTs,spotify:artist:3vidJsiALgVC5ZuweJgeDT,3
7868,spotify:artist:3x0LgZSPgNh91O6NBMtqTs,spotify:artist:27AzFtMZhRN78bAMPntbpF,3
7869,spotify:artist:3x0LgZSPgNh91O6NBMtqTs,spotify:artist:5YsFZtitLEPVCFjixwBIkW,3
7870,spotify:artist:3x0LgZSPgNh91O6NBMtqTs,spotify:artist:7AhDVqsNA5q46WKsRPXvoe,3
7871,spotify:artist:3x0LgZSPgNh91O6NBMtqTs,spotify:artist:339qxEdD8z8okRAiTp1HKf,3
7872,spotify:artist:3x0LgZSPgNh91O6NBMtqTs,spotify:artist:72PnPUc1qv9UjRPaGVZ1jq,3
7873,spotify:artist:3x0LgZSPgNh91O6NBMtqTs,spotify:artist:1rXr1ZnvbRoYBaedIl9v4v,3
7874,spotify:artist:3x0LgZSPgNh91O6NBMtqTs,spotify:artist:4Cedjq5BQL3MhapRvDpFED,3
7875,spotify:artist:3x0LgZSPgNh91O6NBMtqTs,spotify:artist:2rDxtYUzTAYJJE3Bl3Z5IN,3
7876,spotify:artist:3x0LgZSPgNh91O6NBMtqTs,spotify:artist:1FJkZkRR5uu59CuuBh1cyu,3
7877,spotify:artist:3x0LgZSPgNh91O6NBMtqTs,spotify:artist:3znXuXT3xkCtjgOxXBBVnq,3
7878,spotify:artist:3x0LgZSPgNh91O6NBMtqTs,spotify:artist:2k07pWgpJiFIbb9q1yJ36B,3
7879,spotify:artist:3x0LgZSPgNh91O6NBMtqTs,spotify:artist:26mSNyxjAsV5HSb7vAHu1W,3
7880,spotify:artist:0tyLMmQvEuyQR4qjGBdbem,spotify:artist:2Plkkomsc4DKawkCioLKjc,3
7881,spotify:artist:0tyLMmQvEuyQR4qjGBdbem,spotify:artist:5GHv1pBOWOQxIE6WQBq88Q,3
7882,spotify:artist:0tyLMmQvEuyQR4qjGBdbem,spotify:artist:2qc41rNTtdLK0tV3mJn2Pm,3
7883,spotify:artist:0tyLMmQvEuyQR4qjGBdbem,spotify:artist:7AhDVqsNA5q46WKsRPXvoe,3
7884,spotify:artist:0tyLMmQvEuyQR4qjGBdbem,spotify:artist:2UDplVRprMbazU74Hq8OLl,3
7885,spotify:artist:0tyLMmQvEuyQR4qjGBdbem,spotify:artist:27AzFtMZhRN78bAMPntbpF,3
7886,spotify:artist:0tyLMmQvEuyQR4qjGBdbem,spotify:artist:1rXr1ZnvbRoYBaedIl9v4v,3
7887,spotify:artist:0tyLMmQvEuyQR4qjGBdbem,spotify:artist:0BLh5cn4nqfqoVUREx3hLj,3
7888,spotify:artist:0tyLMmQvEuyQR4qjGBdbem,spotify:artist:3Lg3FGwBxOGuefqekQzRUf,3
7889,spotify:artist:0tyLMmQvEuyQR4qjGBdbem,spotify:artist:3Q8wgwyVVv0z4UEh1HB0KY,3
7890,spotify:artist:0tyLMmQvEuyQR4qjGBdbem,spotify:artist:6zKkaqMGGmaKLUSLTcsrls,3
7891,spotify:artist:0tyLMmQvEuyQR4qjGBdbem,spotify:artist:3znXuXT3xkCtjgOxXBBVnq,3
7892,spotify:artist:0tyLMmQvEuyQR4qjGBdbem,spotify:artist:4S0WYuq4dnunQV6cL3I49i,3
7893,spotify:artist:0tyLMmQvEuyQR4qjGBdbem,spotify:artist:5U1pEBuiFLycsQ4mYP3nmK,3
7894,spotify:artist:0tyLMmQvEuyQR4qjGBdbem,spotify:artist:2zTCLiQ8OUIWEyV6eZWzFy,3
7895,spotify:artist:0tyLMmQvEuyQR4qjGBdbem,spotify:artist:1Cc79YAHP7xvQAVQSjveP6,3
7896,spotify:artist:0tyLMmQvEuyQR4qjGBdbem,spotify:artist:5YsFZtitLEPVCFjixwBIkW,3
7897,spotify:artist:0tyLMmQvEuyQR4qjGBdbem,spotify:artist:5JnjssuFBg104paXN0mKKn,3
7898,spotify:artist:0tyLMmQvEuyQR4qjGBdbem,spotify:artist:4tPRMBm25eaPJaceUBPqTK,3
7899,spotify:artist:0tyLMmQvEuyQR4qjGBdbem,spotify:artist:2rDxtYUzTAYJJE3Bl3Z5IN,3
7900,spotify:artist:6JjE9yVvCNV5EbUpvS7JcQ,spotify:artist:1dXJ2h4bN2wFHvKhKOjWXH,3
7901,spotify:artist:6JjE9yVvCNV5EbUpvS7JcQ,spotify:artist:26LAEpgOOhp1fFa0wGHsgJ,3
7902,spotify:artist:6JjE9yVvCNV5EbUpvS7JcQ,spotify:artist:0l5iOYpiSkQFYR3uPNoMDe,3
7903,spotify:artist:6JjE9yVvCNV5EbUpvS7JcQ,spotify:artist:5YsFZtitLEPVCFjixwBIkW,3
7904,spotify:artist:6JjE9yVvCNV5EbUpvS7JcQ,spotify:artist:1Cc79YAHP7xvQAVQSjveP6,3
7905,spotify:artist:6JjE9yVvCNV5EbUpvS7JcQ,spotify:artist:0M02NJYkmh4eYhsKVAgVbJ,3
7906,spotify:artist:6JjE9yVvCNV5EbUpvS7JcQ,spotify:artist:6vrwcJbfs2QyRtApdx1hXX,3
7907,spotify:artist:6JjE9yVvCNV5EbUpvS7JcQ,spotify:artist:6ahjxeoGjFkQcsPH51P9SO,3
7908,spotify:artist:6JjE9yVvCNV5EbUpvS7JcQ,spotify:artist:2Plkkomsc4DKawkCioLKjc,3
7909,spotify:artist:6JjE9yVvCNV5EbUpvS7JcQ,spotify:artist:72PnPUc1qv9UjRPaGVZ1jq,3
7910,spotify:artist:6JjE9yVvCNV5EbUpvS7JcQ,spotify:artist:2GkbVJYd1bZbQvVYS7ORZ2,3
7911,spotify:artist:6JjE9yVvCNV5EbUpvS7JcQ,spotify:artist:3x0LgZSPgNh91O6NBMtqTs,3
7912,spotify:artist:6JjE9yVvCNV5EbUpvS7JcQ,spotify:artist:4iBybSAOMnljGi1uVX5BoM,3
7913,spotify:artist:6JjE9yVvCNV5EbUpvS7JcQ,spotify:artist:4S0WYuq4dnunQV6cL3I49i,3
7914,spotify:artist:6JjE9yVvCNV5EbUpvS7JcQ,spotify:artist:1FJkZkRR5uu59CuuBh1cyu,3
7915,spotify:artist:6JjE9yVvCNV5EbUpvS7JcQ,spotify:artist:5QE1IOAlYbgpOCbIlv1r2j,3
7916,spotify:artist:6JjE9yVvCNV5EbUpvS7JcQ,spotify:artist:5U1pEBuiFLycsQ4mYP3nmK,3
7917,spotify:artist:6JjE9yVvCNV5EbUpvS7JcQ,spotify:artist:6cd8cLjU1djVQEBUn1UsJZ,3
7918,spotify:artist:6JjE9yVvCNV5EbUpvS7JcQ,spotify:artist:0OE0tHj1bFwvEPd1hyUoNp,3
7919,spotify:artist:6JjE9yVvCNV5EbUpvS7JcQ,spotify:artist:7AhDVqsNA5q46WKsRPXvoe,3
7920,spotify:artist:1CgvL3gASrnuI8SKXr8K7F,spotify:artist:1W6z6i8gjySesldcmxtsAW,3
7921,spotify:artist:1CgvL3gASrnuI8SKXr8K7F,spotify:artist:1M7LzCFWQ3rTLiUsD6qSST,3
7922,spotify:artist:1CgvL3gASrnuI8SKXr8K7F,spotify:artist:5ZOh5D4MKLhU3GekPzNFam,3
7923,spotify:artist:1CgvL3gASrnuI8SKXr8K7F,spotify:artist:7k8oHbK8ratXIVlYX7fVRU,3
7924,spotify:artist:1CgvL3gASrnuI8SKXr8K7F,spotify:artist:0M02NJYkmh4eYhsKVAgVbJ,3
7925,spotify:artist:1CgvL3gASrnuI8SKXr8K7F,spotify:artist:2idymNTKUdnTxforkb12Mw,3
7926,spotify:artist:1CgvL3gASrnuI8SKXr8K7F,spotify:artist:3d1zFz2gPJbDaQDTsyNmbZ,3
7927,spotify:artist:1CgvL3gASrnuI8SKXr8K7F,spotify:artist:2Sp19cOHSqAUlE64hekARW,3
7928,spotify:artist:1CgvL3gASrnuI8SKXr8K7F,spotify:artist:3N6WAAPHoIjo6na008793X,3
7929,spotify:artist:1CgvL3gASrnuI8SKXr8K7F,spotify:artist:6uHjKRsYGaElOrKWlSEji3,3
7930,spotify:artist:1CgvL3gASrnuI8SKXr8K7F,spotify:artist:38euc5ce2q2MMzaoJcPstz,3
7931,spotify:artist:1CgvL3gASrnuI8SKXr8K7F,spotify:artist:5DSSaD2HBvTDwGTsxLGjHb,3
7932,spotify:artist:1CgvL3gASrnuI8SKXr8K7F,spotify:artist:2gOOxhK4K9RdxAgNDgYmlJ,3
7933,spotify:artist:1CgvL3gASrnuI8SKXr8K7F,spotify:artist:0BLh5cn4nqfqoVUREx3hLj,3
7934,spotify:artist:1CgvL3gASrnuI8SKXr8K7F,spotify:artist:2Ij97fuR3unjlboQfIYs31,3
7935,spotify:artist:1CgvL3gASrnuI8SKXr8K7F,spotify:artist:4yvuCAFk8vERXXBf138h8S,3
7936,spotify:artist:1CgvL3gASrnuI8SKXr8K7F,spotify:artist:3aCS3JvkoSr84i7ge9pA9o,3
7937,spotify:artist:1CgvL3gASrnuI8SKXr8K7F,spotify:artist:0O0g9JMOVNoIgLG6dgaYMY,3
7938,spotify:artist:1CgvL3gASrnuI8SKXr8K7F,spotify:artist:1CYmYyxlWBVY80Kvq5lTDg,3
7939,spotify:artist:1CgvL3gASrnuI8SKXr8K7F,spotify:artist:4nnvwFUhvSQ1WLcMbKJB9V,3
7940,spotify:artist:1Cc79YAHP7xvQAVQSjveP6,spotify:artist:3vidJsiALgVC5ZuweJgeDT,3
7941,spotify:artist:1Cc79YAHP7xvQAVQSjveP6,spotify:artist:5YsFZtitLEPVCFjixwBIkW,3
7942,spotify:artist:1Cc79YAHP7xvQAVQSjveP6,spotify:artist:5U1pEBuiFLycsQ4mYP3nmK,3
7943,spotify:artist:1Cc79YAHP7xvQAVQSjveP6,spotify:artist:7AhDVqsNA5q46WKsRPXvoe,3
7944,spotify:artist:1Cc79YAHP7xvQAVQSjveP6,spotify:artist:4S0WYuq4dnunQV6cL3I49i,3
7945,spotify:artist:1Cc79YAHP7xvQAVQSjveP6,spotify:artist:0BLh5cn4nqfqoVUREx3hLj,3
7946,spotify:artist:1Cc79YAHP7xvQAVQSjveP6,spotify:artist:2Plkkomsc4DKawkCioLKjc,3
7947,spotify:artist:1Cc79YAHP7xvQAVQSjveP6,spotify:artist:2gk28RNJaPStV8BnugHYpF,3
7948,spotify:artist:1Cc79YAHP7xvQAVQSjveP6,spotify:artist:6uXJm6sZx9IVPrN2laTOP5,3
7949,spotify:artist:1Cc79YAHP7xvQAVQSjveP6,spotify:artist:27AzFtMZhRN78bAMPntbpF,3
7950,spotify:artist:1Cc79YAHP7xvQAVQSjveP6,spotify:artist:2UDplVRprMbazU74Hq8OLl,3
7951,spotify:artist:1Cc79YAHP7xvQAVQSjveP6,spotify:artist:0l5iOYpiSkQFYR3uPNoMDe,3
7952,spotify:artist:1Cc79YAHP7xvQAVQSjveP6,spotify:artist:6zKkaqMGGmaKLUSLTcsrls,3
7953,spotify:artist:1Cc79YAHP7xvQAVQSjveP6,spotify:artist:61YXt5O4gENijzfR9cjjSV,3
7954,spotify:artist:1Cc79YAHP7xvQAVQSjveP6,spotify:artist:2zTCLiQ8OUIWEyV6eZWzFy,3
7955,spotify:artist:1Cc79YAHP7xvQAVQSjveP6,spotify:artist:1QSEKTN8PPjVzniAkpJ90p,3
7956,spotify:artist:1Cc79YAHP7xvQAVQSjveP6,spotify:artist:1rXr1ZnvbRoYBaedIl9v4v,3
7957,spotify:artist:1Cc79YAHP7xvQAVQSjveP6,spotify:artist:6RwBVkrxTbbtS4bwxYQXcp,3
7958,spotify:artist:1Cc79YAHP7xvQAVQSjveP6,spotify:artist:0tyLMmQvEuyQR4qjGBdbem,3
7959,spotify:artist:1Cc79YAHP7xvQAVQSjveP6,spotify:artist:3znXuXT3xkCtjgOxXBBVnq,3
7960,spotify:artist:0GkLlslI4LMVTTuUkyQp57,spotify:artist:30WWg3c6Mtw9HhfwvAS0Rh,3
7961,spotify:artist:0GkLlslI4LMVTTuUkyQp57,spotify:artist:3eKN3A1F9LHWa2fHo3m1rd,3
7962,spotify:artist:0GkLlslI4LMVTTuUkyQp57,spotify:artist:2zTCLiQ8OUIWEyV6eZWzFy,3
7963,spotify:artist:0GkLlslI4LMVTTuUkyQp57,spotify:artist:6vrwcJbfs2QyRtApdx1hXX,3
7964,spotify:artist:0GkLlslI4LMVTTuUkyQp57,spotify:artist:2k07pWgpJiFIbb9q1yJ36B,3
7965,spotify:artist:0GkLlslI4LMVTTuUkyQp57,spotify:artist:4tBNwdhdWAXGzzaPTp9dRE,3
7966,spotify:artist:0GkLlslI4LMVTTuUkyQp57,spotify:artist:43qdXLql01k9JPTeqBG22H,3
7967,spotify:artist:0GkLlslI4LMVTTuUkyQp57,spotify:artist:5U1pEBuiFLycsQ4mYP3nmK,3
7968,spotify:artist:0GkLlslI4LMVTTuUkyQp57,spotify:artist:6BV1QOFqWihVnBllS5naPh,3
7969,spotify:artist:0GkLlslI4LMVTTuUkyQp57,spotify:artist:4tPRMBm25eaPJaceUBPqTK,3
7970,spotify:artist:0GkLlslI4LMVTTuUkyQp57,spotify:artist:2rDxtYUzTAYJJE3Bl3Z5IN,3
7971,spotify:artist:0GkLlslI4LMVTTuUkyQp57,spotify:artist:5JnjssuFBg104paXN0mKKn,3
7972,spotify:artist:0GkLlslI4LMVTTuUkyQp57,spotify:artist:4l8UbJGiXxbfyDJPvcVH23,3
7973,spotify:artist:0GkLlslI4LMVTTuUkyQp57,spotify:artist:6qQpSCDIS4V5Md1sfgaCkh,3
7974,spotify:artist:0GkLlslI4LMVTTuUkyQp57,spotify:artist:7EFfGZiKL1Ud3cspnlMq4H,3
7975,spotify:artist:0GkLlslI4LMVTTuUkyQp57,spotify:artist:1Ga71MIHyTN9VVuEtW57GK,3
7976,spotify:artist:0GkLlslI4LMVTTuUkyQp57,spotify:artist:0t4oHObO3FImWvIhMimaSL,3
7977,spotify:artist:0GkLlslI4LMVTTuUkyQp57,spotify:artist:3uQ5cxFHxXddqPL58egs1z,3
7978,spotify:artist:0GkLlslI4LMVTTuUkyQp57,spotify:artist:0BLh5cn4nqfqoVUREx3hLj,3
7979,spotify:artist:0GkLlslI4LMVTTuUkyQp57,spotify:artist:0TeVWuc8Sw05X4Qkl3AA5r,3
7980,spotify:artist:2rDxtYUzTAYJJE3Bl3Z5IN,spotify:artist:4OogVxC2vWAsXsTYXctXi1,3
7981,spotify:artist:2rDxtYUzTAYJJE3Bl3Z5IN,spotify:artist:3F4PBcfdeFdmxjRPS2UdMl,3
7982,spotify:artist:2rDxtYUzTAYJJE3Bl3Z5IN,spotify:artist:2Plkkomsc4DKawkCioLKjc,3
7983,spotify:artist:2rDxtYUzTAYJJE3Bl3Z5IN,spotify:artist:0BLh5cn4nqfqoVUREx3hLj,3
7984,spotify:artist:2rDxtYUzTAYJJE3Bl3Z5IN,spotify:artist:7AhDVqsNA5q46WKsRPXvoe,3
7985,spotify:artist:2rDxtYUzTAYJJE3Bl3Z5IN,spotify:artist:2k07pWgpJiFIbb9q1yJ36B,3
7986,spotify:artist:2rDxtYUzTAYJJE3Bl3Z5IN,spotify:artist:5GHv1pBOWOQxIE6WQBq88Q,3
7987,spotify:artist:2rDxtYUzTAYJJE3Bl3Z5IN,spotify:artist:0tyLMmQvEuyQR4qjGBdbem,3
7988,spotify:artist:2rDxtYUzTAYJJE3Bl3Z5IN,spotify:artist:2UDplVRprMbazU74Hq8OLl,3
7989,spotify:artist:2rDxtYUzTAYJJE3Bl3Z5IN,spotify:artist:4Ajgo7nAsTzjSFymIfBjZ1,3
7990,spotify:artist:2rDxtYUzTAYJJE3Bl3Z5IN,spotify:artist:6BV1QOFqWihVnBllS5naPh,3
7991,spotify:artist:2rDxtYUzTAYJJE3Bl3Z5IN,spotify:artist:2QoU3awHVdcHS8LrZEKvSM,3
7992,spotify:artist:2rDxtYUzTAYJJE3Bl3Z5IN,spotify:artist:2Lhs0asnFQiLuntn3s8p78,3
7993,spotify:artist:2rDxtYUzTAYJJE3Bl3Z5IN,spotify:artist:3znXuXT3xkCtjgOxXBBVnq,3
7994,spotify:artist:2rDxtYUzTAYJJE3Bl3Z5IN,spotify:artist:2zAvisjImPICTNsRgagqlV,3
7995,spotify:artist:2rDxtYUzTAYJJE3Bl3Z5IN,spotify:artist:6nXSnNEdLuKTzAQozRtqiI,3
7996,spotify:artist:2rDxtYUzTAYJJE3Bl3Z5IN,spotify:artist:2zTCLiQ8OUIWEyV6eZWzFy,3
7997,spotify:artist:2rDxtYUzTAYJJE3Bl3Z5IN,spotify:artist:79JJCxCCfJ8HufX6w8q2k4,3
7998,spotify:artist:2rDxtYUzTAYJJE3Bl3Z5IN,spotify:artist:3uQ5cxFHxXddqPL58egs1z,3
7999,spotify:artist:2rDxtYUzTAYJJE3Bl3Z5IN,spotify:artist:1rXr1ZnvbRoYBaedIl9v4v,3
